	AEBP1	ARNT2	ARX	ASCL1	ASCL2	E2F7	ETV1	FEV	FOXJ1	GATA2	HES4	HLF	ISL1	LMX1A	LMX1B	MAFA	MAFB	MYT1	NEUROD1	NEUROD2	NEUROG3	NHLH1	NR4A3	ONECUT1	PAX4	PAX6	PBX3	RFX6	SETBP1	SIX2	SMAD9	SOX4	SPIB	TFCP2L1	TP73	ZNF519	ZNF846
GO_ACTION_POTENTIAL	0	4	8	4	7	0	17	7	7	8	0	0	0	9	5	13	16	2	7	6	12	4	10	9	0	9	0	6	0	8	10	11	9	9	0	0	4
GO_ADULT_BEHAVIOR	5	3	8	5	7	8	14	9	6	12	2	0	3	12	5	14	15	4	7	4	12	4	18	6	6	16	9	11	0	13	9	6	9	11	6	8	5
GO_ALCOHOL_BINDING	0	3	5	0	3	3	6	4	4	6	6	0	4	5	7	5	6	0	0	0	7	4	8	0	5	0	6	8	0	4	6	10	9	9	2	5	3
GO_AXON	6	15	37	17	22	17	53	39	20	40	8	12	16	43	34	51	63	8	25	17	42	13	45	24	20	32	23	53	0	45	52	27	41	37	13	13	23
GO_AXON_DEVELOPMENT	5	0	28	8	15	11	39	25	11	27	0	6	8	28	23	26	30	6	18	0	35	9	28	12	13	22	22	27	0	28	27	21	24	28	0	8	0
GO_BEHAVIOR	9	0	22	11	14	21	31	26	13	31	6	7	8	37	17	40	47	9	18	14	30	10	40	21	19	36	19	28	3	32	28	17	28	29	10	17	22
GO_BIOLOGICAL_ADHESION	9	0	43	19	28	25	59	40	18	43	10	23	0	55	40	60	66	8	34	23	58	23	53	43	27	34	36	45	7	48	49	49	50	56	22	20	0
GO_CALCIUM_CHANNEL_COMPLEX	0	5	4	2	3	3	8	4	4	7	0	2	2	9	5	4	11	0	4	4	5	0	7	6	4	5	3	7	0	9	8	5	7	5	0	3	3
GO_CALCIUM_DEPENDENT_CELL_CELL_ADHESION_VIA_PLASMA_MEMBRANE_CELL_ADHESION_MOLECULES	0	2	0	3	3	3	3	0	0	0	0	0	0	0	0	4	3	0	2	3	4	0	0	2	0	0	0	0	4	3	0	3	3	5	0	0	0
GO_CALCIUM_ION_BINDING	5	15	25	13	20	19	38	25	10	21	9	10	11	32	25	30	38	7	18	13	37	13	26	20	0	21	27	32	6	30	33	35	28	30	9	15	14
GO_CALCIUM_ION_TRANSMEMBRANE_TRANSPORT	3	5	10	5	7	10	17	15	6	14	0	4	7	14	12	14	19	0	0	8	17	6	16	16	7	14	9	19	0	22	17	10	16	13	0	9	0
GO_CALCIUM_ION_TRANSMEMBRANE_TRANSPORTER_ACTIVITY	3	4	6	4	4	6	11	10	4	11	0	0	5	9	6	9	15	2	4	6	12	4	10	12	5	9	5	13	0	15	12	7	12	10	0	6	4
GO_CARDIAC_CONDUCTION	0	3	7	5	8	5	13	10	0	14	2	0	5	9	6	13	21	0	7	5	12	6	13	10	4	13	6	13	0	12	15	9	11	11	0	9	5
GO_CATION_CHANNEL_ACTIVITY	7	6	20	18	14	15	39	25	12	30	0	7	11	27	15	34	39	8	20	14	31	11	25	23	10	27	11	27	0	27	30	20	27	24	6	15	15
GO_CATION_CHANNEL_COMPLEX	4	8	15	14	10	6	24	18	9	23	0	7	6	24	13	19	30	4	14	7	22	6	18	16	11	22	0	15	0	21	21	13	23	18	0	9	12
GO_CATION_TRANSMEMBRANE_TRANSPORT	8	10	30	22	23	25	52	38	14	40	0	12	16	40	29	47	63	7	24	16	44	16	45	34	15	42	25	42	0	41	41	30	41	38	12	25	25
GO_CATION_TRANSMEMBRANE_TRANSPORTER_ACTIVITY	7	8	24	19	18	18	43	30	13	32	0	7	11	30	19	40	49	8	21	16	38	11	32	26	12	32	19	31	0	32	35	26	31	29	8	19	19
GO_CATION_TRANSPORT	10	12	34	27	30	27	64	49	16	47	0	15	19	48	37	56	71	9	30	19	52	19	54	38	16	47	29	48	0	48	48	37	50	44	15	29	30
GO_CELLULAR_COMPONENT_MORPHOGENESIS	6	10	36	12	22	16	53	34	18	35	0	10	11	37	34	38	42	11	24	0	41	18	44	19	18	28	30	36	0	37	42	29	32	33	10	11	15
GO_CELL_BODY	6	9	29	16	16	16	43	26	14	32	6	10	9	33	20	38	47	11	23	16	36	14	43	19	14	30	24	37	0	33	34	21	33	31	11	16	15
GO_CELL_CELL_ADHESION_VIA_PLASMA_MEMBRANE_ADHESION_MOLECULES	3	7	0	5	9	0	14	0	7	14	4	7	0	16	8	12	19	4	9	8	17	0	12	16	7	0	8	9	6	16	12	12	14	15	0	0	0
GO_CELL_CELL_SIGNALING	16	25	57	33	51	38	102	72	30	72	12	18	19	81	63	93	103	17	48	35	82	33	92	43	35	69	51	73	6	75	87	63	71	78	22	34	46
GO_CELL_JUNCTION_ASSEMBLY	6	10	14	7	10	8	24	15	8	17	4	8	6	22	16	28	27	0	11	0	17	0	29	17	0	16	0	18	4	18	19	15	18	24	7	7	0
GO_CELL_JUNCTION_ORGANIZATION	7	15	28	17	20	16	43	27	13	28	7	11	12	40	28	42	47	8	18	0	34	12	42	29	12	23	20	40	7	29	34	25	29	34	12	15	15
GO_CELL_MORPHOGENESIS	6	12	38	17	25	17	58	38	17	40	0	13	13	39	35	46	49	11	27	13	50	18	50	24	21	30	31	39	0	38	42	33	38	40	15	0	0
GO_CELL_MORPHOGENESIS_INVOLVED_IN_DIFFERENTIATION	6	0	32	10	19	15	46	30	13	31	0	10	11	31	28	32	40	9	24	10	42	13	41	19	17	24	27	33	0	29	34	25	29	31	11	0	0
GO_CELL_MORPHOGENESIS_INVOLVED_IN_NEURON_DIFFERENTIATION	6	7	29	9	19	14	42	27	13	27	0	10	10	28	25	28	32	9	21	8	37	12	36	17	15	23	24	32	3	29	32	22	25	27	9	9	0
GO_CELL_PART_MORPHOGENESIS	6	10	33	12	21	15	49	31	16	33	0	10	11	34	31	35	37	11	21	0	39	17	40	17	17	28	27	35	0	34	37	26	28	32	10	10	14
GO_CELL_PROJECTION_ORGANIZATION	0	23	49	21	34	40	77	56	29	57	0	19	20	62	66	63	76	14	34	21	67	32	68	34	34	45	49	74	0	53	60	52	50	64	26	23	31
GO_CENTRAL_NERVOUS_SYSTEM_NEURON_DIFFERENTIATION	3	0	15	0	8	7	14	9	8	9	0	0	8	13	11	11	10	4	6	4	13	7	9	6	5	8	7	10	0	8	11	8	9	10	0	4	6
GO_CHEMICAL_HOMEOSTASIS	9	0	27	16	22	0	53	38	0	45	8	0	0	36	29	45	58	0	0	0	37	16	43	32	18	39	29	40	0	33	35	30	46	39	12	21	0
GO_CHEMICAL_SYNAPTIC_TRANSMISSION_POSTSYNAPTIC	2	0	0	3	0	4	13	9	3	9	0	0	0	7	0	8	6	2	4	4	13	0	10	0	4	8	5	6	0	6	9	6	5	6	3	0	4
GO_CIRCULATORY_SYSTEM_PROCESS	7	9	0	9	13	14	31	18	9	26	5	0	11	22	0	35	46	7	17	9	29	14	27	22	0	28	21	22	0	29	35	22	25	26	0	14	0
GO_CYTOSKELETAL_PROTEIN_BINDING	0	11	29	13	25	25	55	37	19	32	7	14	22	42	40	51	58	0	19	12	34	16	41	27	14	28	33	49	0	36	36	36	36	39	12	15	34
GO_DENDRITIC_TREE	6	9	27	10	11	15	46	27	16	29	6	10	11	36	30	48	51	7	20	12	29	0	42	24	15	27	24	44	0	27	39	17	35	31	9	11	22
GO_DISTAL_AXON	4	9	18	7	11	7	26	23	13	20	4	6	5	22	19	23	36	4	8	9	23	6	26	12	9	16	12	29	0	20	27	16	21	17	6	0	16
GO_DIVALENT_INORGANIC_CATION_TRANSMEMBRANE_TRANSPORTER_ACTIVITY	3	4	7	4	4	6	12	11	4	11	0	0	5	10	7	9	16	2	0	6	12	4	11	12	5	9	5	13	0	15	12	7	13	11	0	6	0
GO_EXTRACELLULAR_MATRIX	0	0	22	0	16	14	26	17	10	24	7	7	11	26	19	27	32	0	17	14	32	15	29	14	11	0	17	20	0	18	16	22	26	29	9	0	13
GO_GATED_CHANNEL_ACTIVITY	9	7	21	18	16	14	42	26	12	31	0	11	12	31	17	36	42	8	21	15	31	13	27	25	10	26	13	27	0	31	32	23	28	24	6	15	15
GO_GLUTAMATERGIC_SYNAPSE	3	6	22	11	11	12	21	21	7	21	0	0	8	16	17	22	26	7	11	9	29	8	28	9	9	20	12	24	0	22	24	12	19	23	0	6	12
GO_GLUTAMATE_RECEPTOR_SIGNALING_PATHWAY	4	0	7	5	3	4	0	12	0	5	0	2	0	6	4	7	6	3	0	0	6	0	8	0	4	7	0	9	0	8	8	5	0	10	0	4	6
GO_HEART_PROCESS	3	5	10	6	8	10	19	13	5	16	0	0	6	15	0	20	29	0	10	6	18	8	17	12	0	20	11	16	0	19	24	13	14	14	0	10	0
GO_HOMOPHILIC_CELL_ADHESION_VIA_PLASMA_MEMBRANE_ADHESION_MOLECULES	3	5	6	5	9	5	13	0	7	11	0	7	0	13	7	10	15	4	8	6	14	0	10	15	4	5	6	6	6	14	11	9	11	13	0	0	0
GO_HORMONE_ACTIVITY	4	3	5	0	0	7	13	7	3	7	2	5	0	13	0	12	15	0	5	0	0	0	8	5	5	9	0	5	2	8	0	7	9	6	0	0	6
GO_HORMONE_TRANSPORT	5	0	16	9	12	8	26	21	8	27	0	0	0	29	15	27	30	0	13	0	18	8	19	12	11	21	15	20	0	20	20	16	24	17	0	6	14
GO_INORGANIC_ION_TRANSMEMBRANE_TRANSPORT	9	0	31	21	21	19	52	34	15	37	0	15	17	38	30	42	59	7	22	15	41	18	41	32	13	37	25	38	0	39	38	28	39	31	10	22	18
GO_INSULIN_SECRETION	4	4	14	9	10	5	20	17	5	18	0	0	4	21	13	21	24	0	12	0	17	5	15	8	11	16	11	17	0	14	18	10	19	15	0	6	13
GO_INTRINSIC_COMPONENT_OF_PLASMA_MEMBRANE	14	16	58	29	35	27	86	60	30	69	0	20	21	64	50	78	92	17	42	30	71	26	71	47	28	54	45	55	6	61	63	56	62	61	21	0	33
GO_INTRINSIC_COMPONENT_OF_PRESYNAPTIC_MEMBRANE	0	0	8	3	5	3	6	5	6	7	0	0	0	7	4	9	13	0	0	3	8	0	8	4	0	6	0	6	0	6	8	6	8	7	2	0	4
GO_INTRINSIC_COMPONENT_OF_SYNAPTIC_MEMBRANE	3	3	10	5	6	4	12	11	6	10	0	0	0	12	7	17	20	2	0	6	13	0	14	6	0	11	7	11	0	12	12	10	12	12	3	0	8
GO_ION_GATED_CHANNEL_ACTIVITY	2	0	4	0	0	2	3	0	3	5	0	0	4	6	4	5	5	0	0	0	5	3	0	6	0	3	5	0	0	8	0	0	0	0	0	0	0
GO_ION_TRANSMEMBRANE_TRANSPORT	12	13	39	25	28	28	68	45	20	48	0	17	20	51	36	59	73	10	31	23	49	20	55	39	19	48	32	46	0	49	48	39	49	45	14	27	30
GO_ION_TRANSMEMBRANE_TRANSPORTER_ACTIVITY	10	9	29	21	19	19	52	32	16	36	0	11	15	39	25	46	56	9	23	18	40	14	36	31	14	33	23	32	0	37	38	29	38	32	9	20	22
GO_ION_TRANSPORT	16	15	43	30	35	31	83	55	22	57	10	21	25	62	45	71	88	12	39	25	63	22	68	44	23	55	39	53	0	60	62	48	65	57	18	31	33
GO_LIGAND_GATED_CATION_CHANNEL_ACTIVITY	5	0	9	10	6	9	14	13	0	10	0	0	4	10	5	14	11	4	7	4	11	0	9	6	4	15	0	10	0	8	13	9	9	9	3	5	8
GO_LIGAND_GATED_ION_CHANNEL_ACTIVITY	6	0	9	10	7	10	18	15	0	12	0	6	5	13	7	15	13	4	8	6	13	0	11	9	5	15	0	11	0	12	14	10	10	11	3	6	8
GO_LOCOMOTORY_BEHAVIOR	3	0	10	4	5	10	15	13	4	12	0	3	0	16	0	13	16	3	8	7	13	0	18	8	8	17	8	11	0	12	12	0	9	12	0	5	9
GO_MAIN_AXON	0	2	7	3	9	0	8	5	3	7	3	0	2	6	0	8	11	0	8	7	5	3	6	5	3	6	0	9	0	5	8	4	10	6	2	0	4
GO_MEMBRANE_DEPOLARIZATION	2	0	5	6	6	3	14	6	3	10	0	0	0	11	5	9	16	2	4	4	9	5	11	10	0	8	5	10	0	8	10	9	11	8	0	6	0
GO_MEMBRANE_DEPOLARIZATION_DURING_ACTION_POTENTIAL	0	2	3	3	4	0	9	3	0	4	0	0	0	5	3	5	9	0	3	3	7	4	6	6	0	5	3	6	0	3	5	5	5	4	0	3	0
GO_MEMBRANE_DEPOLARIZATION_DURING_CARDIAC_MUSCLE_CELL_ACTION_POTENTIAL	0	0	2	2	3	0	7	2	0	4	0	0	0	4	3	4	7	0	0	3	4	2	5	5	0	5	3	4	0	3	5	3	3	4	0	3	0
GO_METAL_ION_TRANSMEMBRANE_TRANSPORTER_ACTIVITY	6	6	20	17	13	11	33	25	11	28	0	6	10	24	15	28	41	7	17	13	31	11	24	22	9	26	15	27	0	27	29	18	28	22	0	15	13
GO_METAL_ION_TRANSPORT	8	0	29	25	23	22	50	37	14	41	7	13	16	40	30	42	58	6	26	16	43	17	45	35	0	41	24	38	0	37	40	28	41	33	11	23	21
GO_MICROTUBULE	0	0	13	0	9	8	24	0	0	13	0	5	7	15	14	21	22	0	9	0	0	0	0	0	8	0	12	26	0	12	13	13	14	18	8	9	17
GO_MICROTUBULE_BASED_PROCESS	0	13	20	0	0	17	35	30	0	21	6	8	12	24	27	37	35	6	17	12	0	0	25	14	13	18	22	40	0	22	27	24	25	31	10	17	21
GO_MICROTUBULE_BINDING	0	4	13	0	6	10	23	10	0	13	0	7	7	14	13	20	18	3	8	5	12	6	14	6	6	8	13	21	0	12	12	15	13	18	5	7	15
GO_MICROTUBULE_CYTOSKELETON_ORGANIZATION	0	9	0	8	11	14	23	22	0	0	0	0	11	0	19	29	26	0	12	9	0	0	17	11	9	0	14	33	0	0	21	19	20	23	9	12	17
GO_MONOVALENT_INORGANIC_CATION_TRANSMEMBRANE_TRANSPORTER_ACTIVITY	0	5	14	15	12	0	24	15	7	19	0	0	0	17	0	24	32	5	15	9	22	9	17	13	0	20	13	17	0	14	18	16	17	0	5	12	9
GO_MONOVALENT_INORGANIC_CATION_TRANSPORT	0	0	19	18	18	12	35	21	9	25	0	7	10	25	18	31	41	4	18	9	29	13	26	19	0	25	18	25	0	19	21	20	23	19	7	16	15
GO_MULTICELLULAR_ORGANISMAL_SIGNALING	0	5	12	6	9	7	21	13	7	16	0	0	8	14	10	20	28	0	11	7	19	7	16	14	5	15	6	17	0	16	20	13	15	14	0	9	7
GO_NEUROGENESIS	0	24	55	27	38	40	88	61	31	59	14	18	28	66	64	79	83	16	48	30	79	36	76	35	36	45	58	80	0	57	71	57	61	64	20	28	37
GO_NEURON_DEVELOPMENT	7	17	43	17	26	30	68	46	21	50	9	15	22	55	53	57	66	15	34	17	61	26	60	28	28	36	42	59	0	44	53	39	50	45	18	17	25
GO_NEURON_DIFFERENTIATION	0	20	52	23	35	37	80	54	24	54	11	16	24	62	59	69	75	15	45	25	71	34	71	30	33	40	50	70	0	50	67	48	56	56	18	22	30
GO_NEURON_PROJECTION	11	26	59	33	38	34	101	65	35	74	12	27	27	86	61	97	111	16	47	32	80	28	92	51	35	70	56	92	0	75	86	53	71	68	23	31	47
GO_NEURON_PROJECTION_GUIDANCE	3	0	14	0	9	7	26	13	6	17	0	5	8	19	11	11	14	4	8	0	22	6	16	9	6	10	15	16	0	15	16	14	14	16	0	6	0
GO_NEURON_PROJECTION_TERMINUS	3	4	14	4	6	4	14	8	6	9	0	3	6	12	10	10	19	5	7	6	13	4	14	8	5	12	8	13	0	12	15	7	12	12	3	0	9
GO_NEURON_SPINE	2	3	9	5	6	0	15	10	9	10	3	6	0	15	14	16	19	0	0	6	13	0	16	10	7	14	12	18	0	10	12	10	13	8	4	7	9
GO_NEURON_TO_NEURON_SYNAPSE	4	9	19	9	11	15	26	26	12	20	5	0	7	27	21	29	33	4	9	0	28	0	35	14	15	18	17	31	0	21	26	18	21	25	13	11	18
GO_NEUROTRANSMITTER_SECRETION	0	4	12	5	11	6	19	12	7	12	4	0	4	11	13	23	16	4	6	4	11	4	20	6	4	11	7	16	0	12	16	8	15	17	5	6	8
GO_NEUROTRANSMITTER_TRANSPORT	0	4	16	7	13	7	22	14	8	14	5	0	6	14	15	25	20	4	9	5	15	6	22	7	0	13	10	18	0	14	18	11	17	18	5	7	8
GO_PASSIVE_TRANSMEMBRANE_TRANSPORTER_ACTIVITY	10	7	25	19	16	15	46	28	13	37	0	11	13	34	21	39	46	10	22	15	33	13	29	28	12	28	13	28	0	33	32	24	31	26	8	17	16
GO_PEPTIDE_HORMONE_SECRETION	4	4	16	9	12	6	23	19	7	21	0	0	0	25	14	23	28	0	12	0	18	7	16	11	11	19	13	18	0	17	20	14	22	15	0	6	13
GO_PEPTIDE_SECRETION	4	0	20	11	14	11	27	25	11	28	0	0	7	34	23	29	36	4	18	0	23	13	23	18	14	24	18	25	0	20	27	19	29	21	0	0	13
GO_PERIKARYON	0	4	13	6	5	5	16	8	6	12	0	3	0	10	9	13	17	0	6	5	16	6	16	6	0	10	5	12	0	9	11	7	13	10	3	6	7
GO_PLASMA_MEMBRANE_PROTEIN_COMPLEX	5	9	22	21	17	12	42	30	13	26	0	8	0	29	0	35	44	7	23	11	31	0	28	19	12	29	0	25	0	26	33	21	35	28	8	0	16
GO_PLASMA_MEMBRANE_REGION	9	16	33	18	19	20	49	42	22	46	8	18	14	50	44	59	68	7	0	19	46	0	56	35	26	40	35	45	0	40	46	45	39	48	15	16	27
GO_POSITIVE_REGULATION_OF_CELL_DEVELOPMENT	0	7	17	9	0	11	27	0	14	18	5	0	8	19	20	21	28	5	15	8	23	12	31	0	9	17	13	25	0	16	18	15	23	22	8	0	0
GO_POSITIVE_REGULATION_OF_NEURON_DIFFERENTIATION	0	7	13	6	0	11	21	0	9	14	0	0	7	16	17	14	22	5	12	6	18	11	25	0	7	16	0	20	0	12	15	0	17	15	5	0	9
GO_POSITIVE_REGULATION_OF_NEURON_PROJECTION_DEVELOPMENT	0	6	9	6	6	9	18	0	7	12	0	4	0	13	13	0	15	3	10	6	15	10	21	0	0	12	0	15	0	9	13	0	14	13	0	0	0
GO_POSITIVE_REGULATION_OF_SYNAPTIC_TRANSMISSION	2	4	8	4	8	6	13	8	6	10	0	0	0	9	11	15	16	0	5	5	13	0	16	8	8	9	6	11	0	12	10	6	9	11	0	4	8
GO_POSITIVE_REGULATION_OF_TRANSPORT	8	0	32	18	27	18	40	29	12	33	9	11	11	34	24	41	50	0	22	12	29	16	36	0	15	28	0	35	0	23	32	30	35	35	0	14	20
GO_POSTSYNAPSE	7	14	30	16	17	20	48	41	21	36	8	15	11	47	37	49	56	8	16	12	40	12	54	28	19	33	29	47	0	39	42	30	33	39	13	14	24
GO_POSTSYNAPTIC_DENSITY_MEMBRANE	3	3	6	4	3	4	9	12	4	9	0	0	3	8	6	11	14	0	0	0	9	0	13	6	6	9	0	12	0	9	12	7	8	10	4	4	8
GO_POSTSYNAPTIC_MEMBRANE	6	7	12	9	7	9	28	25	14	22	4	12	7	25	23	31	32	4	8	9	22	8	31	18	14	19	16	23	0	22	26	24	20	24	6	7	15
GO_POSTSYNAPTIC_SPECIALIZATION_MEMBRANE	3	3	7	5	4	6	12	15	5	9	0	0	3	10	7	14	15	0	4	3	11	0	15	6	6	11	4	12	0	11	13	9	9	11	4	5	9
GO_POTASSIUM_CHANNEL_ACTIVITY	2	0	9	11	6	0	16	11	6	13	0	4	3	11	7	16	20	3	12	5	11	6	9	7	3	12	5	10	0	7	13	9	11	9	3	6	8
GO_POTASSIUM_CHANNEL_COMPLEX	0	3	8	9	6	0	11	11	4	11	0	4	0	10	6	11	16	2	9	3	11	3	8	7	3	12	0	5	0	6	10	7	11	8	3	3	7
GO_POTASSIUM_ION_TRANSMEMBRANE_TRANSPORTER_ACTIVITY	2	0	9	11	6	0	16	12	6	14	0	4	3	11	7	17	22	3	12	5	12	6	11	7	4	14	7	12	0	8	14	9	11	10	4	7	9
GO_POTASSIUM_ION_TRANSPORT	0	0	11	14	10	0	22	14	8	19	0	6	4	16	10	23	26	0	14	5	16	8	13	10	0	14	11	15	0	12	15	10	15	12	5	8	12
GO_PRESYNAPSE	6	12	28	14	19	10	38	25	16	27	10	11	14	38	31	39	48	7	16	12	31	13	38	23	15	26	19	39	3	30	35	24	33	29	8	9	20
GO_PRESYNAPTIC_MEMBRANE	3	3	12	5	7	4	10	11	8	15	5	5	0	13	9	14	18	3	0	5	12	6	16	8	4	11	6	12	0	10	10	10	11	12	0	0	5
GO_REGULATION_OF_BLOOD_CIRCULATION	5	5	10	7	8	10	23	14	7	18	0	0	7	16	9	20	30	3	10	6	23	8	18	15	0	21	11	17	2	20	23	13	13	15	0	11	0
GO_REGULATION_OF_CATION_TRANSMEMBRANE_TRANSPORT	4	0	13	9	12	8	19	16	6	17	0	6	0	18	12	19	26	0	11	8	17	7	20	15	8	19	10	19	0	18	19	14	21	17	7	8	12
GO_REGULATION_OF_CELL_DEVELOPMENT	0	13	29	16	20	22	50	35	22	31	9	12	12	33	38	46	42	8	29	13	47	18	49	17	20	31	32	51	0	28	39	32	36	40	15	17	18
GO_REGULATION_OF_CELL_PROJECTION_ORGANIZATION	0	11	18	12	14	18	40	28	16	27	0	12	9	25	35	30	34	5	19	14	38	16	42	15	17	27	21	36	0	24	30	23	28	29	12	11	15
GO_REGULATION_OF_EXOCYTOSIS	0	5	11	5	10	5	18	9	5	12	4	0	6	12	13	21	20	0	8	5	8	0	15	0	5	11	7	16	0	10	11	0	13	13	5	7	10
GO_REGULATION_OF_HEART_RATE_BY_CARDIAC_CONDUCTION	0	0	4	2	4	0	8	5	2	6	0	0	0	5	3	6	10	0	3	2	5	3	6	5	0	6	0	5	0	3	6	4	4	4	0	4	0
GO_REGULATION_OF_HORMONE_LEVELS	9	0	22	11	14	11	32	26	11	32	0	0	8	36	17	34	38	0	17	0	24	9	24	14	14	26	17	27	0	27	25	18	27	20	0	8	16
GO_REGULATION_OF_HORMONE_SECRETION	4	0	13	9	10	7	22	19	7	21	0	0	0	26	11	22	24	0	11	0	15	6	15	10	9	15	11	15	0	19	14	12	20	13	0	5	10
GO_REGULATION_OF_INSULIN_SECRETION	3	0	10	8	7	0	17	14	4	15	0	0	0	19	10	17	19	0	9	0	13	0	12	7	9	12	9	13	0	13	13	8	15	13	0	5	9
GO_REGULATION_OF_ION_TRANSMEMBRANE_TRANSPORT	5	7	19	17	16	9	36	21	10	26	0	9	8	28	17	27	41	4	20	11	23	12	29	21	9	25	16	28	0	28	28	22	31	20	7	13	14
GO_REGULATION_OF_ION_TRANSPORT	7	8	23	22	23	13	50	28	12	33	6	14	12	37	25	35	52	7	26	13	30	14	41	25	13	30	21	35	0	36	36	29	41	28	10	18	17
GO_REGULATION_OF_MEMBRANE_POTENTIAL	7	0	16	15	14	9	44	26	12	32	0	8	7	30	17	32	41	6	16	13	31	11	30	21	12	24	18	25	0	29	29	22	25	23	8	16	13
GO_REGULATION_OF_METAL_ION_TRANSPORT	4	0	14	9	13	9	21	14	7	20	4	8	7	21	15	15	26	0	12	9	19	8	25	16	0	19	10	17	0	18	18	15	23	16	7	7	11
GO_REGULATION_OF_NERVOUS_SYSTEM_DEVELOPMENT	0	16	31	16	19	22	50	37	23	35	9	11	13	36	41	45	44	9	27	14	49	20	54	17	20	32	32	52	0	31	41	30	36	41	14	20	22
GO_REGULATION_OF_NEURON_DIFFERENTIATION	0	10	25	13	16	18	42	29	15	26	6	9	11	28	33	33	33	7	23	9	38	17	43	14	18	28	26	44	0	22	35	23	28	32	11	13	15
GO_REGULATION_OF_NEURON_PROJECTION_DEVELOPMENT	0	9	17	10	12	15	34	23	12	22	0	9	7	19	27	27	27	5	18	8	30	14	38	10	13	24	16	33	0	19	28	17	22	25	10	8	13
GO_REGULATION_OF_NEUROTRANSMITTER_LEVELS	0	5	14	5	12	6	19	13	8	13	5	0	4	13	15	24	19	4	8	5	13	5	21	6	0	11	9	16	0	13	18	10	17	17	5	6	8
GO_REGULATION_OF_NEUROTRANSMITTER_TRANSPORT	0	0	9	3	7	6	13	7	4	8	3	0	3	6	7	15	13	3	5	3	7	0	11	0	3	6	6	9	0	6	10	0	8	12	4	3	6
GO_REGULATION_OF_PEPTIDE_HORMONE_SECRETION	3	0	12	8	9	5	20	16	6	17	0	0	0	22	11	19	22	0	9	0	14	5	13	9	9	14	10	14	0	16	14	11	17	13	0	5	9
GO_REGULATION_OF_PEPTIDE_SECRETION	0	0	15	10	11	9	22	21	8	21	0	0	0	27	17	23	27	0	12	0	17	9	17	12	12	18	13	18	0	17	20	15	21	18	0	0	9
GO_REGULATION_OF_POSTSYNAPTIC_MEMBRANE_POTENTIAL	4	0	6	4	0	4	15	12	0	9	0	3	0	10	5	9	8	3	4	4	14	0	11	0	6	9	6	7	0	8	9	7	7	6	3	0	0
GO_REGULATION_OF_REGULATED_SECRETORY_PATHWAY	0	5	10	5	8	5	15	8	4	9	3	0	5	8	8	17	17	2	5	0	6	0	11	0	0	7	6	11	0	8	11	6	11	11	3	6	7
GO_REGULATION_OF_SECRETION	6	8	26	15	23	17	45	33	14	36	8	8	9	43	27	45	48	7	23	10	27	15	40	19	16	30	20	33	0	32	29	23	38	32	8	0	18
GO_REGULATION_OF_SYNAPTIC_PLASTICITY	0	4	11	4	9	5	13	9	6	11	5	0	0	8	11	14	18	0	8	6	14	5	18	9	10	14	0	16	0	10	12	0	14	11	6	0	8
GO_REGULATION_OF_SYNAPTIC_VESICLE_CYCLE	0	0	9	4	6	6	13	11	3	11	5	0	4	9	10	16	13	2	5	0	7	0	13	0	5	9	6	12	0	6	12	6	12	12	3	3	9
GO_REGULATION_OF_SYNAPTIC_VESICLE_EXOCYTOSIS	0	0	7	0	4	5	10	6	3	8	3	0	0	5	6	12	11	0	3	0	4	0	8	0	0	6	4	7	0	5	8	0	8	10	3	0	6
GO_REGULATION_OF_SYSTEM_PROCESS	8	7	16	14	19	17	42	22	9	29	6	0	9	28	16	32	46	5	23	12	41	20	33	21	0	33	24	29	3	30	35	26	28	33	10	15	14
GO_REGULATION_OF_TRANSMEMBRANE_TRANSPORT	5	7	20	18	19	0	39	21	11	29	0	9	8	30	19	30	44	0	22	12	25	13	32	22	10	27	20	30	0	31	30	26	32	25	10	16	15
GO_REGULATION_OF_TRANSPORT	13	0	55	37	45	32	96	67	24	76	20	22	23	79	56	85	99	12	47	22	60	30	82	43	36	59	46	78	0	67	71	65	84	73	20	30	39
GO_REGULATION_OF_TRANS_SYNAPTIC_SIGNALING	7	8	20	13	19	13	37	24	9	25	7	5	0	25	22	35	37	9	14	10	32	10	37	20	17	26	21	33	0	26	30	15	24	28	14	10	19
GO_RETROGRADE_AXONAL_TRANSPORT	0	2	3	0	0	0	3	0	0	4	0	0	0	3	2	4	5	0	2	0	0	0	3	2	0	0	0	4	0	6	3	0	0	0	0	2	0
GO_SECRETION	10	0	41	19	34	23	62	44	22	55	12	0	0	59	42	62	67	10	37	18	45	24	56	30	20	43	0	48	0	43	49	41	55	48	16	0	0
GO_SIGNAL_RELEASE	6	8	25	14	22	17	42	34	14	35	6	6	0	38	23	44	43	7	19	9	29	13	37	19	14	31	21	32	0	30	35	25	36	30	7	10	20
GO_SITE_OF_POLARIZED_GROWTH	0	4	8	0	0	5	15	15	8	12	0	4	0	14	11	12	20	0	0	0	11	0	12	5	4	0	7	18	0	10	13	9	11	0	0	0	8
GO_SOMATODENDRITIC_COMPARTMENT	8	14	39	19	21	21	63	43	19	45	8	14	17	53	38	63	74	12	27	19	48	17	63	33	26	46	38	61	0	44	51	27	47	44	14	21	29
GO_SYNAPSE	14	28	54	31	42	35	88	65	32	71	12	25	25	86	68	87	111	18	40	32	79	31	93	50	36	62	54	83	8	80	80	59	65	71	25	28	46
GO_SYNAPSE_ASSEMBLY	5	8	6	4	0	0	12	10	7	10	0	5	0	12	7	13	12	3	5	5	12	0	18	8	5	7	0	10	4	12	10	8	8	12	0	0	0
GO_SYNAPSE_ORGANIZATION	6	13	20	11	12	11	32	22	12	20	4	7	9	29	19	26	31	8	13	8	26	0	30	19	12	14	15	33	6	23	24	16	20	21	6	10	13
GO_SYNAPTIC_MEMBRANE	7	8	18	11	11	11	32	28	15	28	5	14	7	31	25	38	40	5	11	11	29	10	38	21	16	23	19	28	0	29	30	27	24	30	7	8	18
GO_SYNAPTIC_SIGNALING	12	16	27	19	29	21	60	39	19	43	8	12	12	44	37	56	63	14	25	21	48	16	61	27	22	40	30	46	5	51	47	32	42	46	16	22	27
GO_SYNAPTIC_VESICLE_EXOCYTOSIS	0	0	9	3	7	5	14	8	5	10	3	0	3	7	9	17	13	2	4	3	8	0	14	0	0	9	5	10	0	8	10	5	11	15	3	4	7
GO_SYNAPTIC_VESICLE_LOCALIZATION	2	3	3	4	0	0	8	8	0	6	2	0	2	9	9	9	7	2	3	0	0	0	7	0	4	4	5	5	0	3	7	4	5	4	0	2	4
GO_SYNAPTIC_VESICLE_TRANSPORT	0	2	3	3	0	0	7	5	0	4	0	0	2	7	8	6	5	0	3	0	0	0	4	0	3	3	3	4	0	0	5	3	3	4	0	2	3
GO_TAXIS	6	0	22	0	14	11	37	19	11	27	0	8	10	32	19	23	28	5	13	0	34	10	22	15	10	16	22	26	3	20	21	21	24	26	0	11	0
GO_TRANSMEMBRANE_TRANSPORT	13	0	44	29	31	30	77	51	20	58	0	17	21	61	43	70	86	12	34	24	56	23	62	45	23	53	39	52	0	54	56	44	55	55	20	30	32
GO_TRANSMISSION_OF_NERVE_IMPULSE	0	4	5	0	4	3	12	5	4	5	0	0	4	8	4	8	10	0	6	3	9	0	6	6	0	4	0	6	0	7	7	5	5	4	0	0	0
GO_TRANSPORTER_ACTIVITY	11	0	35	24	21	23	60	37	18	44	0	11	16	46	32	56	67	10	27	18	47	17	46	35	19	37	30	38	0	42	44	35	45	43	15	24	25
GO_TRANSPORTER_COMPLEX	5	8	18	16	13	9	35	23	12	28	0	11	7	28	16	26	36	5	19	10	27	7	24	18	13	25	9	18	0	27	26	18	26	22	6	10	15
GO_TRANSPORT_VESICLE	0	6	19	7	12	0	26	16	10	21	6	0	11	25	18	22	29	4	12	0	21	10	22	13	8	18	12	24	0	20	19	13	18	17	0	0	9
GO_TRANSPORT_VESICLE_MEMBRANE	0	0	13	5	5	0	17	12	6	11	5	0	7	16	14	14	20	3	6	0	12	6	13	8	5	10	9	15	0	14	13	8	14	11	0	5	6
GO_TUBULIN_BINDING	0	5	14	0	9	12	28	15	7	16	4	9	10	16	17	27	24	0	9	0	16	8	20	9	7	9	16	28	0	14	16	17	19	19	6	8	18
GO_VESICLE_MEDIATED_TRANSPORT_IN_SYNAPSE	0	4	13	7	11	6	20	17	6	15	5	0	7	16	17	25	20	3	7	4	15	5	24	5	9	16	10	19	0	12	17	12	18	20	4	7	12
GO_VOLTAGE_GATED_CALCIUM_CHANNEL_ACTIVITY	0	3	4	2	3	2	8	4	3	6	0	0	0	7	3	6	11	0	3	3	6	2	7	6	3	4	0	8	0	8	8	4	7	5	0	3	0
GO_VOLTAGE_GATED_CALCIUM_CHANNEL_COMPLEX	0	5	4	2	3	3	8	4	4	7	0	2	2	9	5	4	11	0	4	4	5	2	7	6	4	5	3	7	0	9	8	5	7	5	0	3	3
GO_VOLTAGE_GATED_CATION_CHANNEL_ACTIVITY	3	5	9	12	9	0	19	12	6	17	0	3	3	14	9	16	27	3	13	8	15	6	16	11	7	14	6	16	0	15	19	12	16	12	4	9	9
GO_VOLTAGE_GATED_ION_CHANNEL_ACTIVITY	3	6	10	14	12	0	26	14	6	18	0	4	4	16	9	19	31	4	16	8	19	9	17	12	7	16	8	19	0	17	22	15	21	14	4	11	10
GO_VOLTAGE_GATED_POTASSIUM_CHANNEL_ACTIVITY	0	0	5	9	6	0	11	7	3	11	0	2	0	7	6	10	16	2	10	5	8	4	8	5	3	8	4	7	0	5	10	8	8	6	3	6	6
