	AEBP1	ARNT2	ARX	ASCL1	ASCL2	E2F7	ETV1	FEV	FOXJ1	GATA2	HES4	HLF	ISL1	LMX1A	LMX1B	MAFA	MAFB	MYT1	NEUROD1	NEUROD2	NEUROG3	NHLH1	NR4A3	ONECUT1	PAX4	PAX6	PBX3	RFX6	SETBP1	SIX2	SMAD9	SOX4	SPIB	TFCP2L1	TP73	ZNF519	ZNF846
GO_ACTION_POTENTIAL	1	1	1	1	1	1	0.0525825431926	1	1	1	1	1	1	1	1	1	0.43840553352	1	1	1	1	1	1	1	1	1	1	1	1	1	1	1	1	1	1	1	1
GO_ADULT_BEHAVIOR	1	1	1	1	1	1	1	1	1	1	1	1	1	1	1	1	1	1	1	1	1	1	0.000472247121275	1	1	0.000154329000202	1	1	1	1	1	1	1	1	1	1	1
GO_ALCOHOL_BINDING	1	1	1	1	1	1	1	1	1	1	0.70746175879	1	1	1	1	1	1	1	1	1	1	1	1	1	1	1	1	1	1	1	1	1	1	1	1	1	1
GO_AXON	1	1	0.0	1	1	1	0.0	0.0	0.263365667938	0.0	1	1	1	0.0	0.00283113339362	0.0	0.0	1	0.181215063663	1	0.0	1	0.0	0.226719141405	1	0.000813852106546	1	0.0	1	0.0	0.0	1	0.0	0.0416252398457	1	1	1
GO_AXON_DEVELOPMENT	1	1	0.053559361015	1	1	1	0.00109774152348	1	1	0.183105216074	1	1	1	1	1	1	1	1	1	1	0.000227788637198	1	1	1	1	1	1	1	1	0.283946876091	1	1	1	1	1	1	1
GO_BEHAVIOR	1	1	1	1	1	1	1	1	1	0.0191951554586	1	1	1	0.001816906222	1	0.0149809909141	0.0	1	1	1	1	1	6.15081944377e-05	1	1	0.0	1	1	1	0.0383000453699	1	1	1	1	1	1	1
GO_BIOLOGICAL_ADHESION	1	1	1	1	1	1	1	1	1	1	1	1	1	1	1	1	1	1	1	1	0.165308123861	1	1	0.00435915889577	1	1	1	1	1	1	1	1	1	1	1	1	1
GO_CALCIUM_CHANNEL_COMPLEX	1	1	1	1	1	1	1	1	1	1	1	1	1	1	1	1	0.902444869094	1	1	1	1	1	1	1	1	1	1	1	1	1	1	1	1	1	1	1	1
GO_CALCIUM_DEPENDENT_CELL_CELL_ADHESION_VIA_PLASMA_MEMBRANE_CELL_ADHESION_MOLECULES	1	1	1	1	1	1	1	1	1	1	1	1	1	1	1	1	1	1	1	1	1	1	1	1	1	1	1	1	0.547433177778	1	1	1	1	1	1	1	1
GO_CALCIUM_ION_BINDING	1	1	1	1	1	1	1	1	1	1	1	1	1	1	1	1	1	1	1	1	0.0357260946544	1	1	1	1	1	1	1	1	1	1	0.0785517996073	1	1	1	1	1
GO_CALCIUM_ION_TRANSMEMBRANE_TRANSPORT	1	1	1	1	1	1	1	1	1	1	1	1	1	1	1	1	1	1	1	1	1	1	1	0.462044144209	1	1	1	1	1	0.042996118413	1	1	1	1	1	1	1
GO_CALCIUM_ION_TRANSMEMBRANE_TRANSPORTER_ACTIVITY	1	1	1	1	1	1	1	1	1	1	1	1	1	1	1	1	1	1	1	1	1	1	1	0.0351207981253	1	1	1	1	1	0.0161781967765	1	1	1	1	1	1	1
GO_CARDIAC_CONDUCTION	1	1	1	1	1	1	1	1	1	0.148855915626	1	1	1	1	1	1	0.000184037607762	1	1	1	1	1	1	1	1	0.225280442653	1	1	1	1	0.113632529227	1	1	1	1	1	1
GO_CATION_CHANNEL_ACTIVITY	1	1	0.687034765362	7.25626104103e-05	1	1	0.0	0.000694560772864	1	0.0	1	1	1	0.000903559754322	1	0.0	0.0	1	0.00313214201133	0.370737194412	0.0	1	0.0273213313642	0.0	1	0.0	1	0.00025124727264	1	4.24798211447e-05	0.0	1	0.000107437381656	0.225275922756	1	0.234838099374	1
GO_CATION_CHANNEL_COMPLEX	1	1	1	0.00133857240931	1	1	0.00123154717757	0.0513017204384	1	0.0	1	1	1	3.89248505686e-05	1	1	0.0	1	0.407352231043	1	0.000365954268182	1	0.753658760366	0.00378853767771	1	3.56744553398e-06	1	1	1	0.000451794251877	0.00103769311211	1	4.13440205266e-05	1	1	1	1
GO_CATION_TRANSMEMBRANE_TRANSPORT	1	1	1	0.845584878463	1	1	0.00603706365504	0.190105205617	1	0.00569435846451	1	1	1	1	1	0.672961987663	0.0	1	1	1	0.0101041335299	1	0.0202964297746	0.000238386491448	1	0.0	1	0.0524353531979	1	0.0200827661176	0.0738420641073	1	0.0359642835896	1	1	0.201179091351	1
GO_CATION_TRANSMEMBRANE_TRANSPORTER_ACTIVITY	1	1	1	0.305566578901	1	1	0.00192565231616	0.519101536492	1	0.0158597228473	1	1	1	1	1	0.0538607257615	0.0	1	1	1	0.000650854262065	1	1	0.0104874325419	1	0.00063272365427	1	1	1	0.112174193164	0.00926720776576	1	0.561323345596	1	1	1	1
GO_CATION_TRANSPORT	1	1	1	0.187236825837	1	1	0.00180247709023	0.00632322573611	1	0.0108762729422	1	1	1	1	1	1	2.20970092002e-06	1	1	1	0.019957219942	1	0.0213708283455	0.00262271851569	1	0.000153474337952	1	0.490336769679	1	0.0556890436259	0.231373215144	1	0.0150180483111	1	1	0.321325118043	1
GO_CELLULAR_COMPONENT_MORPHOGENESIS	1	1	0.0377390043539	1	1	1	3.59625192313e-05	0.987962908543	1	0.109018699138	1	1	1	1	0.55728743864	1	1	1	1	1	0.0124116001486	1	0.0024203806497	1	1	1	1	1	1	0.0957600927031	0.00114854375918	1	1	1	1	1	1
GO_CELL_BODY	1	1	0.153689150342	1	1	1	0.000227185682993	1	1	0.00296116349382	1	1	1	0.126501181471	1	0.0728480797004	0.0	1	0.592725441823	1	0.00126096307399	1	2.32173518431e-05	1	1	0.00200967266866	1	0.000205471798744	1	0.00621192022093	0.0055156554467	1	0.0103397475552	1	1	1	1
GO_CELL_CELL_ADHESION_VIA_PLASMA_MEMBRANE_ADHESION_MOLECULES	1	1	1	1	1	1	1	1	1	1	1	1	1	1	1	1	1	1	1	1	1	1	1	0.0919158343706	1	1	1	1	1	1	1	1	1	1	1	1	1
GO_CELL_CELL_SIGNALING	1	1	0.899400599075	1	1.51378151383e-05	1	0.0	7.91168795811e-07	1	0.0	1	1	1	0.0	0.0106265829606	0.0	0.0	1	0.0599966601808	0.299783509148	0.0	1	0.0	1	1	0.0	1	0.000319352503472	1	0.0	0.0	0.332933311932	0.000216283889205	0.00080740094369	1	1	1
GO_CELL_JUNCTION_ASSEMBLY	1	1	1	1	1	1	1	1	1	1	1	1	1	1	1	1	1	1	1	1	1	1	0.0256438385117	1	1	1	1	1	1	1	1	1	1	1	1	1	1
GO_CELL_JUNCTION_ORGANIZATION	1	1	1	1	1	1	0.0573482125655	1	1	1	1	1	1	0.00439618626743	1	0.157628267543	0.00187929951203	1	1	1	1	1	0.000774982455378	0.00154753162061	1	1	1	0.000900793259524	1	1	0.482931803397	1	1	1	1	1	1
GO_CELL_MORPHOGENESIS	1	1	1	1	1	1	0.004210546983	1	1	0.390247561495	1	1	1	1	1	1	1	1	1	1	0.00230956118447	1	0.0161425786741	1	1	1	1	1	1	1	1	1	1	1	1	1	1
GO_CELL_MORPHOGENESIS_INVOLVED_IN_DIFFERENTIATION	1	1	0.814400605784	1	1	1	0.0128575703261	1	1	1	1	1	1	1	1	1	1	1	1	1	0.000643770006449	1	0.0118332405645	1	1	1	1	1	1	1	1	1	1	1	1	1	1
GO_CELL_MORPHOGENESIS_INVOLVED_IN_NEURON_DIFFERENTIATION	1	1	0.234071551653	1	1	1	0.00135149694082	1	1	1	1	1	1	1	1	1	1	1	1	1	0.00058155150108	1	0.0099919136723	1	1	1	1	0.184659573703	1	1	0.104073898719	1	1	1	1	1	1
GO_CELL_PART_MORPHOGENESIS	1	1	0.0587528648468	1	1	1	6.10369577712e-05	1	1	0.0544203092561	1	1	1	1	0.898188820591	1	1	1	1	1	0.00360648204317	1	0.00578934878362	1	1	1	1	0.227559789447	1	0.12471065166	0.0124265169535	1	1	1	1	1	1
GO_CELL_PROJECTION_ORGANIZATION	1	1	1	1	1	0.0744831324328	0.00495957565335	0.130938984612	1	0.00970349369854	1	1	1	0.248967711283	3.89843414611e-05	1	0.0366575545892	1	1	1	0.000719739131615	1	0.0034469321244	1	1	1	0.41044275824	0.0	1	1	0.0757311285096	1	1	0.420936848651	1	1	1
GO_CENTRAL_NERVOUS_SYSTEM_NEURON_DIFFERENTIATION	1	1	0.673838016845	1	1	1	1	1	1	1	1	1	1	1	1	1	1	1	1	1	1	1	1	1	1	1	1	1	1	1	1	1	1	1	1	1	1
GO_CHEMICAL_HOMEOSTASIS	1	1	1	1	1	1	1	1	1	0.180742404845	1	1	1	1	1	1	1	1	1	1	1	1	1	1	1	1	1	1	1	1	1	1	1	1	1	1	1
GO_CHEMICAL_SYNAPTIC_TRANSMISSION_POSTSYNAPTIC	1	1	1	1	1	1	1	1	1	1	1	1	1	1	1	1	1	1	1	1	0.266574981368	1	1	1	1	1	1	1	1	1	1	1	1	1	1	1	1
GO_CIRCULATORY_SYSTEM_PROCESS	1	1	1	1	1	1	1	1	1	1	1	1	1	1	1	0.887441518912	0.0	1	1	1	1	1	1	0.513111087759	1	0.0177616102187	1	1	1	0.467792326949	0.000727288919768	1	1	1	1	1	1
GO_CYTOSKELETAL_PROTEIN_BINDING	1	1	1	1	1	1	0.00837600474966	1	1	1	1	1	1	1	0.142855744868	0.326554808232	0.00124581748287	1	1	1	1	1	1	1	1	1	1	0.00050433047027	1	1	1	1	1	1	1	1	0.054068944263
GO_DENDRITIC_TREE	1	1	1	1	1	1	2.92828346771e-06	1	1	0.318464280211	1	1	1	0.0092920075811	0.153859382425	0.0	0.0	1	1	1	1	1	1.95085532452e-05	0.100029371141	1	0.255753821464	1	0.0	1	1	2.39343734667e-05	1	0.00210246656251	1	1	1	1
GO_DISTAL_AXON	1	1	1	1	1	1	0.0537321828158	0.00382274932506	1	0.189172397344	1	1	1	0.318744745061	1	1	0.0	1	1	1	0.0386978900076	1	0.00122118493206	1	1	1	1	0.0	1	0.708657256011	6.1340291988e-06	1	0.231196071834	1	1	1	1
GO_DIVALENT_INORGANIC_CATION_TRANSMEMBRANE_TRANSPORTER_ACTIVITY	1	1	1	1	1	1	1	1	1	1	1	1	1	1	1	1	1	1	1	1	1	1	1	0.285869583987	1	1	1	1	1	0.20650992847	1	1	1	1	1	1	1
GO_EXTRACELLULAR_MATRIX	1	1	1	1	1	1	1	1	1	1	1	1	1	1	1	1	1	1	1	1	0.0664652933484	1	1	1	1	1	1	1	1	1	1	1	1	1	1	1	1
GO_GATED_CHANNEL_ACTIVITY	0.768750457434	1	0.184690332279	9.12947153076e-05	0.552629444867	1	1.20767449694e-05	0.000183929913411	1	5.31194385545e-06	1	1	1	3.34490017417e-05	1	1.22013839335e-05	3.35530627438e-06	1	0.000619008857926	0.0630723308455	8.56251551928e-06	1	0.0017433664556	0.0	1	1.44938426268e-05	1	0.00033259388948	1	6.7608794343e-06	1.52668000228e-05	0.0653142842693	5.92922056333e-05	0.26552291758	1	0.263408634895	1
GO_GLUTAMATERGIC_SYNAPSE	1	1	0.137356452632	1	1	1	1	1	1	0.546030044226	1	1	1	1	1	1	1	1	1	1	9.17262043071e-05	1	0.00176531440615	1	1	0.28370359854	1	0.120869222303	1	0.541629591966	0.0757316413556	1	1	1	1	1	1
GO_GLUTAMATE_RECEPTOR_SIGNALING_PATHWAY	1	1	1	1	1	1	1	0.160587035407	1	1	1	1	1	1	1	1	1	1	1	1	1	1	1	1	1	1	1	1	1	1	1	1	1	1	1	1	1
GO_HEART_PROCESS	1	1	1	1	1	1	1	1	1	1	1	1	1	1	1	1	0.000547873431105	1	1	1	1	1	1	1	1	0.0114789017516	1	1	1	1	0.00173938852931	1	1	1	1	1	1
GO_HOMOPHILIC_CELL_ADHESION_VIA_PLASMA_MEMBRANE_ADHESION_MOLECULES	1	1	1	1	1	1	1	1	1	1	1	1	1	1	1	1	1	1	1	1	1	1	1	0.000649127351886	1	1	1	1	0.180340257363	1	1	1	1	1	1	1	1
GO_HORMONE_ACTIVITY	1	1	1	1	1	1	1	1	1	1	1	1	1	1	1	1	0.470435906931	1	1	1	1	1	1	1	1	1	1	1	1	1	1	1	1	1	1	1	1
GO_HORMONE_TRANSPORT	1	1	1	1	1	1	0.130145220387	0.188979203821	1	3.61583386086e-05	1	1	1	5.38117332591e-05	1	0.0339611590654	0.000919523760353	1	1	1	1	1	1	1	1	0.00905230343764	1	1	1	1	1	1	0.00551407648444	1	1	1	1
GO_INORGANIC_ION_TRANSMEMBRANE_TRANSPORT	1	1	1	1	1	1	0.00257475403707	1	1	0.0880208019007	1	1	1	1	1	1	0.0	1	1	1	0.117708649762	1	0.557069979298	0.00225246990406	1	0.00266256991875	1	1	1	0.0892360978063	0.820567659665	1	0.153697786485	1	1	1	1
GO_INSULIN_SECRETION	1	1	1	1	1	1	0.337309075144	0.163376448092	1	0.0140594034647	1	1	1	0.00210695647927	1	0.0740365700486	0.000949238155947	1	1	1	0.92424779221	1	1	1	1	0.0790976876108	1	0.737324839878	1	1	0.100889056202	1	0.0121726118549	1	1	1	1
GO_INTRINSIC_COMPONENT_OF_PLASMA_MEMBRANE	1	1	0.0896682132951	1	1	1	0.000175553866712	0.0775408504698	1	1.89531855432e-05	1	1	1	1	1	0.0909248294342	1.60443514724e-05	1	1	1	0.000699723460823	1	0.00876481669486	0.00599978068399	1	0.0297301657087	1	1	1	0.124598916914	0.130586231731	1	0.11483120875	1	1	1	1
GO_INTRINSIC_COMPONENT_OF_PRESYNAPTIC_MEMBRANE	1	1	1	1	1	1	1	1	1	1	1	1	1	1	1	1	0.160221699056	1	1	1	1	1	1	1	1	1	1	1	1	1	1	1	1	1	1	1	1
GO_INTRINSIC_COMPONENT_OF_SYNAPTIC_MEMBRANE	1	1	1	1	1	1	1	1	1	1	1	1	1	1	1	0.7757957693	0.0080037652569	1	1	1	1	1	1	1	1	1	1	1	1	1	1	1	1	1	1	1	1
GO_ION_GATED_CHANNEL_ACTIVITY	1	1	1	1	1	1	1	1	1	1	1	1	1	1	1	1	1	1	1	1	1	1	1	1	1	1	1	1	1	0.660578044801	1	1	1	1	1	1	1
GO_ION_TRANSMEMBRANE_TRANSPORT	1	1	1	1	1	1	5.55436881482e-05	0.244382823896	1	0.00267888387258	1	1	1	0.121810735261	1	0.101716129505	2.60914890653e-05	1	1	1	0.235557740454	1	0.00564164281342	0.000563331873735	1	7.12253853412e-05	1	1	1	0.0146561835692	0.16679769474	1	0.0285231776983	1	1	1	1
GO_ION_TRANSMEMBRANE_TRANSPORTER_ACTIVITY	1	1	1	1	1	1	0.00353974803408	1	1	0.325765453013	1	1	1	1	1	1	0.000141748589551	1	1	1	0.410677013273	1	1	0.0109774691116	1	0.379109678515	1	1	1	0.888903287846	1	1	0.540716091931	1	1	1	1
GO_ION_TRANSPORT	1	1	1	1	1	1	0.000688681630542	1	1	0.0957376059172	1	1	1	1	1	1	2.55023535344e-05	1	1	1	0.291331729728	1	0.0469744427549	0.0783153830676	1	0.00552665636198	1	1	1	0.14132111088	0.143603355297	1	0.00386325673707	1	1	1	1
GO_LIGAND_GATED_CATION_CHANNEL_ACTIVITY	1	1	1	0.00919424053383	1	1	0.428383030299	0.0412248722253	1	1	1	1	1	1	1	0.428383030299	1	1	1	1	1	1	1	1	1	5.71189858793e-05	1	1	1	1	0.107392599306	1	1	1	1	1	1
GO_LIGAND_GATED_ION_CHANNEL_ACTIVITY	1	1	1	0.10364752083	1	1	0.00953951839459	0.0165459689668	1	1	1	1	1	1	1	1	1	1	1	1	1	1	1	1	1	0.00150631986111	1	1	1	1	0.328180521044	1	1	1	1	1	1
GO_LOCOMOTORY_BEHAVIOR	1	1	1	1	1	1	1	1	1	1	1	1	1	1	1	1	1	1	1	1	1	1	0.146618044352	1	1	0.00412670157883	1	1	1	1	1	1	1	1	1	1	1
GO_MAIN_AXON	1	1	1	1	0.0378096206295	1	1	1	1	1	1	1	1	1	1	1	1	1	1	1	1	1	1	1	1	1	1	1	1	1	1	1	0.393812573946	1	1	1	1
GO_MEMBRANE_DEPOLARIZATION	1	1	1	1	1	1	0.047788534129	1	1	1	1	1	1	1	1	1	0.000971822676663	1	1	1	1	1	1	0.0724150131148	1	1	1	1	1	1	1	1	0.781917945334	1	1	1	1
GO_MEMBRANE_DEPOLARIZATION_DURING_ACTION_POTENTIAL	1	1	1	1	1	1	0.217901337186	1	1	1	1	1	1	1	1	1	0.274193921651	1	1	1	1	1	1	1	1	1	1	1	1	1	1	1	1	1	1	1	1
GO_MEMBRANE_DEPOLARIZATION_DURING_CARDIAC_MUSCLE_CELL_ACTION_POTENTIAL	1	1	1	1	1	1	0.97147381373	1	1	1	1	1	1	1	1	1	1	1	1	1	1	1	1	1	1	1	1	1	1	1	1	1	1	1	1	1	1
GO_METAL_ION_TRANSMEMBRANE_TRANSPORTER_ACTIVITY	1	1	1	0.0247544170855	1	1	0.00726361334934	0.0994035966469	1	0.000438143003922	1	1	1	1	1	1	0.0	1	1	1	0.000265869526065	1	1	0.00267073299083	1	0.000574428657328	1	0.0562386116073	1	0.0127174644883	0.00200692468019	1	0.00478577538185	1	1	1	1
GO_METAL_ION_TRANSPORT	1	1	1	0.0168733245692	1	1	0.0825263858027	0.892212613786	1	0.00324910038258	1	1	1	1	1	1	6.07505055008e-05	1	1	1	0.0536830023071	1	0.0379282364769	0.000104373967905	1	5.90783933082e-05	1	1	1	1	0.358760227569	1	0.064207585493	1	1	1	1
GO_MICROTUBULE	1	1	1	1	1	1	1	1	1	1	1	1	1	1	1	1	1	1	1	1	1	1	1	1	1	1	1	0.240455498184	1	1	1	1	1	1	1	1	1
GO_MICROTUBULE_BASED_PROCESS	1	1	1	1	1	1	1	1	1	1	1	1	1	1	1	1	1	1	1	1	1	1	1	1	1	1	1	0.129020645578	1	1	1	1	1	1	1	1	1
GO_MICROTUBULE_BINDING	1	1	1	1	1	1	0.184288445574	1	1	1	1	1	1	1	1	1	1	1	1	1	1	1	1	1	1	1	1	0.0400655145085	1	1	1	1	1	1	1	1	1
GO_MICROTUBULE_CYTOSKELETON_ORGANIZATION	1	1	1	1	1	1	1	1	1	1	1	1	1	1	1	1	1	1	1	1	1	1	1	1	1	1	1	0.0341035417319	1	1	1	1	1	1	1	1	1
GO_MONOVALENT_INORGANIC_CATION_TRANSMEMBRANE_TRANSPORTER_ACTIVITY	1	1	1	0.196912667073	1	1	1	1	1	1	1	1	1	1	1	1	0.00297677459468	1	1	1	1	1	1	1	1	0.665667732568	1	1	1	1	1	1	1	1	1	1	1
GO_MONOVALENT_INORGANIC_CATION_TRANSPORT	1	1	1	0.193918147668	1	1	0.357583481379	1	1	1	1	1	1	1	1	1	0.000767593707556	1	1	1	1	1	1	1	1	0.442045152356	1	1	1	1	1	1	1	1	1	1	1
GO_MULTICELLULAR_ORGANISMAL_SIGNALING	1	1	1	1	1	1	0.0414632274399	1	1	0.293730988376	1	1	1	1	1	0.195961760413	0.0	1	1	1	0.0207461777562	1	1	0.0827269176234	1	0.305946725952	1	0.46030386793	1	0.888452315394	0.00176764193908	1	1	1	1	1	1
GO_NEUROGENESIS	1	1	0.391878733394	1	1	0.30235413422	8.0693942639e-06	0.00942276594867	1	0.00980100322198	1	1	1	0.0650270642468	0.000209464418192	0.0100543575722	0.00142921403613	1	0.00523227323683	1	0.0	1	4.04508036269e-05	1	0.962009291999	1	0.000389654995836	0.0	1	1	2.6407842445e-05	1	0.0808936233979	1	1	1	1
GO_NEURON_DEVELOPMENT	1	1	0.263823662474	1	1	1	2.79625766072e-05	0.0491503798148	1	0.000165154602762	1	1	1	0.00124616227656	6.5913109097e-05	0.263180673476	0.000223691893324	1	0.580492704393	1	1.34928214927e-05	1	4.17351480363e-05	1	1	1	0.0299925200738	1.62558861039e-07	1	0.948811282928	0.000561490800935	1	0.00521528588494	1	1	1	1
GO_NEURON_DIFFERENTIATION	1	1	0.0206484053249	1	1	0.0853796667224	0.0	0.0136690805097	1	0.00247648911048	1	1	1	0.00281263884812	1.75875428988e-05	0.0223815609031	0.000375244197837	1	0.000561537764586	1	0.0	0.244156170877	0.0	1	0.436105470914	1	0.003339611161	0.0	1	1	0.0	1	0.0153128971661	1	1	1	1
GO_NEURON_PROJECTION	1	0.222390612683	2.84456009183e-05	0.00148019908639	0.0223710911725	1	3.95528092634e-05	5.07144772113e-05	0.000736205715517	2.98596237708e-05	1	0.000807301145755	0.99342412803	4.28363983411e-05	6.67512291547e-05	3.95528092634e-05	2.35797154841e-05	1	6.30148787049e-05	0.0140841787442	3.67680719848e-05	1	5.18992097499e-05	2.45219207743e-05	0.0207658406768	3.04315966499e-05	6.8456977095e-05	2.08756643816e-05	1	3.21049351539e-05	4.49980677422e-05	0.124737201608	6.09105078895e-05	7.97581342371e-05	1	0.653193200725	0.000143856447007
GO_NEURON_PROJECTION_GUIDANCE	1	1	1	1	1	1	0.0102712913639	1	1	1	1	1	1	1	1	1	1	1	1	1	0.0404638592329	1	1	1	1	1	1	1	1	1	1	1	1	1	1	1	1
GO_NEURON_PROJECTION_TERMINUS	1	1	0.168360616167	1	1	1	1	1	1	1	1	1	1	1	1	1	0.00743181481992	1	1	1	1	1	1	1	1	1	1	1	1	1	0.124259026276	1	1	1	1	1	1
GO_NEURON_SPINE	1	1	1	1	1	1	1	1	1	1	1	1	1	1	1	1	0.124388720915	1	1	1	1	1	0.791028620419	1	1	0.280381037216	1	0.00824883720284	1	1	1	1	1	1	1	1	1
GO_NEURON_TO_NEURON_SYNAPSE	1	1	1	1	1	1	1	0.00105971985159	1	1	1	1	1	0.00730857379912	1	0.0382070969926	0.000264390336716	1	1	1	0.000699452470083	1	0.0	1	1	1	1	0.0	1	1	0.00605205990622	1	1	0.36240902281	0.418920699748	1	0.893347127907
GO_NEUROTRANSMITTER_SECRETION	1	1	1	1	1	1	0.06782757576	1	1	1	1	1	1	1	1	7.23264450717e-05	1	1	1	1	1	1	0.000578444294289	1	1	1	1	0.252189446047	1	1	0.179792451284	1	0.728799923239	0.214433151891	1	1	1
GO_NEUROTRANSMITTER_TRANSPORT	1	1	1	1	0.931531857698	1	0.0574177965849	1	1	1	1	1	1	1	1	0.000512219132319	1	1	1	1	1	1	0.00212113319168	1	1	1	1	0.433176405276	1	1	0.300054428318	1	1	1	1	1	1
GO_PASSIVE_TRANSMEMBRANE_TRANSPORTER_ACTIVITY	1	1	0.36258485977	0.0034673714164	1	1	0.0	0.0159626326055	1	0.0	1	1	1	0.000140167967421	1	8.16657265013e-06	0.0	1	0.0608980592896	1	0.000228540950502	1	0.212716893773	0.0	1	0.000253032403747	1	0.15552341636	1	0.0	0.000358592037796	1	0.000869500517435	1	1	0.978305989252	1
GO_PEPTIDE_HORMONE_SECRETION	1	1	1	1	1	1	0.105702666459	0.101413123364	1	0.00155020825407	1	1	1	0.000103005134995	1	0.105702666459	8.78494989545e-05	1	1	1	1	1	1	1	1	0.00594582253534	1	1	1	1	0.076331088642	1	0.00183697343333	1	1	1	1
GO_PEPTIDE_SECRETION	1	1	1	1	1	1	1	1	1	0.125959310354	1	1	1	0.00766854934872	1	1	0.236414978746	1	1	1	1	1	1	1	1	1	1	1	1	1	1	1	0.320783808083	1	1	1	1
GO_PERIKARYON	1	1	1	1	1	1	1	1	1	1	1	1	1	1	1	1	0.466926497576	1	1	1	0.0636122513426	1	0.140250731984	1	1	1	1	1	1	1	1	1	1	1	1	1	1
GO_PLASMA_MEMBRANE_PROTEIN_COMPLEX	1	1	1	0.0480834631314	1	1	0.0590228073709	1	1	1	1	1	1	1	1	1	0.0159235724761	1	1	1	1	1	1	1	1	0.209268429989	1	1	1	1	0.632552164031	1	0.0359848221622	1	1	1	1
GO_PLASMA_MEMBRANE_REGION	1	1	1	1	1	1	1	1	1	0.114866059051	1	1	1	1	1	0.663276313628	0.000810964366918	1	1	1	1	1	0.014998391971	0.280623941489	1	0.997975330579	1	1	1	1	1	1	1	1	1	1	1
GO_POSITIVE_REGULATION_OF_CELL_DEVELOPMENT	1	1	1	1	1	1	1	1	1	1	1	1	1	1	1	1	1	1	1	1	1	1	0.827210927711	1	1	1	1	1	1	1	1	1	1	1	1	1	1
GO_POSITIVE_REGULATION_OF_NEURON_DIFFERENTIATION	1	1	1	1	1	1	1	1	1	1	1	1	1	1	1	1	1	1	1	1	1	1	0.327502677156	1	1	1	1	1	1	1	1	1	1	1	1	1	1
GO_POSITIVE_REGULATION_OF_NEURON_PROJECTION_DEVELOPMENT	1	1	1	1	1	1	1	1	1	1	1	1	1	1	1	1	1	1	1	1	1	1	0.631181901534	1	1	1	1	1	1	1	1	1	1	1	1	1	1
GO_POSITIVE_REGULATION_OF_SYNAPTIC_TRANSMISSION	1	1	1	1	1	1	1	1	1	1	1	1	1	1	1	1	1	1	1	1	1	1	0.537157800353	1	1	1	1	1	1	1	1	1	1	1	1	1	1
GO_POSITIVE_REGULATION_OF_TRANSPORT	1	1	1	1	1	1	1	1	1	1	1	1	1	1	1	1	0.597495875501	1	1	1	1	1	1	1	1	1	1	1	1	1	1	1	1	1	1	1	1
GO_POSTSYNAPSE	1	1	0.239131365327	1	1	1	1.7567301744e-05	2.90563769335e-05	0.0519421443359	9.70481170752e-05	1	1	1	3.05014105351e-05	8.14729781718e-05	1.33081585352e-05	6.39090778876e-06	1	1	1	7.75281330845e-05	1	2.61553423249e-05	0.00059725402499	1	0.000192839302223	0.0724668794484	0.0	1	3.81189883828e-05	1.09529468979e-05	1	0.066549391897	0.00362871725489	1	1	1
GO_POSTSYNAPTIC_DENSITY_MEMBRANE	1	1	1	1	1	1	1	0.0559825726834	1	1	1	1	1	1	1	1	0.0772095904144	1	1	1	1	1	0.0487632123736	1	1	1	1	0.179317877974	1	1	0.136841278593	1	1	1	1	1	1
GO_POSTSYNAPTIC_MEMBRANE	1	1	1	1	1	1	0.00036741818889	6.46650887122e-05	0.0700416959906	0.00133357151184	1	0.0235109672272	1	0.000530415293681	0.000407955441863	3.08688563561e-05	2.04414668357e-05	1	1	1	0.0294968951053	1	4.32010903537e-05	0.00260101652459	0.317349801973	0.0239859578954	1	0.00448379950909	1	0.00608708046288	6.13606197496e-05	0.000414576327237	0.203871706898	0.0078946802377	1	1	1
GO_POSTSYNAPTIC_SPECIALIZATION_MEMBRANE	1	1	1	1	1	1	1	0.00173259579393	1	1	1	1	1	1	1	1	0.30302684492	1	1	1	1	1	0.019489461514	1	1	1	1	1	1	1	0.307448883729	1	1	1	1	1	1
GO_POTASSIUM_CHANNEL_ACTIVITY	1	1	1	0.00175420909372	1	1	0.0422553270096	1	1	0.0847290388107	1	1	1	1	1	0.0422553270096	0.0	1	0.0195036676124	1	1	1	1	1	1	0.161503042138	1	1	1	1	0.374433486435	1	1	1	1	1	1
GO_POTASSIUM_CHANNEL_COMPLEX	1	1	1	0.047063200375	1	1	1	0.773630751218	1	0.48658348759	1	1	1	1	1	1	0.0022499773513	1	1	1	1	1	1	1	1	0.0129360880776	1	1	1	1	1	1	1	1	1	1	1
GO_POTASSIUM_ION_TRANSMEMBRANE_TRANSPORTER_ACTIVITY	1	1	1	0.0284029544187	1	1	1	1	1	0.28637984552	1	1	1	1	1	0.31905245449	4.14478732496e-05	1	0.359076583276	1	1	1	1	1	1	0.0580172888809	1	1	1	1	1	1	1	1	1	1	1
GO_POTASSIUM_ION_TRANSPORT	1	1	1	0.00430960227501	1	1	0.152832674558	1	1	0.0183910110322	1	1	1	1	1	0.0348373216767	0.000559311623257	1	1	1	1	1	1	1	1	1	1	1	1	1	1	1	1	1	1	1	1
GO_PRESYNAPSE	1	1	0.0421292845082	1	1	1	0.00274307076687	1	1	0.145783056639	1	1	1	1.49894412849e-06	0.00105652348899	0.000772898574877	0.0	1	1	1	0.0358873993704	1	1.05030718133e-05	0.0224872452408	1	0.0396327286211	1	0.0	1	0.0174904325991	4.41988087674e-05	1	0.000492817872903	1	1	1	1
GO_PRESYNAPTIC_MEMBRANE	1	1	1	1	1	1	1	1	1	0.0424135238963	1	1	1	1	1	1	0.0890103786947	1	1	1	1	1	0.140250731984	1	1	1	1	1	1	1	1	1	1	1	1	1	1
GO_REGULATION_OF_BLOOD_CIRCULATION	1	1	1	1	1	1	1	1	1	1	1	1	1	1	1	1	0.000143474347702	1	1	1	0.026886551551	1	1	1	1	0.00287289655917	1	1	1	0.520095558257	0.0124389944067	1	1	1	1	1	1
GO_REGULATION_OF_CATION_TRANSMEMBRANE_TRANSPORT	1	1	1	1	1	1	1	1	1	1	1	1	1	1	1	1	0.979177367753	1	1	1	1	1	1	1	1	0.742815369062	1	1	1	1	1	1	1	1	1	1	1
GO_REGULATION_OF_CELL_DEVELOPMENT	1	1	1	1	1	1	0.845644175186	1	1	1	1	1	1	1	1	1	1	1	1	1	0.00828635444313	1	0.00678163014007	1	1	1	1	2.45662647376e-05	1	1	1	1	1	1	1	1	1
GO_REGULATION_OF_CELL_PROJECTION_ORGANIZATION	1	1	1	1	1	1	0.827598646492	1	1	1	1	1	1	1	0.00834439787831	1	1	1	1	1	0.0117344409484	1	0.000564607837969	1	1	1	1	0.075246217568	1	1	1	1	1	1	1	1	1
GO_REGULATION_OF_EXOCYTOSIS	1	1	1	1	1	1	1	1	1	1	1	1	1	1	1	0.150482969797	1	1	1	1	1	1	1	1	1	1	1	1	1	1	1	1	1	1	1	1	1
GO_REGULATION_OF_HEART_RATE_BY_CARDIAC_CONDUCTION	1	1	1	1	1	1	1	1	1	1	1	1	1	1	1	1	0.0336012589477	1	1	1	1	1	1	1	1	1	1	1	1	1	1	1	1	1	1	1	1
GO_REGULATION_OF_HORMONE_LEVELS	1	1	1	1	1	1	1	1	1	0.000123943164169	1	1	1	0.000131739448061	1	0.261391581961	0.00528180713359	1	1	1	1	1	1	1	1	0.036734416176	1	1	1	0.707543307572	1	1	1	1	1	1	1
GO_REGULATION_OF_HORMONE_SECRETION	1	1	1	1	1	1	0.8317210974	0.184439559599	1	0.00311131221183	1	1	1	7.03184278943e-05	1	0.8317210974	0.0849853712233	1	1	1	1	1	1	1	1	1	1	1	1	0.321449713228	1	1	0.094056086657	1	1	1	1
GO_REGULATION_OF_INSULIN_SECRETION	1	1	1	1	1	1	1	1	1	0.302575939445	1	1	1	0.00448859169986	1	1	0.177483029399	1	1	1	1	1	1	1	1	1	1	1	1	1	1	1	1	1	1	1	1
GO_REGULATION_OF_ION_TRANSMEMBRANE_TRANSPORT	1	1	1	0.168985460687	1	1	0.00500637604599	1	1	0.13666750244	1	1	1	0.702989770988	1	1	5.49425661223e-06	1	1	1	1	1	0.327501606435	0.139094092442	1	0.041310499772	1	0.237607817009	1	0.0537888198564	0.14166110666	1	0.00147487168697	1	1	1	1
GO_REGULATION_OF_ION_TRANSPORT	1	1	1	0.0152844744134	1	1	4.17547453637e-05	1	1	0.0562841092639	1	1	1	0.100346481187	1	1	1.66607435139e-05	1	0.288608821068	1	1	1	0.00190475651498	0.333795952589	1	0.106409882512	1	0.23537959659	1	0.0124937612178	0.0412808265676	1	8.94173168875e-05	1	1	1	1
GO_REGULATION_OF_MEMBRANE_POTENTIAL	1	1	1	1	1	1	0.0	0.0494714259867	1	0.0	1	1	1	0.00667927854272	1	0.0577021500517	0.0	1	1	1	0.000660211076623	1	0.0107270624494	0.0260189076475	1	0.0262872813755	1	1	1	0.00152229631393	0.00439948222316	1	0.554435490037	1	1	1	1
GO_REGULATION_OF_METAL_ION_TRANSPORT	1	1	1	1	1	1	1	1	1	1	1	1	1	1	1	1	1	1	1	1	1	1	0.70510206987	1	1	1	1	1	1	1	1	1	0.980054365325	1	1	1	1
GO_REGULATION_OF_NERVOUS_SYSTEM_DEVELOPMENT	1	1	1	1	1	1	0.394899024159	1	1	1	1	1	1	1	0.0266513585922	1	1	1	1	1	0.000381219788978	1	5.71123779103e-06	1	1	1	1	0.0	1	1	0.508601343466	1	1	1	1	1	1
GO_REGULATION_OF_NEURON_DIFFERENTIATION	1	1	1	1	1	1	0.0346071488318	1	1	1	1	1	1	1	0.03320582011	1	1	1	1	1	0.00359015614604	1	3.64491007937e-05	1	1	0.476239012791	1	0.0	1	1	0.0428067371775	1	1	1	1	1	1
GO_REGULATION_OF_NEURON_PROJECTION_DEVELOPMENT	1	1	1	1	1	1	0.208634142324	1	1	1	1	1	1	1	0.174593421323	1	1	1	1	1	0.092310061005	1	0.0	1	1	0.459687799031	1	0.00122190323968	1	1	0.440295886703	1	1	1	1	1	1
GO_REGULATION_OF_NEUROTRANSMITTER_LEVELS	1	1	1	1	1	1	1	1	1	1	1	1	1	1	1	0.00423226261581	1	1	1	1	1	1	0.0177419788656	1	1	1	1	1	1	1	0.440193083321	1	1	1	1	1	1
GO_REGULATION_OF_NEUROTRANSMITTER_TRANSPORT	1	1	1	1	1	1	1	1	1	1	1	1	1	1	1	0.267460139906	1	1	1	1	1	1	1	1	1	1	1	1	1	1	1	1	1	1	1	1	1
GO_REGULATION_OF_PEPTIDE_HORMONE_SECRETION	1	1	1	1	1	1	0.337309075144	0.862319488953	1	0.083294662303	1	1	1	0.000339447902525	1	1	0.0250666637104	1	1	1	1	1	1	1	1	1	1	1	1	1	1	1	0.363422903333	1	1	1	1
GO_REGULATION_OF_PEPTIDE_SECRETION	1	1	1	1	1	1	1	1	1	1	1	1	1	0.201448138864	1	1	1	1	1	1	1	1	1	1	1	1	1	1	1	1	1	1	1	1	1	1	1
GO_REGULATION_OF_POSTSYNAPTIC_MEMBRANE_POTENTIAL	1	1	1	1	1	1	1	1	1	1	1	1	1	1	1	1	1	1	1	1	0.83234579522	1	1	1	1	1	1	1	1	1	1	1	1	1	1	1	1
GO_REGULATION_OF_REGULATED_SECRETORY_PATHWAY	1	1	1	1	1	1	1	1	1	1	1	1	1	1	1	0.548493841252	0.799639220087	1	1	1	1	1	1	1	1	1	1	1	1	1	1	1	1	1	1	1	1
GO_REGULATION_OF_SECRETION	1	1	1	1	1	1	0.0307938435268	0.653165985354	1	0.00641776292523	1	1	1	0.000560265278045	1	0.0307938435268	0.00314042818113	1	1	1	1	1	0.0308428740717	1	1	0.377614676564	1	1	1	1	1	1	0.00955742752826	1	1	1	1
GO_REGULATION_OF_SYNAPTIC_PLASTICITY	1	1	1	1	1	1	1	1	1	1	1	1	1	1	1	1	1	1	1	1	1	1	0.0847242431255	1	1	0.709518070792	1	0.826568538036	1	1	1	1	1	1	1	1	1
GO_REGULATION_OF_SYNAPTIC_VESICLE_CYCLE	1	1	1	1	1	1	1	1	1	1	1	1	1	1	1	0.0200918245954	1	1	1	1	1	1	0.632167825181	1	1	1	1	1	1	1	1	1	1	1	1	1	1
GO_REGULATION_OF_SYNAPTIC_VESICLE_EXOCYTOSIS	1	1	1	1	1	1	1	1	1	1	1	1	1	1	1	0.588917688232	1	1	1	1	1	1	1	1	1	1	1	1	1	1	1	1	1	1	1	1	1
GO_REGULATION_OF_SYSTEM_PROCESS	1	1	1	1	1	1	0.00393110303125	1	1	0.459146373116	1	1	1	1	1	1	4.26274153398e-05	1	1	1	0.0	1	0.721839817859	1	1	6.5717696104e-05	1	1	1	0.826250388536	0.00642536294423	1	1	1	1	1	1
GO_REGULATION_OF_TRANSMEMBRANE_TRANSPORT	1	1	1	0.3526988232	1	1	0.0120693288377	1	1	0.0832889896841	1	1	1	1	1	1	7.46925898054e-05	1	1	1	1	1	0.354016570589	0.528341307473	1	0.071141861756	1	0.677773794913	1	0.042981060055	0.398435453842	1	0.019810982896	1	1	1	1
GO_REGULATION_OF_TRANSPORT	1	1	1	0.021648280032	0.0544896040481	1	0.0	0.00209583690271	1	0.0	1	1	1	3.29738157792e-05	1	0.00986452242371	0.0	1	0.340479957791	1	1	1	0.0	1	1	0.00276700403657	1	0.0	1	0.00978770007204	0.00205937600471	0.168607203901	0.0	0.142249202485	1	1	1
GO_REGULATION_OF_TRANS_SYNAPTIC_SIGNALING	1	1	1	1	0.329568313279	1	0.000171177658146	1	1	0.129497794428	1	1	1	1	1	0.0026356280744	0.000376893374887	1	1	1	0.000294384134778	1	0.0	0.194447740914	1	0.00216632536488	1	1.28672481872e-05	1	0.171629667831	0.0019767260326	1	1	0.534924209303	0.76584327196	1	1
GO_RETROGRADE_AXONAL_TRANSPORT	1	1	1	1	1	1	1	1	1	1	1	1	1	1	1	1	1	1	1	1	1	1	1	1	1	1	1	1	1	0.996583668921	1	1	1	1	1	1	1
GO_SECRETION	1	1	1	1	1	1	1	1	1	0.116409094486	1	1	1	1	1	1	1	1	1	1	1	1	1	1	1	1	1	1	1	1	1	1	1	1	1	1	1
GO_SIGNAL_RELEASE	1	1	1	1	0.535684724116	1	0.00245352300586	0.00183021736795	1	0.000123314377953	1	1	1	0.000815833571165	1	0.00022085995314	0.00175615085707	1	1	1	1	1	0.00501641069037	1	1	0.00125356361375	1	0.286823082308	1	0.590731243748	0.00427153485038	1	0.000614110832423	1	1	1	1
GO_SITE_OF_POLARIZED_GROWTH	1	1	1	1	1	1	1	1	1	1	1	1	1	1	1	1	0.087305931666	1	1	1	1	1	1	1	1	1	1	0.0275114136552	1	1	1	1	1	1	1	1	1
GO_SOMATODENDRITIC_COMPARTMENT	1	1	0.00747532022829	1	1	1	0.0	0.000226322899952	1	0.0	1	1	1	0.0	0.0397940427721	0.0	0.0	1	1	1	9.45122007912e-06	1	1.00796670748e-05	0.00039942869685	0.0754878037494	0.0	0.00106670754756	0.0	1	0.000195952981914	0.0	1	1.59598583291e-05	0.0614843259199	1	1	1
GO_SYNAPSE	1	0.0119566425042	0.000797613729302	0.0190903891133	0.000155140666257	0.330975494105	1.18315675224e-05	2.99580209879e-05	0.0325989551204	4.82353069797e-06	1	0.0159056473964	1	2.56696031549e-05	3.44569088672e-05	1.18316812299e-05	3.46143813879e-06	0.128606593668	0.0620027181222	0.0120062751753	1.35763231575e-05	1	2.51253516766e-05	0.0	0.00502623299546	2.68469722342e-06	4.78964760287e-05	6.46259046277e-09	1	1.29921347758e-05	1.45886523772e-05	0.000314191758368	3.46782055933e-05	2.97024453366e-05	0.525059635849	1	0.000315339001746
GO_SYNAPSE_ASSEMBLY	1	1	1	1	1	1	1	1	1	1	1	1	1	1	1	1	1	1	1	1	1	1	0.0476887070582	1	1	1	1	1	1	1	1	1	1	1	1	1	1
GO_SYNAPSE_ORGANIZATION	1	1	1	1	1	1	0.0339178736033	1	1	1	1	1	1	0.0154732016332	1	1	0.20928256261	1	1	1	0.360907607559	1	0.00639759420011	0.411641192788	1	1	1	7.05429487735e-06	1	1	1	1	1	1	1	1	1
GO_SYNAPTIC_MEMBRANE	1	1	1	1	1	1	0.0022787666381	0.000158241591353	0.628283544863	5.40894249978e-05	1	0.0124015356439	1	8.82814900205e-05	0.00849924319329	0.0	0.0	1	1	1	0.000530161168098	1	3.9869911916e-05	0.00244829928203	0.572555636821	0.00941728360966	1	0.00157824003597	1	8.70885769606e-05	5.97136691005e-05	0.00279296274274	0.171148321397	0.00112940638009	1	1	1
GO_SYNAPTIC_SIGNALING	1	1	1	1	0.00113712880265	1	0.0	0.000587871417943	1	0.0	1	1	1	0.0001646946092	0.00365368371308	0.0	0.0	0.0756527332821	1	0.377112040014	0.0	1	0.0	0.0789878344741	1	0.0	0.636041231217	0.0	1	0.0	0.0	1	7.61196492821e-05	9.04422167006e-05	1	0.589787807517	0.759671251068
GO_SYNAPTIC_VESICLE_EXOCYTOSIS	1	1	1	1	1	1	1	1	1	1	1	1	1	1	1	0.00710265516019	1	1	1	1	1	1	0.193472844287	1	1	1	1	1	1	1	1	1	1	0.0450730628506	1	1	1
GO_SYNAPTIC_VESICLE_LOCALIZATION	1	1	1	1	1	1	1	1	1	1	1	1	1	1	0.41663985483	1	1	1	1	1	1	1	1	1	1	1	1	1	1	1	1	1	1	1	1	1	1
GO_SYNAPTIC_VESICLE_TRANSPORT	1	1	1	1	1	1	1	1	1	1	1	1	1	1	0.608394690313	1	1	1	1	1	1	1	1	1	1	1	1	1	1	1	1	1	1	1	1	1	1
GO_TAXIS	1	1	1	1	1	1	1	1	1	1	1	1	1	1	1	1	1	1	1	1	0.185250870528	1	1	1	1	1	1	1	1	1	1	1	1	1	1	1	1
GO_TRANSMEMBRANE_TRANSPORT	1	1	1	1	1	1	0.00856393293484	1	1	0.0058412754351	1	1	1	0.840576208912	1	1	9.75170693807e-06	1	1	1	1	1	0.796230356085	0.00545843707184	1	0.00647128475551	1	1	1	1	1	1	1	1	1	1	1
GO_TRANSMISSION_OF_NERVE_IMPULSE	1	1	1	1	1	1	0.179213886464	1	1	1	1	1	1	1	1	1	1	1	1	1	1	1	1	1	1	1	1	1	1	1	1	1	1	1	1	1	1
GO_TRANSPORTER_ACTIVITY	1	1	1	1	1	1	0.108393837736	1	1	0.341162814178	1	1	1	1	1	1	0.00064115591768	1	1	1	1	1	1	0.13818516042	1	1	1	1	1	1	1	1	1	1	1	1	1
GO_TRANSPORTER_COMPLEX	1	1	1	0.00401847138518	1	1	0.0	0.0132911432347	1	0.0	1	1	1	0.000138328129757	1	0.19840659566	0.0	1	0.0149355248457	1	0.000290268086727	1	0.0899503558627	0.0333737168838	1	0.0	1	1	1	3.10215592485e-05	0.000601214206404	1	0.000358066872314	1	1	1	1
GO_TRANSPORT_VESICLE	1	1	1	1	1	1	1	1	1	1	1	1	1	0.913578976182	1	1	0.67092923199	1	1	1	1	1	1	1	1	1	1	1	1	1	1	1	1	1	1	1	1
GO_TRANSPORT_VESICLE_MEMBRANE	1	1	1	1	1	1	1	1	1	1	1	1	1	1	1	1	0.382247075605	1	1	1	1	1	1	1	1	1	1	1	1	1	1	1	1	1	1	1	1
GO_TUBULIN_BINDING	1	1	1	1	1	1	0.116259386938	1	1	1	1	1	1	1	1	0.406830440339	1	1	1	1	1	1	1	1	1	1	1	0.000358966353741	1	1	1	1	1	1	1	1	0.793832260093
GO_VESICLE_MEDIATED_TRANSPORT_IN_SYNAPSE	1	1	1	1	1	1	0.567082457988	0.259887919201	1	1	1	1	1	1	0.182874911887	0.000209047213979	0.867515515337	1	1	1	1	1	5.30657969566e-05	1	1	0.12378009007	1	0.0462880334353	1	1	0.820116515305	1	0.112218611461	0.0544269314467	1	1	1
GO_VOLTAGE_GATED_CALCIUM_CHANNEL_ACTIVITY	1	1	1	1	1	1	1	1	1	1	1	1	1	1	1	1	0.00902778609272	1	1	1	1	1	1	1	1	1	1	1	1	0.961924998428	1	1	1	1	1	1	1
GO_VOLTAGE_GATED_CALCIUM_CHANNEL_COMPLEX	1	1	1	1	1	1	1	1	1	1	1	1	1	0.156025860914	1	1	0.00693951139985	1	1	1	1	1	1	1	1	1	1	1	1	0.0539450352015	1	1	1	1	1	1	1
GO_VOLTAGE_GATED_CATION_CHANNEL_ACTIVITY	1	1	1	0.000651025149574	1	1	0.00163976554847	1	1	0.000103123715234	1	1	1	0.918435505903	1	0.371676944288	0.0	1	0.0121308579888	1	0.0927037764009	1	0.030363835975	0.505564080326	1	0.0145330410498	1	0.0107367496872	1	0.0294076044279	1.74736138105e-05	1	0.00525538866487	1	1	1	1
GO_VOLTAGE_GATED_ION_CHANNEL_ACTIVITY	1	1	1	0.000266751773907	1	1	0.0	1	1	0.00408490643761	1	1	1	1	1	0.440951569067	0.0	1	0.00168523842721	1	0.00995528293025	1	0.686928663025	1	1	0.02647937145	1	0.00762661973487	1	0.0881978393955	9.55262241975e-06	1	8.03626145722e-05	1	1	1	1
GO_VOLTAGE_GATED_POTASSIUM_CHANNEL_ACTIVITY	1	1	1	0.0218297132591	1	1	1	1	1	0.198100346366	1	1	1	1	1	1	0.000590849386543	1	0.0914387417899	1	1	1	1	1	1	1	1	1	1	1	1	1	1	1	1	1	1
