	ARX	ASCL1	ASCL2	E2F7	ETV1	FEV	FOXD4L5	GATA2	HES4	HLF	ISL1	LMX1A	LMX1B	MAFA	MAFB	MYT1	NEUROD1	NEUROG3	NR4A3	ONECUT1	PAX4	PAX6	PBX3	POU2F2	RFX6	SIM1	SIX2	SMAD9	SOX4	SPIB	TFCP2L1	TP73
GO_ADULT_BEHAVIOR	0.049828006894493404	0.025600918975399956	0.009194214068662943	6.630967165355273e-07	5.614763164796255e-05	0.0010338583017672764	0.010188044268352292	8.085599793838938e-05	0.03587789751432602	1	1	7.386897067929166e-05	1	0.0002642368054381894	1.8298131656546701e-06	0.000403748582844754	0.06558621219881544	0.020561786506805513	6.374422101274035e-10	0.00764295712232177	0.001610367231339338	9.089303754095113e-10	0.00020058993711236095	0.01813776978505166	0.00038149848128288255	0.0864798763509057	9.980976333756608e-06	0.013924157878577703	1	2.5366084331124306e-05	0.0012072226701741462	0.0017284951308191854
GO_AXON	0.0	7.679405227944969e-06	2.9258156900469068e-05	0.0021532518883710106	0.0	0.0	9.417538089362409e-07	0.0	0.0004341629594594165	1.1991781003306556e-05	9.068998992889377e-07	1.2151880612876198e-09	2.8853304412379543e-08	0.0	0.0	0.00019759444763844947	2.9161764430352122e-05	2.373835328306484e-08	0.0	0.0002805396843680308	4.301069387380174e-05	3.372029492298978e-07	1.3486641052717907e-05	0.015225717539032235	0.0	2.6512417226065566e-06	0.0	0.0	0.00010721627937193556	1.4436274398121896e-10	2.339481609325844e-06	0.000132175592919892
GO_AXON_DEVELOPMENT	4.1205840961566764e-09	0.09857933940923047	0.01411991785758615	0.06232075415735794	4.472054393467317e-09	3.3348920344122845e-06	0.031267447222362965	2.1196019748259687e-06	1	1	0.08822530710497811	4.320243613964436e-07	0.0001241792130211028	0.0005576180718775969	0.00011142092177562901	0.010868335395896933	0.0009351182572723271	1.1454786952191931e-05	3.3348920344122845e-06	0.030859077071864083	0.005609434163002303	1.814606813077546e-05	0.00023251150859437963	1	4.802708360007735e-06	0.011673106943995926	8.829771813712028e-08	3.77112687616199e-05	0.004039776554640939	3.326185364571632e-05	0.0005708573278183637	1
GO_BEHAVIOR	0.008532163861721065	0.061432778302472735	0.0707785757840691	3.6933009028849995e-06	0.0005371720670787061	7.540565535457677e-05	0.06581142405909501	1.031612507529367e-06	0.009837340504826098	0.09417477167314303	1	3.422738487079968e-07	0.05507673181927375	2.233894097014577e-05	9.33455968077368e-09	1.8874815852276683e-05	0.0026902897969469652	0.0016618818206011188	3.6276082138186894e-10	0.0022935762834086493	2.251175799716787e-05	5.854561502260935e-09	0.0025630950110094863	0.036011952781201284	3.419131944015774e-06	0.0058644214220793245	1.9476173762633664e-07	6.0140827973675925e-05	1	5.8969354765681103e-05	0.0022847357266725377	0.007389904426640337
GO_CALCIUM_ION_IMPORT	0.054429294747463275	0.007154233690560674	1	1	0.0020772878916898163	0.07420332085174464	1	0.01106864716468614	1	1	1	0.004898233432076071	0.04410796379226134	0.04149889533886675	0.011100520870960251	1	1	0.0028961269138535473	0.016535681248358802	5.226476988973161e-07	1	1	1	0.04650676485535099	0.004655279069361362	0.037261664526084926	0.010504771094711707	1	0.044721390310592746	0.0027301024365220528	1	1
GO_CARDIAC_CONDUCTION	1	0.0311902642159676	0.00026187519750842103	0.043920645015424475	0.00010739768917156223	0.007266246874833793	0.05360255798266966	2.836242466108807e-06	1	1	0.028574113088116304	0.0031557683904848144	0.04853603629331982	0.0004671027767476632	1.3189352943143717e-08	1	0.01799758075885416	7.901622682604525e-06	5.372733447006617e-05	2.1141988465367412e-05	0.013414905182196568	0.00010387690777491354	0.00964397021566299	0.02219628621279912	3.2127771192325127e-06	0.09852830164954918	0.0007371829377809114	3.249198512689233e-06	0.049361141377953555	0.0014561911900897728	0.001881939885152506	1
GO_CATION_CHANNEL_ACTIVITY	1.5483652267000991e-06	2.919187114258648e-11	0.00017766541402741698	0.0003988879289448244	0.0	7.696479263574751e-06	7.930651626519847e-07	1.533080662419195e-09	1	0.0025946047999002575	0.0007333561135463018	1.7620100843940278e-06	0.00028536586444161127	1.073496336267965e-08	2.946598520736643e-11	0.00019313773847051685	4.2613775652622365e-07	8.675948848235748e-12	1.1248949771669459e-08	5.2783191151206665e-08	0.0011075892030540935	7.555610581633232e-10	0.009098518123850208	9.908387077484093e-08	3.643420010135401e-10	0.00018915377040729098	3.362890195646173e-05	4.0985485716404924e-07	0.004099252590625824	2.723385296010683e-05	0.00017468591899405528	0.008226827430956374
GO_CATION_CHANNEL_COMPLEX	2.571672207407616e-06	5.8620711618218024e-09	0.0021158192439515444	0.029909522531982202	1.1593655813157966e-08	9.784275409763232e-06	3.48865969446166e-09	1.0284499918356005e-09	1	0.0004131776879406912	0.00046499909179964494	3.134816450867106e-08	6.8312297084593965e-06	8.356118059493767e-06	4.1762815428114664e-11	0.0023789298165517447	0.00012887307812081694	7.060954043680567e-10	9.784275409763232e-06	4.595560221032358e-06	9.444479547981999e-06	5.431146643530838e-10	0.04448337096133392	2.0364571584607916e-08	5.579244127251748e-06	0.00013932554126538932	3.704640728630082e-07	5.258877318059518e-07	0.05556432927562527	8.133240717911328e-06	1.2810865300694196e-05	1
GO_CATION_TRANSMEMBRANE_TRANSPORT	0.0016653491274809529	2.7738205303773356e-06	0.006859083147132794	0.00024472002174436014	4.8987350398377316e-08	9.224270273910928e-05	0.00034016530273828227	4.15977956058633e-06	1	0.0008603747302744491	0.017595617406044983	3.54156321787924e-05	0.00152375923834569	1.7947174696719692e-05	7.301513837987272e-10	0.07446705417173805	0.0009807880697484395	1.07208165789352e-07	3.9813778830444235e-06	2.2753066208913708e-08	0.003379386730399725	1.094614110463965e-08	0.0002864611062409761	2.3515852209943233e-06	1.0898108637746873e-08	0.00432157706595071	0.0006309230503175334	1.6771645296675963e-05	0.03813372040364149	0.0004685217672319997	0.0003549702450744707	0.0016711842124844667
GO_CATION_TRANSMEMBRANE_TRANSPORTER_ACTIVITY	0.0002444458018329154	1.9782904137066737e-07	0.004709696010883002	0.0019654260107958565	5.031021821366721e-09	0.00013855963255648973	0.00040157911454341555	7.903752756499571e-06	1	0.03437316846617322	0.0232908150898391	0.00023339047597170648	0.002353085902709773	5.600348770506969e-06	5.430601524025747e-10	0.005236942890775365	0.00036487524055128784	1.846164265906225e-08	4.222757761129792e-06	2.8658070527765034e-06	0.005985245979845288	2.726622199133999e-07	0.0013671527985525955	4.765628092184837e-05	1.7875864266603259e-07	0.00751126256981649	0.0018797130350791669	0.00010864886006323182	0.035177234513578015	0.0008853318072834515	0.0036105511196506956	0.009429496074832122
GO_CATION_TRANSPORT	0.015787993031450287	3.247212504442487e-07	0.00021432320088277113	0.0004596730600366916	2.0595709804283047e-08	3.5414881062401093e-05	0.004438806989196631	3.2098698875548948e-06	1	0.001677614480096068	0.006056482398594465	5.8659016626716465e-05	0.003001014093783616	6.282219012054835e-05	3.42863185620601e-08	0.028749193186968447	0.0009707635223855648	5.777664944250915e-07	5.124643928988704e-06	6.188099063164643e-07	0.014109102164044485	4.2711588776889187e-07	0.0002445605722938282	6.68525173619372e-05	4.333191350180954e-08	0.002999205471242883	0.0003207691729535389	1.2332441768792002e-05	0.04825860919285341	0.0003637080097045331	0.0015874260204898905	0.0013332171316030594
GO_CELLULAR_COMPONENT_MORPHOGENESIS	7.150324776716843e-11	0.07649178307218052	0.00029336105065425055	0.061642109051234906	2.9925751876547224e-09	1.7558823659502565e-06	0.0820507199467726	6.870211520459968e-05	1	0.025868816767716685	0.02625531810695314	5.333840192411898e-06	1.369915823890011e-06	0.0013630110934538253	7.264871927170624e-05	2.7055053015256902e-05	0.0003265738357195458	4.643887008315417e-05	4.2127956012549816e-08	0.005596717173643073	0.0039226164972382405	0.00011194868620245657	7.273662648132895e-05	1	3.55386255778134e-05	0.0005300485364554408	4.587834182556705e-07	6.103115579580987e-08	0.0004823435897266526	3.742818253327229e-05	0.01398274795550114	1
GO_CELL_BODY	1.4279245019732656e-07	0.0003980212361747171	0.002874476932614556	0.013279077741986778	1.411537553508424e-12	1.3556948632587051e-06	0.011579128986585974	2.7841659272498376e-06	0.039287104019978925	0.0066218488339681025	1	9.52354421235313e-06	0.04847587717779811	5.007942463386428e-06	5.426245230921722e-09	1.931075140015892e-06	0.0001856284974010025	1.2561517577225345e-06	8.89907956214131e-08	0.0001310544936561353	0.003681446329275917	3.735248332858987e-09	6.312782417894347e-05	1	6.033438193497886e-10	1.1234980853425114e-06	5.486631730056146e-07	5.2292548735621835e-08	0.050004242155492484	1.4696876937669856e-08	0.0006762929812764717	0.006532382548921523
GO_CELL_CELL_SIGNALING	2.0589690774563962e-07	1.4680281356094227e-06	1.213983269465757e-08	0.0011482522032024711	0.0	1.0398403249567423e-09	9.395008342349964e-05	2.186906211676387e-11	1	0.030374386542192156	0.013467329930734406	1.3092834594274905e-09	1.944369364004217e-05	4.2906310948609416e-08	1.4579337737075093e-11	0.0015458092628611864	6.28644233733322e-05	7.759335174384319e-09	0.0	0.00044107810798432734	9.528628201305178e-05	2.560757161873539e-10	1.348208850360244e-05	0.005469440382853241	2.20635731906782e-11	3.2255928419377966e-06	2.2570922908471402e-10	5.775935285612377e-12	5.311389479167872e-05	1.605508170854364e-09	8.1085215208887e-09	2.484606492181296e-05
GO_CELL_JUNCTION_ORGANIZATION	0.0003264907038300624	0.00010446295334265443	0.0011351615419675776	0.01328976627182743	6.859318734342423e-06	0.0036262770538922906	1	0.000369854818279447	1	0.00398879002235808	0.039961186049672914	1.9096331969503666e-05	0.015239452519039132	0.0015125588207512974	3.2765556414737773e-06	0.00906439367488776	0.05224205801148318	7.170397131106565e-05	7.206720047392423e-07	0.00019390368841387673	1	0.0043442065225779425	0.04799620183907727	0.025193814703917017	1.379424426906084e-07	0.0038526929692682677	0.012768673284705878	0.00015550367050010117	0.0691127707947945	0.00017036383931867682	0.022015964178589087	0.01694503555312643
GO_CELL_MORPHOGENESIS	1.5300469669021766e-08	0.05069921235981689	0.0013263461885262284	1	3.853192986902343e-08	8.84153904245899e-06	0.02174580873326959	5.789537186651206e-05	1	0.008969950963240603	0.09264345139211305	0.0001981444441446767	9.242924568342303e-05	0.0013870400547368877	0.00052568321010249	0.00024181429797986986	0.0017313945164137978	8.089612537620638e-06	3.4454177444409595e-07	0.005885266032624292	0.012030222294474924	0.0005346845883135165	0.0018569635314583666	1	0.0003771297785464256	0.0037763459142947653	1.58994671317636e-05	2.733870241722336e-05	0.0006846129087877406	0.00011907650212295007	0.005842337671290054	0.09317711700722064
GO_CELL_MORPHOGENESIS_INVOLVED_IN_DIFFERENTIATION	1.0069350797614618e-08	1	0.005366383669520025	1	2.6104891182043843e-07	1.9504531475811326e-05	1	8.79524169061785e-05	1	0.019889880956945216	1	0.00012464272046108782	0.00021825449798584806	0.006157820508820411	0.00016391347078681395	0.000569605203872614	0.0005660207589134325	0.00015332816645452496	1.6017704251858333e-07	0.010284445981565193	0.006917688884969353	0.0004266692773272629	0.00032081273347217554	1	1.3000574905719375e-05	0.01789323411355037	2.2796679829961697e-05	0.00010851165793368533	0.00453698146170789	0.0001264280902608661	0.033442329740450805	1
GO_CELL_MORPHOGENESIS_INVOLVED_IN_NEURON_DIFFERENTIATION	2.137006682723097e-09	0.06065340636382688	0.0009766093839712608	0.041256932474421304	2.173919133596769e-08	1.882864400837292e-06	1	4.723986536891989e-05	1	0.007280774733805284	0.05297405704663327	4.059544721113362e-05	4.654334700127105e-05	0.0025277085136842237	0.00025280538896910176	0.0001287094014370549	0.0008025978290163716	6.792440097247443e-05	3.1432224156802135e-08	0.00728412911541676	0.004237510115762899	2.7148224449824454e-05	7.984672187433262e-05	0.09784592390778868	9.303606705035605e-07	0.0057618412255979745	7.58772334408242e-07	4.747379471758961e-06	0.0015645655837611683	0.00017424164610169157	0.027126085140043332	1
GO_CELL_PART_MORPHOGENESIS	1.0521972182431227e-10	0.04441546478224012	0.0002970511451259039	0.08018209386684338	1.341143862632066e-09	5.861582650368291e-07	0.03829108355475275	0.000110060414217239	1	0.014843385189496683	0.013338890032775441	1.58941667341983e-05	2.3582828712065407e-06	0.0029212894361255737	0.00035955009982480135	9.070733204219472e-06	0.0009657612909997892	6.301956923082663e-06	4.233663930541809e-08	0.01850879720325349	0.004269151476940181	1.9362026392411025e-05	0.00045644844186909506	1	1.2981878022122473e-05	0.00019438592535891974	6.588384166006378e-07	3.0262369299371983e-07	0.0003171331826505863	5.002902290529576e-05	0.009529780035591795	1
GO_CELL_PROJECTION_ORGANIZATION	4.226199173951173e-07	0.030120524702077045	5.485019644868583e-05	0.0015899960558872772	1.993876105332859e-07	2.5351324928202246e-07	0.001143826356333033	1.9497565695303365e-07	0.05391853361863885	0.004659004497215236	0.004217669518891243	2.672734610187355e-06	3.387570224333558e-10	0.0003451385054941136	8.081476184917946e-07	0.00048814795615204076	0.0009179839047888105	2.2276033762036462e-07	3.676516091566384e-09	0.016691113758835474	3.304502316980873e-05	6.471537238650349e-05	0.00025905452623409264	0.010865786421809132	5.3491850948717e-09	0.003786951498593205	0.00010816110159217462	3.587716962272225e-05	5.9783744565944374e-05	9.362246119004602e-05	0.0004856330829717814	0.00020412431309524415
GO_CHEMICAL_HOMEOSTASIS	0.03704635467303907	0.05270629452834974	0.013202579759951982	1	2.139707788173517e-06	0.0015728646991891582	1	6.343259318919436e-07	0.014945161226726178	1	0.04333276344456127	0.004124654159361363	0.056614591749417076	0.006556584704541679	1.3232022727516224e-06	1	1	0.00030223810274365714	0.0007301107026451703	3.720950815022661e-06	0.007735925511069053	0.0003192681651928986	0.0001395319556085628	1	7.673050614787069e-05	0.010761906469379467	0.005064171335045886	0.007232527975315595	0.033295980063313135	7.665298877856941e-07	0.008909769875923401	0.036163973993733944
GO_CHYLOMICRON_REMODELING	1	1	1	1	0.008033530892918583	1	1	1	8.005941799504868e-07	1	1	1	1	1	1	1	1	1	1	1	0.0013225428823431251	1	0.002611243665049834	1	1	1	1	1	6.348231406949623e-05	0.00011243081374223696	0.004706967703466791	1
GO_CIRCULATORY_SYSTEM_PROCESS	1	1	0.022075874968148557	0.033237954638245304	3.6117568088078755e-05	0.01584128369289506	0.0500991750148817	4.54674176419978e-07	0.03608193216148403	0.08167634971661797	0.001062057046202658	0.0005248118505193355	1	2.9251753171921635e-05	3.026467965128177e-11	0.003257864939804178	0.005684271664236129	2.9935271091963145e-06	0.00012186339606834462	4.564597446909957e-06	0.06611282045673783	5.1617058829278584e-05	2.9914394055197135e-06	0.08393964752436667	0.0001601463252307589	5.843633937074877e-06	3.5112110152724085e-07	6.881081260345923e-09	0.007686544934111139	0.005836282876743537	0.0004978102612762658	1
GO_CYTOSKELETAL_PROTEIN_BINDING	0.010097983308139713	0.0823854773525764	6.885072531048753e-05	0.0001919178658011944	1.853773520243962e-07	0.0003804688418649338	0.012671842868260508	2.11881102090139e-05	0.018562692831339933	0.0062782667849266005	0.000383148583497972	0.002022012220063152	0.00010414197666042124	7.302269760978142e-06	2.8446396960202236e-07	1	0.06686134726626092	0.0019245023079147439	0.0003804688418649338	3.4278477410665253e-05	0.007423624014701313	0.015409869739256732	0.00034849157143257425	0.0059733866664783974	1.0334814559698202e-08	1	0.0008371314626670623	0.00020247452788868525	0.02026855825175855	0.00011499218935961952	0.011949544623489294	0.02917558053780056
GO_DENDRITIC_SHAFT	0.006536095435418554	0.01330392523116286	1	0.01722156442314471	2.4083430861465693e-05	0.009334933302650117	0.050910394729360764	3.946942248300722e-05	1	1	1	0.01287762233699652	2.4886897982412393e-05	0.00026927912443186486	2.6435672286773126e-05	1	0.02708571211254307	6.833709567710677e-05	0.009334933302650117	6.157467980416609e-05	0.0016531327704978338	0.0004991287896297658	1.884266934404355e-05	0.010341584897543	4.559544710680541e-07	1	0.00055095677987127	4.243497804212737e-05	0.048468182825565975	0.0008542224335136295	0.010038295358321236	1
GO_DENDRITIC_TREE	6.481304071215277e-08	0.023611850446693672	0.07524104943944776	0.001553347575516395	1.4777068457760834e-13	8.797732205079178e-06	0.0008492810836171483	5.9564381098109465e-05	1	0.0017476291130920085	0.006136042037800715	1.5856179167439421e-06	1.644142012013905e-05	6.43573372371975e-09	4.028954947443708e-11	0.004487088492682645	1.7403664913206995e-05	0.00025727360395200183	5.204500164168735e-10	4.414931358609486e-05	0.004803846046530613	2.596738232774065e-06	2.7826449146339804e-05	1	0.0	0.06913569562984156	1.415608240318278e-05	2.459954462352698e-10	1	1.6010250902809275e-09	0.000376490874701374	0.007983766680417337
GO_DISTAL_AXON	1.0092244018267138e-07	0.054880405977281055	0.010595427173702321	0.024209884908874324	3.281821037148802e-09	3.137634929650801e-09	0.002951344853315052	6.664450885596196e-07	0.029564623656559763	0.0018509454393338398	1	1.2716003006896237e-05	0.00014584149841323502	6.0776153794073196e-06	1.3051226765981028e-11	0.007786443451970881	1	0.00023716992137645665	1.106863635191857e-07	0.008251974522614058	0.0030860761598351383	0.0009394638102750985	0.00039170156191836725	1	7.399281187758788e-11	0.0001171213726964826	1.4910234051423998e-05	1.4350226806847388e-07	0.0024538198769520347	1.1464493515300767e-05	0.0037516248854924106	0.005973661812184505
GO_EXOCYTIC_VESICLE	9.39944241616919e-05	0.0851987209579469	0.0022634817741701285	1	0.00020707484646287355	0.014984305776850393	0.005817277143435828	0.0004922539191909436	0.001405702747219073	1	0.0004993211099995065	7.3630326077323005e-06	0.0048684591885221895	0.0007003482771956726	5.970504063446125e-05	0.019271619927948236	0.0652450766944751	0.0011194534957812419	1.1208452123101509e-05	0.03840902066881302	0.012708042114302542	0.001634941507005383	0.013876730294362205	1	2.0180680537773554e-07	1	0.00044014327082420035	0.08301848111636634	0.0582057715476022	0.0010168827156038507	0.0051734609012341615	0.05147781622140324
GO_GATED_CHANNEL_ACTIVITY	8.51776347432498e-06	5.2393311911203e-11	3.4308748192435345e-05	0.00042326815906590376	1.0183742737979173e-11	8.563804046235468e-06	1.584871955895295e-07	2.799883658255453e-10	1	4.781973142464757e-06	0.0007728451358752775	8.823679498171089e-08	0.000307927028677657	2.5220253663249537e-09	3.956746041922088e-11	0.0002026969846018467	4.716086879907877e-07	2.034905577374957e-11	1.3007444121804213e-08	7.274194580020321e-10	0.004949712027426001	5.839063121904076e-09	0.002857784098492022	1.0846475284598256e-07	4.452589408288077e-10	2.655889206149009e-05	1.6212197382348137e-06	8.394783279630502e-08	0.00032307326928293634	0.00012199178271476985	4.9210116558229267e-05	0.008531951846889707
GO_GLUTAMATERGIC_SYNAPSE	4.017305621828449e-06	0.0014097998148465685	0.02120798886597719	0.0001270869115274076	5.29663269452918e-05	2.0200955408444798e-07	0.002525691294154031	4.556284107115616e-06	1	1	0.022725287570424135	0.0008807322977558707	0.00013874401904878653	0.00015108647208927906	5.085240893820675e-06	0.00029338790245969637	0.003142048609106829	3.628758094009754e-08	1.9849311083675047e-10	1	0.0071341605175754275	2.725084451316029e-06	1	1	8.450341981713905e-09	0.00030352437645497776	3.7698602532998393e-06	1.145757023812699e-06	1	6.327112882409391e-05	1.4259857630261052e-06	0.046096462639483526
GO_HEART_PROCESS	1	0.04875163633945323	0.008826972274299516	0.02082986952399113	0.00023835388962445414	0.021582657772760916	0.024206852713374527	5.4937507166341604e-05	1	1	0.043914583878196245	0.0005088041695436862	1	0.0006985534439186702	2.204310289855016e-09	1	0.004051575547723285	8.566799122755597e-06	0.00017176261244755686	0.0002859125657799222	1	3.660540718430916e-05	0.0012118841380875933	1	0.00012165625904203559	9.155695852824941e-05	4.730050726453605e-05	8.351665670147668e-08	0.05916266613041343	0.006665420013514223	0.008830657581210155	1
GO_HIGH_VOLTAGE_GATED_CALCIUM_CHANNEL_ACTIVITY	0.004300063185142089	0.0009260094352874226	1	1	0.009939669219597103	1	0.0038778184804562077	0.00011787019301723323	1	1	1	0.00023897740622635943	1	1	0.00042932220389357845	1	1	0.0054935770064602485	1	1.9791160976723177e-07	1	1	1	0.0007122797049362584	0.00023059867530694778	0.0005578344062701079	0.00011260563585224759	0.00012329330238580738	1	0.00015928213382088163	1	1
GO_HORMONE_ACTIVITY	1	1	1	0.004027439877307137	0.00012154367051919746	0.051971404064029114	0.029581176101957762	0.0015589652529330866	0.029011657360306753	0.00040593755458573355	1	4.194239723753768e-06	1	0.0027444638438244295	3.7215312148619617e-06	1	0.04960542319282468	1	0.0028456617489580616	0.03198310047924624	0.0009613731400464065	0.0001956014595148048	1	1	0.07115352331413538	1.2361488721523983e-08	0.0014413238427146702	1	0.027106089551637513	0.002599407751022853	0.014782989666416335	0.07627952928374437
GO_HORMONE_TRANSPORT	0.0004477508211442327	0.0007398126001622041	0.0007137144775091198	1	7.746339387715295e-07	1.0703684345525488e-06	0.00028528270076189077	4.99068564252525e-11	1	0.06465190538292931	1	7.042000316204167e-11	0.0008659066062336462	4.1145217650750965e-05	4.921151719461392e-08	1	0.0003479368091042767	2.1929957354061003e-05	0.004238449369611819	0.002409987208476183	3.2189282082595305e-05	6.847002308463246e-07	0.00012893389298063163	1	9.428355284279988e-07	0.0001539989877572534	4.947532433297042e-06	0.000554409364742936	0.0009038380005033098	1.6024936755343333e-07	0.014651862910025848	1
GO_IMPORT_INTO_CELL	1	0.0006886174478824003	0.04904018426393797	1	0.0009706429214887402	0.005162542029698347	0.001685812238501505	0.009315713175456986	0.08946279790141198	0.02792321294304201	1	0.003111872183550357	0.005610174576402671	0.00023347689719965814	8.18178818695614e-07	1	0.07042863500961016	7.036861941212003e-05	0.0003352038122423906	0.00992230283426443	9.153414925189285e-05	9.012902507743448e-05	0.0009430316737621958	0.002410612013778013	4.2020679419718654e-05	1	1	0.0027445615077664742	0.00141623024794435	0.0012229780574871674	0.019470888016636656	0.054884253033685604
GO_INORGANIC_ION_TRANSMEMBRANE_TRANSPORT	0.0030021734503529185	9.509727652901034e-06	0.014638403699712144	0.002103179217651463	8.021148500958475e-08	0.001049406903539607	8.697844987071157e-05	2.6778950578121297e-06	1	4.723045899601708e-06	0.005217802759650669	6.142123406593925e-05	0.0011530860715118774	0.0001713445641808864	3.925224811851535e-09	0.06843596108020034	0.005829733665708492	6.211491099250566e-08	2.2356720135063846e-05	1.4770115575046816e-08	0.04233937187353687	3.52700765926528e-07	0.0005859784763752041	5.191264185189226e-08	7.013076885886704e-08	0.0009929803093396972	6.071435360388566e-05	3.34502979617568e-05	0.031903029729053234	0.001968344111861753	0.0014695638489352625	0.015394746704117335
GO_INSULIN_SECRETION	6.181714255126813e-05	5.831864272243248e-05	0.0017575886354852521	1	1.2640424351673119e-06	6.731866297848832e-06	0.0010350013977278305	2.897890812869619e-07	1	1	1	1.860357046190586e-08	0.00016680333835950023	0.0001141414095975346	5.11445815698508e-08	1	9.98665983067415e-05	1.0792151285965446e-06	0.011631207237826291	0.03284678118737505	8.197761047767926e-07	1.2585271553788857e-06	0.0005720058870746225	1	6.489422053057581e-07	0.0009951241445340653	0.00030467182847959684	7.64746916909198e-05	0.048867933891176274	5.5874416695633755e-06	0.0038313868633821357	1
GO_INTRINSIC_COMPONENT_OF_PLASMA_MEMBRANE	2.138466578738285e-05	9.050389488174382e-06	0.0005225413470723028	0.004055533709125703	1.4912182044746203e-08	3.26491494657688e-05	0.024144095206761196	1.1304002178746941e-10	1	0.008815052707276338	0.009205021892777054	0.00021754245841931752	0.0002563587094041031	3.880133052125423e-05	1.6397486835018071e-07	0.0002846352240393202	7.962956304918833e-05	8.541150500196437e-07	1.4093093281264402e-07	8.590223960258658e-05	0.01947011143437194	2.5756414905986347e-05	0.0021291449076036306	0.00014985920121657337	1.6812675143640377e-05	0.0003235758680938394	0.0021265643403388657	8.67559304970067e-05	0.0006224025367959074	0.00010802303250567746	0.001109176933231315	0.004382664048700025
GO_INTRINSIC_COMPONENT_OF_SYNAPTIC_MEMBRANE	0.026465411215422674	0.00734400170941929	0.017526966458308424	0.011733040082456458	0.0011676483861360332	0.00012992142070988866	0.021667807916668225	5.1818951309345884e-05	1	1	1	0.0003157853638334762	0.068130966253931	0.0010630975286234357	4.0154885616594527e-07	1	1	0.000653532476249219	2.242356172021953e-05	0.06806075821379998	1	0.00022908645744901257	0.0575352555741645	1	0.0013423505533457503	0.0029682654299240108	0.0002736513634956639	0.007624041549898708	0.01949808430606459	0.00011314415004559653	0.000158957863702347	0.024260797340987406
GO_ION_TRANSMEMBRANE_TRANSPORT	0.0015905771369237875	5.310383288770204e-06	0.009705492100971713	0.0004070263570500332	1.4840187856357545e-08	0.00017584180597551846	0.0007749891693689115	7.416538438276277e-06	1	8.949527781498823e-05	0.034861657059467754	4.753303964544209e-05	0.005702295660787171	5.01010942749458e-05	2.477459715155561e-08	0.008701492104537079	0.0022080837088036542	1.0061553355922292e-05	1.1038240530170107e-05	2.728999892731565e-08	0.012913222000994429	1.0283079654449523e-07	0.0005303551607384049	3.30655956326531e-06	2.8414815034238927e-07	0.0008221533727462704	0.0006494128254989073	0.00018003177636871648	0.04430162904326418	0.001533216583679331	0.0006245092363944549	0.0012125138022902604
GO_ION_TRANSMEMBRANE_TRANSPORTER_ACTIVITY	0.0013891262494236667	1.0605704349408995e-05	0.03660319460826256	0.017566076645308515	3.0059220801348374e-07	0.002708464355682949	0.001856550980986138	8.747502085959535e-05	1	0.003223758969477575	0.04154193245928017	0.001033940681576917	0.00731164970016529	0.0004573076312898161	1.5281860310523143e-07	0.0063448345611416546	0.002376258083151228	2.719914335203022e-06	0.00019183398514277528	1.935678939246621e-06	0.0445827392071414	4.666519966423088e-05	0.009771751627929981	4.5925520704370726e-05	2.1686029671008633e-05	0.0038959004787193496	0.0031286419803391308	0.0018670937529455811	1	0.010345948338285171	0.030381719764024595	0.0447466233285172
GO_ION_TRANSPORT	0.020298247773562372	2.2583266443332306e-05	0.011566780608548877	0.007532755208896957	4.611999671055855e-08	0.0009497513248747369	0.019320463504643004	7.004198795734773e-06	0.07182425327240138	0.00021791748662403077	0.017560855488120364	0.00014183331703188085	0.023434203451819458	0.0003725505351619418	2.0015125312689008e-07	0.009253888106947272	0.004676141252352162	1.856009746892262e-05	4.72600120318134e-05	6.67796486919503e-06	0.05759009989288666	6.639447795664388e-06	0.00033149152003608684	0.00036688520267791347	2.307542694368614e-05	2.0116054598284805e-05	0.00016111573419463898	0.00013119615494694425	0.06865500649240908	0.00033175478666069846	0.000774553240246667	0.0036485707388693722
GO_LIGAND_GATED_CATION_CHANNEL_ACTIVITY	0.00011105448089498982	3.623936295493735e-08	0.0004734727925538307	0.00027215876379593773	9.455671166058721e-07	0.0015370949122786026	0.019976207870398444	0.0008295180900905752	1	1	1	0.0005080933294607792	1	0.00025651247875502214	0.0016244580455108126	0.0026130896834224426	0.0008264626641493189	0.00024099683117317916	0.00024774701556429246	1	0.02932386348579319	8.592385247752077e-09	1	0.07097055852737288	0.000472689590784503	0.05724838919812314	1	0.0008975556951449359	0.00336857764058629	0.00140071575501588	0.03889114759878742	0.007708542195102641
GO_LIGAND_GATED_ION_CHANNEL_ACTIVITY	0.0005233424541000176	2.579226181520511e-07	0.000186430634043111	9.630700141749493e-05	2.6339748093739956e-07	0.001125052978739216	0.01080099858293393	8.95156408446951e-05	1	0.007322517149580099	1	8.262939229763955e-05	1	0.0013665431720966126	0.0016515346453331858	0.005306059222113135	0.0003618047198432617	3.169412593384546e-05	0.00020458807985168637	0.0011626753780902277	0.05493925506943065	1.197374747130553e-07	1	0.0188418121152365	0.0004204572327087819	0.013596176713456143	0.013066738937170586	0.0006087667760130699	0.0019117891457443026	0.0049368349869265415	0.006123016405501613	0.015237448219533545
GO_LOCOMOTORY_BEHAVIOR	0.003979306224018098	0.0638496838887117	0.030922500349353177	1.0337168889984483e-05	0.0002772848018629537	9.956658807019902e-05	0.04159562152478258	0.0009718600177477388	0.06916273002786144	1	1	1.0727758244843955e-05	0.036911896338200134	0.03308957705841631	0.0003193425041472242	0.013908243312181878	0.011072298778179723	0.0020214024999245517	4.964763040682385e-07	0.0009175716462250794	0.00023038453405965775	4.034854045653624e-06	0.00787671197567097	1	0.0010305551669604895	1	3.191905104793502e-05	0.00022265281618150112	1	0.007253616113903405	0.030079194765982087	1
GO_MAIN_AXON	0.0006116354448909567	0.03944564399665218	3.2021752039979035e-06	1	1.0064793057096288e-05	0.00772526097153492	0.000480949537807529	0.0006406848764104467	0.00043681252271954296	1	0.037064396890770235	0.011606814131066012	0.02504247277095184	0.003853606637103768	1.1351973520756786e-05	1	6.511780047624427e-06	1	0.043254912003341195	0.05670424260408824	0.008589950983511674	0.0043895845497914365	1	0.0026442215838128336	1.9851871313480984e-07	1	1	7.21766997502371e-05	1	0.0001162208941231091	0.008471266468028316	0.02674583579895562
GO_MEMBRANE_DEPOLARIZATION	0.013473498528240646	6.373691219074828e-05	0.00021404572976169156	0.012484815400507832	1.642653990607812e-08	0.00396208954109456	0.0017990853464574519	3.972774755833797e-05	1	1	0.06242310036745824	0.00017751034733914928	0.05215379742965531	1.0657989118700861e-05	1.9782115501243425e-08	0.022452089575512924	1	9.555454650422845e-06	9.876425929755683e-06	4.638395556533226e-08	1	0.0019763954121060356	0.008267643086655285	0.005997961483517833	2.1431843779451398e-05	0.0003178482935685123	0.0003067623810487641	4.577934996974342e-06	0.001594211699114556	8.670771589613935e-07	0.00010016851329541776	1
GO_MEMBRANE_DEPOLARIZATION_DURING_ACTION_POTENTIAL	0.053326013090956526	0.012641302085238282	0.0013864130377435613	1	7.968835580296485e-08	0.06707138255121303	0.005238011342489357	0.006238553344652509	1	1	1	0.011973139403595345	0.045730706205042826	0.00023678527310067032	1.5539819010479405e-06	1	0.025772146839760146	3.5713409440862875e-06	6.119978282947969e-05	1.9892514093733382e-06	1	0.005559808250617304	0.004065180632442544	1	0.00010149453228114336	0.007757220861034808	0.052838780372195915	0.0005574864266570945	0.004852008352664194	0.0007710449482145609	0.0009119001194459742	1
GO_MEMBRANE_DEPOLARIZATION_DURING_CARDIAC_MUSCLE_CELL_ACTION_POTENTIAL	0.0221916273551912	1	0.008225420012543339	1	1.070914111722665e-06	1	0.020101231775871975	0.001578115822690851	1	1	1	0.0031154524471678213	0.018889570289721713	0.0003782884758741778	2.5158352544574214e-05	1	1	0.00012329511386355296	0.0001254685973248737	1.635355201257127e-07	1	0.0014004185896794308	0.0010130434935703425	1	0.0030107555742986403	1	0.021978646016575842	8.367842202994247e-05	0.01908926863219318	0.002110157792503786	0.00013909905074338536	1
GO_METAL_ION_TRANSMEMBRANE_TRANSPORTER_ACTIVITY	3.0064757044034884e-05	9.574273263091015e-09	0.014297760309816554	0.026188405434138362	3.4425553518957486e-09	3.682790987880047e-05	6.556969686644099e-05	8.328780121136248e-08	1	0.007377441946890273	0.003017717631530581	1.2413852638948342e-05	0.00017878737892285113	1.0688922940427226e-05	9.447775894955157e-12	0.0045050151466994315	0.00015491930570532553	1.2638967650246968e-10	5.445507220702694e-07	1.3475990934264104e-07	0.005092799967436501	2.202267582740447e-07	0.0013609910453513674	1.1625153106820107e-06	7.162340276423151e-09	0.0008353435588375202	2.830392993780073e-05	2.3482093216564692e-06	0.01880030336884586	2.9493046406425805e-05	0.0005791990404363512	0.07609091048000449
GO_METAL_ION_TRANSPORT	0.010516401339752846	1.4385544544470719e-07	0.0029996561803942168	0.00030341914189369046	8.372789517263612e-08	0.00032515662488463715	0.002764794544071081	4.4972910839824465e-08	1	0.00021913145289531588	0.007154827784093709	1.9139253797817446e-05	0.0019210441725943106	0.00036207795608611537	4.2863191662689815e-08	1	0.0012112367165918458	5.576379715765967e-07	1.9358002993907775e-06	6.284656683952505e-09	0.024963619962682926	2.417794255915595e-07	0.00037243585552526604	3.0473578364054177e-06	1.9932395156629923e-07	0.004956841846639581	0.00011862463560241565	2.5109527841404855e-06	0.08137468726306185	0.0002494832015486059	0.0011299683788154047	0.019763013634299442
GO_MICROTUBULE	0.030810163693437476	1	0.014804319790894693	0.07873191796099754	0.0004346944966636679	0.02740220521471093	0.055233033439458845	0.07391862821091011	1	1	1	0.05407276948655049	0.018946414917191734	0.0027703066451179037	0.0005247901174085801	0.09639253510126022	0.026973081194570425	0.05969454180832001	0.061065442891731436	1	0.0053067794434815685	1	0.013472139861101295	0.0017950474827265195	7.45605920116077e-07	1	1	0.014349004118853204	0.01957106251703844	0.009895219635171149	0.001870312595321999	0.005440875463828432
GO_MONOVALENT_INORGANIC_CATION_TRANSMEMBRANE_TRANSPORTER_ACTIVITY	0.005366842629608737	1.80604283861463e-07	0.02672833090182769	1	5.857197853398333e-07	0.004656342481479392	0.0011202178772845572	3.7328523420421256e-05	1	0.023236453313471794	0.027834548926660485	0.00046107040336018645	0.025484090504853785	7.141506355279326e-06	2.0698263103469117e-09	0.015819678607194687	0.0002630411821435974	8.383567262071345e-06	0.000477247910205425	0.0014508075322663405	1	5.245490045879819e-06	0.0019195080810401333	0.0008833819358974315	0.00012087238570401837	0.04764739833168696	0.08917663869346071	0.0006267763049296882	0.009412505226939372	0.011378291613701186	0.03711751176973188	0.05420090369555497
GO_MONOVALENT_INORGANIC_CATION_TRANSPORT	0.02490290058426503	1.512517848301087e-06	0.00048000511981760585	0.0007070428156491504	1.6748852804671088e-07	0.004894946084225693	0.0009005801651299494	4.031674369464611e-06	1	0.0009577312948795269	0.011875181545755509	3.689218527647142e-05	0.014077538399386524	1.5876034931694427e-05	6.518661777032975e-08	1	0.00037433166304268184	6.023164378476942e-06	0.00023327122988237026	2.9142495115985767e-06	1	2.1712552439323574e-06	0.00036371904294518753	7.714313513851323e-05	2.729084793262615e-06	1	0.024088405940554947	0.0006598685131250503	0.014625389268261957	0.010246428094522697	0.0024532520773677957	0.017312044990292152
GO_MULTICELLULAR_ORGANISMAL_SIGNALING	0.01814850212119201	0.015274471725508332	0.0014837304287041997	0.004786585734365634	1.4752922239402722e-07	0.0026567072713628015	0.0008342060624642045	1.3739795758915818e-06	1	1	0.0003200128390555834	0.0003598512611314719	0.003081470879031878	3.714609415172987e-06	1.2852519049033617e-10	1	0.002757166047361981	7.400382773248282e-07	0.0001379323625987361	2.5869863966576645e-06	0.03892511310963398	0.00019572350490837387	0.0345395481424311	0.000187624370112216	6.74131431788183e-08	0.006373129100063046	0.00023801762156350215	1.6118034779077917e-06	0.04342241982365391	0.0005607641646026007	0.0007736365312450699	1
GO_NEUROGENESIS	7.031770354881672e-08	0.0015291461581439236	1.441112225919472e-05	0.0004327280411102752	4.425449229294998e-09	1.8772396526145485e-08	0.0012175437538177736	5.201474061578004e-06	0.0088489269493367	0.006904648130523494	0.00036053293495275085	2.950538483537102e-07	5.270679548363688e-08	3.4502163424043886e-06	3.127533064750665e-07	1.04101377393917e-05	1.7719274314487166e-06	1.8365607923342964e-09	1.8772396526145485e-08	0.012725364035902076	2.672579879126058e-05	0.00017267697419287575	8.901358357071842e-07	0.016336415258203174	1.900435364632358e-11	0.0021417040750058014	2.2721764222244367e-05	5.094188471055361e-08	1.5107977876516188e-06	4.051343578614919e-06	0.007848030004689477	0.045549802694266006
GO_NEURON_DEVELOPMENT	8.512434090945931e-10	0.03768272461524036	0.00043310836413534837	0.0009732482435603762	2.8252356010227686e-10	3.10350469767684e-08	0.003044689754200691	1.500281032740247e-08	0.03619819869376817	0.004735821110319227	3.979528994302317e-05	2.5275455062256924e-09	4.449670409911732e-09	5.589223458613013e-06	1.527293291836429e-09	5.854766542690015e-07	2.550253525757107e-05	2.752063033018004e-08	8.135838669431905e-10	0.005063015454477515	2.1832030541291125e-05	1.7840758783638222e-05	6.531939587883784e-06	0.04083439812016354	1.7396684093284875e-10	4.408018193557961e-05	1.1921303691986296e-06	7.4673013328308e-08	0.00015319830137228152	6.199932200967595e-08	0.008587087487285205	0.00972131160502776
GO_NEURON_DIFFERENTIATION	4.2539693989596117e-10	0.0018556609122913903	7.918830975395252e-06	0.0001296949577009876	1.2793371917396712e-09	7.637574683805326e-08	0.0019128552760769857	2.3179635944003962e-07	0.009973859647452676	0.005894001862210452	0.00043580615426708214	1.249957326532325e-08	5.2562579844206425e-09	4.520776280880767e-06	1.2438620111687726e-07	6.747289281738844e-06	6.10395290645549e-07	2.2559935031196687e-09	7.849977334828395e-10	0.027070268218000404	1.4278992392369183e-05	9.980960375044479e-05	1.411929683281521e-06	0.0565903629778417	6.663081197899601e-11	0.00039075568135948924	1.0149335681997051e-05	3.558933370229056e-09	4.030491388073987e-05	2.870945853383766e-06	0.00441136673507736	0.03553341841357194
GO_NEURON_PROJECTION	1.0837553077180928e-11	3.0741298395753347e-10	3.757038151697145e-07	7.822081720232354e-06	2.2013502132267604e-11	2.6913249406845807e-11	1.8062243922756238e-09	3.998623654410949e-11	0.008441399746792477	2.1037792174993797e-08	9.059520789111986e-08	3.895261890818347e-11	2.3140822591471988e-10	3.566658079989793e-11	5.894218446655941e-11	2.534761901973326e-05	2.4554507649376944e-08	3.029132500387277e-11	2.67832422906622e-11	1.2564966567207847e-07	2.6445236800398675e-06	3.2454483545052426e-11	5.723943541369181e-11	0.02120547930029426	4.330502623162147e-11	1.958668716051104e-05	6.1649019222898e-11	5.32874855352361e-11	6.210729085132094e-05	2.5231261524538695e-11	2.5244218826436793e-08	4.0010170088145003e-07
GO_NEURON_PROJECTION_GUIDANCE	1.2224289708262503e-06	1	0.02812041090675521	0.0647520917600789	2.224553008467467e-08	0.0004702424192645216	0.0561169992205125	3.687277491259966e-05	1	1	0.008977100598229537	1.936680700254101e-07	0.01687812819014356	0.031935113504356405	0.005774907877673208	0.03577120922886334	0.04403156689593324	2.5476399335255806e-05	0.00011691890924592219	0.005636539627591364	1	0.02203521865378022	0.0002059454360635593	1	0.00031524157843709766	0.019094405044699836	6.2836196560445146e-06	4.2771579259914816e-05	0.005257565075049042	0.0004031690464598725	0.05233865205176025	1
GO_NEURON_PROJECTION_TERMINUS	3.6649098200669528e-09	0.03172768617428923	0.05980309073234369	0.04465635437690929	5.891121708234692e-07	0.0016798488508771303	0.05468825930046062	2.2146753750673653e-05	1	0.00885396010933881	0.004458257684349265	2.4512630646067457e-05	0.00047470222653889227	0.008126235115474056	1.8656947098349974e-09	3.740626748283127e-05	0.0184000869887585	0.00031826628726006057	8.726696476224483e-06	0.010195376186647676	0.013720823036271201	0.00010886804839782549	4.9481526810946086e-05	1	4.838770560899874e-07	1.547862149331447e-05	1.9599715838203302e-05	3.452029149642044e-06	0.012775496441135403	0.0002902174724194184	6.959858515187545e-05	0.01830751014722587
GO_NEURON_SPINE	0.0021358006041497513	0.009158525351755431	0.0894798372914456	0.0676846948283728	2.1544184481303574e-05	0.01650237564563206	0.00030585817145412086	0.002262682252151871	1	0.0016270451131937813	1	0.0005048214548551977	4.036925640193978e-05	0.0004114082717472378	2.5361954149483168e-05	1	1	0.000992362274071179	3.886198322777812e-05	0.003340382271791009	0.004853862069920778	9.63660880748396e-06	3.556384472358509e-06	1	6.654714479470414e-08	1	0.00891974876061119	0.0005158786373319346	0.024895889312015473	3.3279879979475346e-05	0.05861771048409847	0.028607019689438018
GO_NEURON_TO_NEURON_SYNAPSE	1.050728474449869e-06	0.0071542592285527284	0.006578952825392892	2.5515264838738005e-05	7.695119963457842e-08	5.2864086108606045e-08	0.009017784205475943	2.553874106514531e-05	1	1	0.024437621840203594	3.4398491821630017e-07	3.2952880923975414e-07	4.342335907070449e-06	1.9577461873865332e-10	0.06681367325435583	0.00352918453443829	2.506367031696044e-07	0.0	0.05791774569888497	9.572324426909695e-05	0.0002752686860995057	4.398889202450462e-06	0.0037625835295544974	0.0	0.042879736264684776	2.1502087097946543e-05	2.9336350948483414e-07	0.0006738688250352842	2.0411235690520613e-07	1.8515506170491136e-06	1.1278590172913994e-07
GO_NEUROTRANSMITTER_SECRETION	1.148274290840856e-05	0.00880892145357648	8.666899498610547e-05	0.014008575933873502	2.0998346395018075e-09	3.5276494737335184e-05	0.0002832880443400798	1.8237791101771705e-06	0.0005612829493717442	0.0890813894795972	0.00782302360864584	9.579419562844027e-05	3.693393052861538e-05	2.533221410416786e-10	7.630952466586294e-07	0.001011339509334963	0.030868593573847747	0.004026253267405133	5.850431250564725e-12	0.017471840947234862	0.023275497568996384	5.65363470586e-05	0.0008746568874153926	1	7.549905589598893e-09	0.0035860426008479385	6.924215187809057e-05	2.8355652748057736e-07	0.005931917917237128	9.621179608565456e-08	1.6246776346484637e-07	0.0004985557528619511
GO_NEUROTRANSMITTER_TRANSPORT	2.1446837624172765e-05	0.0006731165641574721	6.974843959817179e-05	0.007427297462661575	3.3436916568874153e-09	7.048294937050947e-05	0.0016402726977837734	2.3586883072690412e-05	0.0015243758403959973	1	0.003615682471899806	9.340970425597561e-06	5.501246681172134e-05	1.64258356916136e-08	7.72139837401653e-07	0.0027047784003810804	0.01959564212402376	0.001305261418256376	3.4336755661001916e-11	0.009749447376706466	0.053637552082459794	1.60026155081594e-05	0.00018575949605292852	1	6.6293437406272915e-09	0.009182839859911529	0.00010805369418109834	4.827944490415348e-06	0.005648021867014408	3.423538961211392e-07	5.906672525535228e-07	0.0016603591911313886
GO_PASSIVE_TRANSMEMBRANE_TRANSPORTER_ACTIVITY	2.910325861904539e-05	4.794958874398958e-09	0.0005941410659643376	0.003918263748367123	0.0	0.00013755118931357835	1.510872294030463e-05	2.0621857110825204e-08	1	5.988556061886641e-05	0.001335920769259591	1.6112370827991995e-05	0.0005248495056290325	1.4571096654814042e-06	6.48337494801865e-10	0.0001949830911899264	4.4591095870183395e-06	1.3561138878515067e-09	7.090900963069302e-07	8.166726206404462e-08	0.009754508039095722	2.458454853027092e-07	0.024794024041301377	5.9254203321756904e-08	5.735827035557861e-08	5.059851392030801e-05	2.731524392540763e-05	1.0403308704831637e-05	0.005255034258839109	0.0011064055101881465	0.0016948935491344352	0.03336569213660834
GO_PEPTIDE_HORMONE_SECRETION	6.143181716056212e-05	0.00018757556177972923	0.00015501544824203517	1	5.9478144043279e-07	1.695165868897952e-06	0.00018723579199153573	8.922171335079554e-09	1	1	1	1.1107383901531875e-09	0.0006595410194800699	0.00017548964828173474	5.157000604327777e-09	1	0.0003587652110140782	1.6066418937477067e-06	0.00980248524625682	0.003418961613114946	4.434775715655981e-06	2.4122624964206807e-07	8.858357447794063e-05	1	1.1626121960706115e-06	0.00031461610554051056	5.862863810723873e-05	7.723931747127821e-05	0.00282593401362885	2.3522940595377406e-07	0.01139405123627557	1
GO_PEPTIDE_SECRETION	0.000506069941298759	0.004069825826539808	0.0017775925747890442	1	0.0004355838715345284	0.00023327122988237026	0.0026200755111619456	2.4020192945783947e-07	1	1	1	6.276047515019201e-08	0.0019583330067770577	0.005344794338043246	8.068858942111845e-07	1	0.004344717388750308	0.00022107208806232403	0.02649665508062682	0.0011841672910254397	0.0006418219192945163	3.1785077612367374e-05	0.0011636137437968097	1	3.104409020948662e-05	0.0007929503840410357	0.003946329610720722	0.005099531295489457	0.014625389268261957	4.894474372352242e-06	0.031665066234248584	1
GO_PERIKARYON	5.283903832253856e-07	0.005916300610558811	0.06671192965193162	1	1.5237888961738832e-07	0.034045218984722125	0.003890060024071662	3.185473997890931e-05	1	1	1	0.0009731083097609394	0.014982456055457893	0.0006836632878979287	3.8419367614728195e-05	1	0.02137453328141481	1.2561403064603738e-05	1.3066439060405166e-05	0.011911854923106535	1	0.0008616038454289932	1	1	0.003946999127505846	0.018457591781694704	0.004902962058084714	0.001199364879455489	1	7.022642028264858e-05	0.03752700883342164	1
GO_PLASMA_MEMBRANE_PROTEIN_COMPLEX	0.004195217219383096	5.486511871488631e-07	0.008125584382044027	0.01071668260202785	1.13250414601751e-07	4.6059543847953854e-05	0.00010882942007761631	0.00024098056775556653	1	0.013295176496526895	0.033951461975482156	0.00024902469005716465	0.011628495507452485	6.160080491013353e-05	1.6453521323178677e-07	0.007669192113035739	0.0024086336096811323	4.2244950488878885e-06	0.00252398307034174	0.0005148468323821209	0.010228673976380498	1.0465109203661171e-06	0.03880737165701831	9.76105694734386e-05	0.0002109757887466257	0.011377652454333309	0.003998469153190687	9.47438206189144e-06	1	1.1124370634663094e-05	0.00019482740034715285	0.0433899987966353
GO_PLASMA_MEMBRANE_REGION	0.024212421239935722	0.011126865885486503	0.015236466237720014	0.002093810793818318	0.00020042692296728948	7.999433655525579e-05	0.048456943727956614	2.750570619158843e-06	0.04973791155207996	0.0006272829208372466	0.09894151974181375	0.001348838668841723	6.902647745210544e-05	0.008358980026554441	2.093850807183273e-06	0.09150565782351339	1	0.0142187570398985	6.204394795705781e-07	0.0005536101374460367	0.0005629943319113151	2.5783650022814797e-05	0.00018290080532157305	0.026806680903683877	2.920892260060981e-06	0.031402983826597675	0.006224960121981038	7.263379198074738e-05	0.0011191731861528442	0.0015570984686407163	5.464332654259163e-05	0.005869133330966614
GO_POSITIVE_REGULATION_OF_CHOLESTEROL_ESTERIFICATION	1	1	1	1	1	1	1	0.003533160165558602	8.005941799504868e-07	1	1	0.005635596109551999	1	1	0.008294842407552516	1	0.001575273120186793	1	1	1	1	1	1	1	1	1	1	1	0.002957578075432954	0.00011243081374223696	1	1
GO_POSTSYNAPSE	1.3252999331303528e-07	0.00017277930205295	0.00155189036745218	6.898309806269154e-06	2.23301377388907e-11	5.949774006808184e-11	4.3346489108531117e-05	3.911663215561134e-10	0.049863619061189524	1.1514622396013863e-05	0.02418115176064961	1.1440621783265215e-09	5.671240921323317e-09	1.993333593741653e-07	3.76081388253624e-11	0.00110001189828568	0.0013185219980647034	2.1645430781092045e-08	6.130651541980114e-13	3.1534423835521963e-06	0.0020422987163897233	1.6798318069888296e-08	4.163006261936886e-08	0.0010971614149353215	2.4570900869491652e-11	0.0019863743355720276	1.2055600628890772e-07	2.6113547990647135e-09	0.0009564792133263111	1.6256576307327464e-08	1.616021654271549e-07	2.3792928965593596e-05
GO_POSTSYNAPTIC_DENSITY_MEMBRANE	0.0003345804717277412	0.008888601469224433	0.017689899170957868	0.0014453823965261403	9.192572926708387e-05	1.016733078840204e-07	0.05801841557378862	4.263355320333062e-05	1	1	0.00809249592222927	0.0012351761391801164	0.00021065154065968983	8.371674779539262e-05	1.8908130995365369e-06	1	1	0.0006506645994158733	1.1079890870346887e-06	0.09561772553965153	0.002539903076091532	3.269063049904375e-05	1	0.006182300472102553	2.528201425988641e-08	0.04300285829914752	0.0003254679730373411	4.611149000410819e-07	0.00021712948831986711	0.0006054960555375022	1.3010802626611806e-05	0.00494711748412846
GO_POSTSYNAPTIC_MEMBRANE	0.007590523347221212	0.00031596983132253786	0.00669898377645195	0.00012090650649121404	1.656919179637839e-08	4.188925650794317e-09	0.01821722267757553	4.434042133460991e-09	0.0229448032980778	1.2089231752332452e-06	0.0015843171015615942	3.895313614887819e-06	5.334019059777262e-08	1.6152613128150861e-06	2.1896121360498455e-08	0.03421260114774238	0.011876541116867978	2.1169738790960402e-05	6.466064350618694e-10	4.286744173631618e-06	0.000349868175077761	3.889557540492916e-06	3.5947504085753756e-05	0.0009530599070060042	6.178273448398386e-10	0.0032877013601280147	2.6651493297058515e-05	3.700534167982994e-08	3.7422790266639083e-07	7.017938381537192e-07	1.239180840384435e-06	0.003951833581434694
GO_POSTSYNAPTIC_SPECIALIZATION_MEMBRANE	0.0012467987322972718	0.0021830146510141146	0.005474918579041255	3.864245095419605e-05	1.5450651867143783e-05	1.1242670017175271e-08	1	0.000205528256916776	1	1	0.015837700909357766	0.00014925838123547308	0.0007992676663529652	1.3753791508364088e-05	2.683112793389064e-06	1	0.04571080745566791	0.0004140125403916395	1.146680463914862e-07	1	0.0061725969125565605	2.362954152124175e-06	0.08422874717443096	0.012193935751075302	3.366647249869459e-07	0.008737275472820882	0.00018696972733267536	3.7679776254684327e-06	0.00011736742695844793	0.000381250592267679	1.093118190798048e-05	0.009815092267586811
GO_POTASSIUM_CHANNEL_ACTIVITY	2.9257351764955253e-05	4.304726575199425e-09	0.005807827140908106	1	5.307648764940609e-10	7.351415312450982e-05	2.001065542089897e-05	4.133544416751178e-07	1	0.00038125210859252245	0.016558726619899322	3.6127359765991685e-06	0.0008726997912947843	4.441744749783538e-09	9.172262949164178e-11	0.037373899377687425	1.214659897108561e-07	9.74856864455198e-06	7.351415312450982e-05	0.000599770550702039	0.038271289117124296	2.717723582734699e-06	0.004035131385832225	5.56761643899506e-07	2.3697662455690605e-05	0.06885658266514993	0.032629843682767334	4.32927507276748e-06	0.000898444695650924	0.002392819823319736	0.0005522874462043914	0.07413574413246271
GO_POTASSIUM_CHANNEL_COMPLEX	5.2535916094886836e-05	3.007029121260274e-07	0.002619102608205637	1	2.413262191414134e-06	0.00011890569162664733	3.835496015902606e-06	6.113939546414926e-06	1	0.00016218152055769153	0.06853813838000256	4.227690777680593e-06	0.0019702551990494754	1.6493924093197165e-05	3.654503277772392e-08	0.02480213959786859	4.728265261499942e-05	1.4199160298655755e-05	0.0008340566634875701	0.0021559022574115794	0.021635165348144803	4.1181859855576874e-07	1	2.5066508966276047e-06	0.03457264316384945	0.04642248047098496	0.07191635205142943	0.00048150767899224345	0.012320087896658727	0.0007584831580633722	0.0009581748769954546	0.05009887337861141
GO_POTASSIUM_ION_TRANSMEMBRANE_TRANSPORTER_ACTIVITY	0.00018561808283168446	4.322232305398188e-08	0.014265252167751319	1	2.1561359142552305e-08	8.078751959550434e-05	0.00012904252636181113	5.85162639676895e-07	1	0.0010213323963582654	0.032665874135264894	3.636937865580947e-05	0.0033071054634828956	1.8020841707766522e-08	8.041867172181583e-11	0.05976546424291862	1.1296040802744045e-06	1.2561403064603738e-05	1.3066439060405166e-05	0.0019348885900235535	0.01598681027885185	3.86214909942062e-07	0.0004422338589514796	3.2433114297569787e-06	5.3482263098203475e-06	1	0.020503998810902035	5.2059999091635945e-06	0.003399417618560774	0.008541202768412415	0.0005328314275699908	0.020646590684800237
GO_POTASSIUM_ION_TRANSPORT	0.011469062292708387	1.7239022986892394e-07	0.0006254276139825432	1	4.7242161183014275e-08	0.0005000364158036508	0.00011472090719388817	2.8010768815533993e-08	1	6.377783981004193e-05	0.09395691008145335	3.3938877528338907e-06	0.0018822440066930124	3.849407659295423e-08	1.8400011514430048e-09	1	5.765053586959112e-06	2.314455441010388e-05	0.00011518754126926822	7.017859178803931e-05	0.06311856059849097	2.6682214707807184e-05	5.367736699990466e-05	5.732759724708103e-07	1.4802367322208632e-05	1	0.003104495969412313	4.4954580830647295e-05	0.00756343669706272	0.006250342117308683	0.0006158256731159106	0.012808982661689172
GO_PRESYNAPSE	7.966590664931772e-08	0.0001501612348141501	0.0003003052845675924	0.021268268730670337	1.6746171116466257e-10	1.0416933788781613e-05	0.0005242316969760186	9.511764442748927e-08	0.00012453833731407293	0.00011187435141513102	0.0001124317655196716	2.193594195176729e-10	4.111862501599006e-07	1.5563434441201451e-07	1.0724976462483937e-11	0.0003365768837448879	0.009159368293530368	9.76291651277883e-06	5.8132609837002747e-11	8.250049847835506e-06	9.740079999498441e-05	3.9871947569158905e-06	0.00020697310852679784	0.005276534880938932	0.0	0.00010062111968178744	1.421974389348435e-06	5.418985561389533e-07	0.00369085656103596	2.8558862608107916e-08	4.2304233115464385e-06	0.003379837613434744
GO_PRESYNAPTIC_MEMBRANE	0.0010349273638146084	0.03562545129649575	0.06671192965193162	0.04997756031108036	0.0007522544634352979	8.078751959550434e-05	0.0007594162665731652	6.830446341865581e-08	0.0003636317477890838	0.010029591243819413	1	3.636937865580947e-05	0.014982456055457893	0.010315116207076036	1.8666134904421483e-07	0.007295668457554028	1	0.009103542731009884	2.5235057121708593e-07	0.0019348885900235535	0.01598681027885185	0.00014965893611340597	0.04778970214203937	1	3.281535689836357e-05	0.018457591781694704	0.020503998810902035	0.02304089844050372	0.05775108107287519	0.0003953255796231847	0.0005328314275699908	1
GO_PROTEIN_CONTAINING_COMPLEX_REMODELING	1	1	1	1	0.01314554903001719	1	1	0.004133060932452692	6.696770610270519e-07	1	1	0.008012152517210103	1	1	0.09027793946854679	1	0.019616916602858914	0.05141040710628675	0.05182720280075581	0.014070601667625526	0.0009984882661042693	1	0.00267888618656853	1	0.06263587222857048	1	1	1	0.0032040990944033343	0.00043867914177753153	0.054353746181535545	1
GO_REGULATION_OF_BLOOD_CIRCULATION	1	0.05176582800944407	0.009682356559229999	0.022478496923092006	1.3198564696725867e-06	0.0026967043735932616	0.02661081673602428	2.8308650715791472e-06	1	1	0.011485890490609774	0.00016716834346319764	1	0.00025478709936033184	5.692752935715362e-10	1	0.00451550839834991	7.815871183591838e-08	5.027760725762054e-05	5.608972865900341e-05	1	1.7310162427897069e-06	0.001391646478485331	0.034491054648551955	3.7304178485131345e-05	0.00010369831054068968	1.2112068056513436e-05	1.0979648279452192e-07	0.023340416368558325	0.007554831733950995	0.0009715309091103963	1
GO_REGULATION_OF_BLOOD_PRESSURE	1	1	1	1	1	1	1	0.012325559513059803	0.06259382038583361	0.0019886056531019936	0.05122599511162129	0.003045412953652793	1	0.06817653914774957	0.0007966957399236918	7.60637886343396e-06	1	0.06355353316366541	0.0210120426377719	0.0006814208489628326	1	0.036580912931504894	0.001285961243868039	1	1	2.153695266571276e-08	0.0006058620587376939	0.0033439456409641855	0.008113243511525314	0.06065078084920317	1	1
GO_REGULATION_OF_CELL_DEVELOPMENT	0.0003758899463833787	1	0.06870348841633511	0.005668880194978354	2.582593568378755e-05	0.0001612257623683222	0.08766557499033822	0.005468188019021825	0.01881648586280993	0.05998814481553838	0.07141514853790465	0.004373184913972761	1.2723294749994452e-05	0.009023193569247634	0.003679208604410289	0.003094888912860805	3.226900260466792e-05	2.6199900063916814e-06	2.3342090535338755e-05	1	0.0010544773473313285	0.0006176000215493138	0.0009461775079322443	0.04466184501646098	3.637150742807904e-07	0.00810268919409185	1	0.0005343856031567729	0.010085767146104652	0.0007302911621771546	0.04236922115249098	0.010635548172457376
GO_REGULATION_OF_CELL_MORPHOGENESIS_INVOLVED_IN_DIFFERENTIATION	7.496603417711523e-05	0.05540923334784553	0.038270014990654855	0.024506588761433634	2.9517719303262524e-05	0.0031742242540236942	1	0.03959492952057586	1	0.05860574614841518	1	1	0.00015001255707303152	0.02154968900689569	0.001356365901391876	0.04410707943310843	4.864119257341759e-05	0.0009059959539774454	1.1591002102573356e-07	1	0.0006846344032273022	1.1649893157272828e-05	0.019169422678260384	1	1.1438910812899827e-05	1	0.036918777016430315	0.0003932426189235949	0.008557818644596482	0.008704124652732848	0.07471572464601128	0.028747817157362965
GO_REGULATION_OF_CELL_PROJECTION_ORGANIZATION	0.002110797897268313	1	0.025245771990289434	0.033405006097786516	4.294754830880265e-05	2.1579475191657593e-05	0.07565223037951951	0.0008965467035021435	1	0.0037496960364326037	1	0.021206713509569708	1.5218429361141261e-07	0.04408561653617693	0.0019182376391125855	0.032720627639839295	0.0009657612909997892	1.8840135286302129e-06	1.6095186650133542e-07	0.04656019509782794	0.030604240216801748	1.9362026392411025e-05	0.044908135813201744	0.06577819009916419	3.8430585152737784e-05	0.01287997485537884	0.09767350758578097	0.0010609063156905574	0.006206108106902031	0.00040827043380120553	1	0.016023650179293525
GO_REGULATION_OF_EXOCYTOSIS	0.0004281994607112649	0.019538293448705835	5.6095987646775924e-05	0.03033838799392652	2.119479097895116e-06	0.0010853128324825878	0.0002904959166999399	9.501912767773124e-05	0.0013600995837593777	1	0.00047622831388249853	0.0006461118102657482	4.2355328924492675e-05	1.007273497943828e-08	9.351425711567884e-08	1	0.00398064218044103	0.014007445850428457	1.804314457953815e-06	0.03735991262307925	0.012263360466064577	6.715056170569778e-05	0.003381450490434701	0.06115980933845411	2.8161075360522148e-08	0.0453528802351002	0.007146655417601067	0.0005149630742349309	0.017694127271594806	8.51388324851765e-06	1.3404083927581745e-05	0.0014484879343539259
GO_REGULATION_OF_HEART_RATE	0.08765516983914767	0.08347334504643977	0.003495748418954059	1	6.4583322123557e-07	0.031803755895126296	0.0775840456508674	1.1081855620709291e-05	1	1	1	8.191396852486044e-06	1	0.00529791568943494	5.7949917238175885e-06	1	1	2.9982448689347407e-06	0.00019617435235297354	2.0600966452732905e-06	1	0.0005465081143714023	0.0003005281435191076	0.0664615818226919	0.00037595512617638605	0.006176266284721121	0.020627475181026478	0.0007363178781706337	0.002862656606458125	0.0011526641992071207	0.03458211529761812	1
GO_REGULATION_OF_HORMONE_LEVELS	0.0002711500481803464	0.0006803936575044967	0.0011431032679903863	1	7.60701321156354e-06	9.871880878087325e-06	0.0005048442126386332	1.5472956249595882e-10	1	0.06146740791082794	0.0839662959360502	5.586076046171229e-11	0.009345502843486453	5.871348307739943e-05	7.098466003885306e-08	1	0.00021826485697362674	3.271967490980909e-05	0.007419179078012705	0.009585598150416819	0.000391013064467316	2.030470259706263e-07	0.0006762700774627373	1	2.6670665953520967e-07	2.2792459903886453e-06	3.115025065669741e-07	0.0003562509579797535	0.009722998256122106	2.7257400546765176e-05	0.021261104652283036	1
GO_REGULATION_OF_HORMONE_SECRETION	0.005760456739387632	0.00023684014638791773	0.0011112970661210086	1	4.6085666185469165e-06	4.84931408140099e-07	0.0002544481142711108	2.1662914795328447e-09	1	0.04068083986200899	1	3.436100293185973e-10	0.003444196016006318	0.0002547069294566162	1.269905544498684e-06	1	0.002250056244382681	6.0270979984067274e-05	0.012136441281902832	0.004118248475585284	0.00025430356156297407	6.517036459630088e-05	0.0005717146728289046	1	9.133663230409539e-06	0.00038555256738403987	5.275720785791194e-07	0.021179808175588732	0.003563245105972168	2.1399342002847987e-06	0.03920207287826294	1
GO_REGULATION_OF_INSULIN_SECRETION	0.0024217808038550226	2.064550208047411e-05	0.004615080712834119	1	5.236645186368349e-06	8.010259940016695e-06	0.0003554121616327066	2.5337869358210696e-06	1	0.0943058256318623	1	1.4050327123982242e-08	0.0002843757025832172	0.000490559725925932	1.1446957929317492e-06	1	0.0014387244534047605	7.673395392204796e-06	0.01821704509631017	0.019513312931262017	1.6719939860521116e-05	7.335932103402776e-05	0.001064769209980776	1	3.7871247648979534e-06	0.004043260887475197	8.972242279381426e-05	0.0027913046892845683	0.027074393548163322	4.025770749072066e-05	0.005719781041823024	1
GO_REGULATION_OF_ION_TRANSMEMBRANE_TRANSPORT	0.010860098071615032	3.7312923428789446e-07	0.00901105406257352	1	2.007482816646089e-07	0.0005452195696222795	0.00026265362600053077	2.7543549038222537e-06	1	0.0004585966517772766	0.02210346033913535	7.107264331729368e-05	0.0058629023152574344	0.0005717532766220668	4.538840969736668e-09	0.03533939446582579	0.0017796121344010318	0.00016517561089313126	1.4665215503084639e-05	6.728696592128713e-07	0.0033306260383829667	6.395751282362028e-06	0.00036670299192553824	7.537324608897222e-08	3.453111637741202e-07	0.0017993481228146813	3.502285612289047e-05	1.3586936314369247e-05	0.0061087397873117455	4.139728110474916e-05	0.002050211270018476	0.035982226778111026
GO_REGULATION_OF_ION_TRANSPORT	0.01230438554892832	2.0469456241123396e-08	8.017144443694946e-05	0.033644294426606214	1.4094411193710243e-09	0.0005209830279774286	0.0032427899302970298	2.336631490518215e-07	0.066752695478282	0.00015834575833240105	0.0011736157040128647	1.626588555514452e-05	0.0059848992978581705	0.00023577912333438977	7.820423530979781e-09	0.00193198315589993	0.0002976482652832235	0.00017989087103187362	6.016174286527232e-07	2.212709878657293e-06	0.0014064232595236703	1.9758264127811564e-05	4.61748268614226e-05	4.6941190883220685e-06	1.1263238275383003e-07	0.00019662235433692832	6.751560499562714e-07	4.124771527558302e-06	0.002492270070583724	5.125138640815763e-06	0.00027278744306935554	0.01613681639858877
GO_REGULATION_OF_MEMBRANE_POTENTIAL	0.005375620438126005	3.736174823454341e-05	0.005085578323756779	0.00918676039298083	0.0	9.132666788369548e-07	2.4062054487128393e-05	1.4857448604743695e-11	1	0.0002528554345272438	0.0036470093735218034	7.790688272280022e-08	0.00826858378784534	1.4311145282164262e-06	5.103647504611786e-10	0.0052062548170128675	0.0002087415565547035	4.092324323856644e-08	2.0667704592192138e-07	2.0506828346533723e-07	0.006232348617363437	1.710528424458957e-06	0.00014091560761686495	2.0609732909182554e-07	2.7479250763740026e-07	0.00017908880586670062	2.454593429512819e-06	1.8080127273112367e-07	0.0029314677288110325	4.4553706548100536e-05	7.62699633756192e-05	0.006201457639208874
GO_REGULATION_OF_NERVOUS_SYSTEM_DEVELOPMENT	0.00026384604939955203	0.03237427771758139	0.02775941477968047	0.004632053741061126	3.795833958875061e-05	5.161179392976223e-06	0.07465040031299108	0.000305045053696662	0.016773823150542433	1	0.026663241352073208	0.0031976469803151053	2.573703524300086e-06	0.022108896502197828	0.005064496580452493	0.002640143876609935	2.2667004687781933e-05	4.617206028623144e-08	5.56093710413208e-07	1	0.0008128616553990664	0.00016805335173764036	0.0017668124212490977	0.039333424560542785	2.0247661425276675e-07	0.00688911758105637	0.015952298742460402	0.00037742018545583456	0.0079247250135277	0.00020777633964697007	0.06039140609866067	0.025935497123753093
GO_REGULATION_OF_NEURON_DIFFERENTIATION	4.754268140172435e-06	0.03649574789304211	0.00715029234313691	0.009537556546473591	7.2339440095881e-06	1.1055898033074385e-05	0.05940505183343514	0.0005537683563006102	0.058483819801807946	0.04289827654634759	0.031080719812972002	0.0012821657566642886	6.98127110565494e-08	0.016402326377904397	0.0025043726949018907	0.001495498476345003	1.274449370891606e-05	8.800943345210754e-07	2.619656365165923e-07	0.0882093757873923	0.00027440666442513084	1.0337230254897634e-05	0.0008532234020446339	0.05558060546494514	4.423523525254325e-08	0.002761290355520196	0.07756209915247947	7.09307924251501e-06	0.010486914375676393	0.0006554900387822915	0.029339320654379386	0.04015311759346274
GO_REGULATION_OF_NEURON_PROJECTION_DEVELOPMENT	0.0002447225731443403	0.09104507590516309	0.012314329597424956	0.006155358596017679	6.505168451020893e-06	3.0642439756145556e-05	0.027012857387797906	0.0008579466335265629	1	0.015750458741361606	1	0.017319557284531717	3.3520401809816747e-07	0.013845474039409389	0.0005954475013356664	0.009832838626740448	0.0001998171415565908	2.8848732234632024e-05	6.775939476177939e-09	1	0.0047849721000113865	3.307928506446345e-06	0.08336898874617216	0.05840199901722831	8.791925013573731e-07	0.010418398928613737	0.03577401408008729	2.7618083809355376e-05	0.009089040490258271	0.000797156243482422	0.08605774009623446	0.012702653990916302
GO_REGULATION_OF_NEUROTRANSMITTER_LEVELS	0.00013937745815462144	0.023495632433839786	0.0005255336296084989	0.036246046630099116	1.675284880819916e-07	8.880309946146525e-05	0.0019287492704000986	2.9926715993000563e-05	0.0016758156181333472	1	0.021013920436186218	0.0002522287652332311	6.830044484029685e-05	2.450323599578752e-08	5.221601404814535e-06	0.002968431095088042	0.074905680079969	0.005704913572414316	2.6639612737966445e-10	0.04448007940409937	0.05790981730352296	0.0005146290998137015	0.0010827658521580519	1	3.742225404002042e-07	0.010029689964693667	0.0006217297414941036	6.2874249506794655e-06	0.02267805422833946	4.683209480216277e-07	4.5408198394714105e-06	0.0018594009949188806
GO_REGULATION_OF_PEPTIDE_HORMONE_SECRETION	0.001451256943369561	5.831864272243248e-05	0.00029123459364677196	1	1.2640424351673119e-06	1.1356341249602053e-06	0.00021383185194279175	2.897890812869619e-07	1	1	1	2.6168517353042375e-09	0.0008352773635315058	0.00046036392304149576	2.9155398795222e-07	1	0.003251430535391453	6.427997695568344e-06	0.011631207237826291	0.00725927981886576	5.347857679083301e-05	4.7447944639844586e-05	0.0005720058870746225	1	3.7282298982477258e-06	0.0009951241445340653	1.0388469263933331e-05	0.0067532827826629616	0.0038189657644904784	5.5874416695633755e-06	0.01331730831066602	1
GO_REGULATION_OF_REGULATED_SECRETORY_PATHWAY	0.00024017373358375949	0.006748292967082015	0.0004248595458217208	0.010803529934123923	1.526707104404501e-06	0.000573361599792821	0.00016742215116860582	0.0002574468939080532	0.005260895441276059	1	0.0007933285996810646	0.00517339971579911	0.003979061803831452	3.004786641724877e-08	4.470888426144626e-08	0.06385718842703869	0.09669800637544623	0.03841774522427821	1.815534563320842e-05	1	0.0789682833818175	0.005183256421577798	0.0029958878121151278	1	7.679252311931783e-06	0.02037531011384741	0.005876726242147301	4.821532518006766e-05	0.017744476964267508	1.5504227397489245e-05	2.2859879417524986e-05	0.022776587926718994
GO_REGULATION_OF_SECRETION	0.0002090962971180721	0.0006552841864566616	2.1658177400407652e-06	0.04507135029886	2.194084713913469e-08	5.7398767855376676e-06	0.0008597621286571266	1.1318884385325134e-08	0.0010702212132879252	0.019429673234732325	0.04978473243431536	4.040649792536044e-08	0.0005909600373187329	5.339360186207287e-07	9.920124166562516e-09	0.01138316883695445	0.0016626049450311209	0.0009974733745033992	5.137382957931536e-07	0.003427192605646945	0.0007319997279292556	4.165585169135788e-06	0.0008725427795547303	1	3.065320797190907e-08	6.605895990563493e-05	2.1075966259664902e-05	0.004887435369779092	0.004321886063057723	6.576504896216306e-09	7.979671152491541e-05	0.021561688166513604
GO_REGULATION_OF_SYNAPTIC_PLASTICITY	0.00014046923734700734	1	0.0010070957883391296	1	9.397473698991021e-06	0.0016595929838483237	0.03653534158153793	4.261867606158987e-06	0.0007789456228275426	1	0.05392552976554832	0.012244110800343377	0.0004079014870352893	0.00018079073858734418	2.170096693565604e-06	0.08487560855751652	0.0018896047468098809	7.108535998556764e-05	5.797785918026932e-09	0.00010680033072818507	2.4631215473802648e-05	2.850428795553306e-06	0.02611101973434793	1	2.461175130363813e-08	1	0.0031742312717953913	0.0008495165198516563	1	6.338366215374869e-05	0.001962675848800277	0.0007409717957000961
GO_REGULATION_OF_SYNAPTIC_VESICLE_CYCLE	0.00015579179589797487	0.09751365578889648	0.004847917668689972	0.00034957951555159017	1.6243251911296497e-06	7.707963106673432e-07	0.00011221337249633923	2.347569860727816e-08	0.00010919927166141985	1	0.0016970307791703831	1.727992174982429e-05	1.0810082231693663e-05	2.258603748472865e-09	2.5099029765662806e-07	0.03403927725573341	0.0074466061118475535	0.009949726986538843	6.50363207732596e-10	0.026899290724843872	0.000707972455128214	1.77127264588961e-06	0.000491785819665358	0.011112293319036959	2.367597201624605e-07	0.007951511937544509	0.005819452123743352	2.94135334866219e-07	0.004243738953530696	6.662501728094128e-08	9.836990038092353e-07	0.008936425084438704
GO_REGULATION_OF_SYNAPTIC_VESICLE_EXOCYTOSIS	0.0012800484577003557	1	0.012182360561486028	0.0008586856961141365	4.0749142042884046e-06	0.0003146044178806706	0.0010116571508370642	1.5352491343767483e-06	0.0007032312057582146	1	0.04969240732414937	0.003780931846736224	0.006446109504412378	3.873205228765997e-07	5.100615511066664e-07	1	1	0.06359614800455482	3.7524950231571097e-06	0.07534154341398613	1	0.00013124041630530048	0.005265819821964168	1	7.281730855779323e-05	0.033359140514701124	0.008526793221209306	0.0001788652013308134	0.03845408070866674	3.292834489976304e-05	4.1736253741930796e-07	0.0033414735426238185
GO_REGULATION_OF_SYSTEM_PROCESS	1	0.008326045902831702	0.0013018516870876295	0.017993625459432172	1.6712697126219922e-07	0.013474189248793178	0.007218217239024938	6.406109220091771e-06	0.011214526109713185	1	0.06090967338699871	0.0005260462294283119	1	0.0016384696595080905	1.4101064760296822e-09	0.07416879867064119	8.571910791055348e-05	6.740624725054545e-10	3.359669758173922e-06	0.00021968694155050095	0.09297122822130033	8.739746982788787e-07	0.00012080711610917838	1	5.8330990843069586e-06	0.000377991036519032	1.3449119891095762e-06	2.209753022119898e-06	0.014171781859257493	9.047464924405446e-05	1.728535813683152e-05	0.0022748774941572236
GO_REGULATION_OF_TRANSMEMBRANE_TRANSPORT	0.032147228541049455	2.369363112486589e-06	0.02227805415625539	1	1.2591142765083774e-06	0.002789465057272955	0.0013250983623118717	2.6041046800151513e-05	1	0.0012125489294820824	0.04415162635161529	0.00019144631604717244	0.01846732573487353	0.0006117450307011607	4.230387562476068e-08	0.05846368127873369	0.005752070745160154	0.0010034225754086412	3.923468079136683e-05	4.656300308880645e-06	0.0030697827188178595	1.4808259896637033e-05	0.0001649254589815019	6.960035958680777e-08	1.5039242696746058e-06	0.004505247456093375	7.324141310649512e-05	0.0001068760822211523	0.019166584808121834	9.87383004966702e-05	0.0013927645510506403	0.020698825762935136
GO_REGULATION_OF_TRANSPORT	4.0280101436196425e-05	3.8416205772051626e-08	2.908731164819045e-07	0.017414501374864	0.0	3.947597728704011e-07	0.0014646864604075382	0.0	2.2070088487868844e-05	0.0001545246342554707	0.003116848028159369	2.420576850070688e-08	3.330466141160393e-05	2.669475085426143e-09	0.0	0.0059892137460338946	0.0002455305304706057	0.00013289534499827393	2.4992929947842413e-10	3.130053453725967e-05	2.0805673118795553e-06	4.5938218928842645e-07	1.2768852476474635e-06	2.683776624601286e-06	0.0	2.6113938356164823e-07	3.556113988834042e-07	5.441221924362694e-06	1.550771387004435e-05	0.0	1.3497771034209904e-07	0.008054413755124168
GO_REGULATION_OF_TRANS_SYNAPTIC_SIGNALING	1.5572391048435108e-05	0.0012047106706744026	0.0003982489014203727	0.010539576833936581	1.071848165778988e-10	6.967654897493958e-08	7.99077199520326e-06	4.384884366714914e-08	0.0004271233854099554	0.04065820789801067	1	2.8000621405843695e-05	2.218717448465579e-05	2.216072784388956e-06	7.009843372429714e-08	1.748084276576023e-05	0.0037411598539471846	6.443545641499071e-08	0.0	1.0237254413736352e-05	4.793687498172439e-06	1.1124632603998208e-07	1.1128799869197792e-05	1	0.0	3.395722094501341e-05	3.5110177608599358e-06	1.2394226802658892e-06	1	1.6665001062565743e-05	2.0282630289747416e-06	1.1879561334637856e-08
GO_REGULATION_OF_VESICLE_MEDIATED_TRANSPORT	0.0015219279706999433	0.014287654096177937	0.00012010671786155669	1	2.04451898089264e-06	0.0006992289323972667	0.017819986109184893	1.555668791997089e-05	2.433985670124983e-06	1	0.003330218873237145	0.0009311514246989061	0.00020485244791879076	9.253599553282754e-09	2.425306613318412e-07	1	0.004399595026592595	1	1.7973453789732474e-06	0.09491581315910846	3.9054102064506324e-05	0.0011281201400250573	0.0003703413908107134	0.02487893038494482	1.2303662533241777e-08	0.048525464205533164	0.02436768273322165	0.0006721260540494267	0.0020904463937690965	8.121253158854813e-08	0.00010763347146147684	0.017450710339129816
GO_SIGNAL_RELEASE	1.5583100005267525e-05	0.00012375771222961074	3.907418102522264e-06	0.04505048182161586	1.4734824471673846e-10	4.6048022395162036e-08	0.0008633043704026067	3.8899994336816235e-11	0.010510340234227145	0.09853487827534413	1	1.9781100091265102e-09	0.0017812432461538075	2.4863253678120145e-08	1.364615609400488e-08	0.004522564160678644	0.0009513619441317012	8.798785950081545e-05	1.8491381215124392e-07	0.0007326317237370539	0.0004298984509792936	6.74423809354785e-07	0.00033201592090104093	1	6.274482267087933e-09	1.7004879112603177e-06	2.5761614386166087e-07	4.3918313941126996e-07	0.00021004534039748002	3.5036462620041675e-10	0.0001330671760304547	0.008051873556165656
GO_SOMATODENDRITIC_COMPARTMENT	1.0400502681306989e-10	0.0001524474397401887	0.0018352260623805128	0.000596244741992602	0.0	2.3030832796422374e-10	7.50991937708001e-05	1.3108464202993275e-08	0.037842010081890365	0.00013834881106877805	0.0014924272263836524	1.6835062233155895e-09	4.502515895676851e-06	1.1592504733926035e-11	9.461986749670359e-12	4.949933311448884e-05	1.8687577383991183e-05	4.938876452253993e-08	0.0	3.1699807667706636e-07	1.2804052048620562e-06	0.0	2.8795860473884716e-08	0.058717652357949124	0.0	9.523911794317996e-06	2.267457888116553e-09	2.181599345618679e-11	0.057489322581294355	9.451217586331495e-12	2.9633173754484154e-05	7.414853454978942e-05
GO_SYNAPSE	2.7847391059765414e-11	6.804350194400399e-09	2.047459923826267e-08	7.065801014061179e-06	5.2866599986600704e-12	8.503453496899738e-11	5.77779176946791e-07	1.4415579840942883e-11	0.026012202871472545	1.8979134597252312e-08	2.4781587008471107e-05	1.821531814272248e-11	3.6162850491905374e-11	9.089839991816007e-11	3.9634739934513163e-11	4.473085660650078e-06	1.1658711097650709e-05	7.785661004788835e-12	7.944866986520083e-12	2.6323118129667478e-08	8.035083849944336e-06	6.735401125723683e-11	8.148348662473381e-11	8.896401916180796e-05	2.2186252834899278e-11	3.208647814112453e-08	3.539557535958693e-11	2.9030222670201056e-11	2.1057044139238812e-05	1.5293544208816456e-11	6.8119732077320805e-09	1.2901125723274731e-08
GO_SYNAPSE_ORGANIZATION	0.0015083282291012967	0.0038967919252773653	0.045318581867721974	1	5.042833814183911e-05	0.0004976860453026477	1	0.0005084358608998807	1	0.007737424942591886	0.04435690249336033	0.000538442253594229	0.04820707291675885	1	0.0015006302721731757	0.0007664080927238803	0.02756653268696707	0.00047566937334742043	4.230885210443347e-05	0.01153600466747684	0.051964783290943894	0.062405823625820256	0.036300116788165804	0.09852342533925174	4.205711234828158e-08	0.0008939527398982294	0.012138839077535213	0.0018691700330905059	1	0.00041452817542164677	1	0.07864915332870948
GO_SYNAPTIC_MEMBRANE	0.0019346416256768029	0.00042062551805621684	0.008562597228351398	0.00021370044147106526	4.300035327808871e-08	2.2860007997671516e-08	0.004134810409121448	4.968104816427399e-10	0.009814600592588318	1.3582556507296673e-06	0.007694965454261293	1.6471124719696917e-07	6.440573285804163e-07	2.386716660751631e-06	6.224459836445817e-10	0.016659316730167517	0.016041662458639694	1.018663945351328e-05	2.1723067789025663e-11	1.223675003292346e-05	0.00014447937089878682	1.3370300478987573e-06	3.606379621678979e-05	0.0009675027106337275	2.1870594224537854e-10	0.002603998804218133	1.8906002670071587e-06	5.927149619999739e-07	1.6117001704119005e-05	1.9749713633387955e-06	1.772573066105565e-07	0.003227999481595023
GO_SYNAPTIC_SIGNALING	2.3700969721485166e-05	3.929837536353897e-05	4.030864776138898e-05	0.0006097523018161466	0.0	4.0947011226144525e-08	8.366062306253141e-07	6.112077510778136e-10	0.0054337990210932	0.0012309841357247553	0.0004985968360181614	1.5033291023147655e-07	4.624403140418565e-07	1.3245204932843535e-09	5.0716097987901776e-12	1.5712819180446758e-05	0.0001658320200947916	2.3442754404356947e-09	0.0	2.1195829650433318e-05	1.5307069632708448e-05	1.043355180030403e-09	9.05631856129574e-06	0.003256601152852867	0.0	2.2108527293340785e-06	1.4640288981127014e-11	9.079097473829734e-10	0.004428366328445121	6.947201591778196e-09	1.948729733136645e-08	9.181297233595842e-08
GO_SYNAPTIC_VESICLE_EXOCYTOSIS	0.00022536417949514664	1	0.0007941779372684366	0.0039110464173153225	5.093431809655158e-08	7.79530741672474e-05	0.0001628311342971589	4.095855563157613e-06	0.0023169656256044613	1	0.016926062448895607	0.000998941736103487	0.00013263552855802274	4.991405844201324e-09	4.821240339181188e-07	0.03794149613239406	0.04861695668309496	0.0026705748531402618	1.3882706095813546e-09	0.03132197684849447	1	2.4807386192593484e-05	0.00417999979321626	1	3.496426782656492e-06	0.009355495249022239	0.00021835333064412765	3.723593915871959e-05	0.005456994223534628	1.1325953903629227e-06	1.9194039690972886e-09	0.010506027139488117
GO_SYNAPTIC_VESICLE_LOCALIZATION	0.019733111972502715	0.0001391337399586634	1	1	2.6076783289363803e-06	3.847801449241572e-06	0.0021395611474205323	2.4135280165871187e-05	0.006856542293680934	1	0.026795256847072846	6.630106268445957e-07	5.076302755924189e-08	2.3596834836103753e-06	3.0475425580878124e-05	0.009242102941112718	0.0067260685319745495	1	4.72784131652082e-05	1	0.0004237078608977374	0.018172660863864376	0.00013754431043777604	0.0015937794501897917	0.0007925151546955833	0.017755860756490383	0.01946803359795579	2.6289876950635893e-05	0.015966723263751925	0.000449194444666956	0.02960614558502428	1
GO_SYNAPTIC_VESICLE_TRANSPORT	0.009819927181326182	0.001098901259029228	1	1	4.719962530597144e-06	0.00159367434773805	0.06603565606353434	0.0010239214669025554	1	1	0.01648472768666953	2.0469169739079085e-05	1.4615839605269798e-07	0.0005406212242591302	0.0006194528748393324	1	0.003244015307887871	1	0.013939731645606246	1	0.0025265016846718336	0.0685572441641995	0.0066280754362391114	0.0007491222321309721	0.0023543113913795377	1	0.07175382744237813	0.0010831902399616178	0.06292952763830839	0.013276345806167988	0.014969830235960213	1
GO_TAXIS	3.0546497458150412e-06	1	0.005891509113588267	1	1.4038759461598715e-06	0.0038042624745954212	1	1.2699783348280036e-05	1	1	0.072821966222687	3.151945549006996e-08	0.00315398849264803	0.00610817187093482	0.0007676861670846691	0.0847526177786293	0.03367034501662414	2.1532836675830502e-05	0.0038042624745954212	0.012094278635108369	1	0.027574453555620826	0.0006383580713262837	1	0.0007955099459567849	0.008902863520132143	0.00033507653394448944	0.003431023347751583	0.019698646317300228	5.528989224568015e-05	0.023776879058486466	1
GO_TRANSPORTER_COMPLEX	3.133496787866008e-05	3.787497149243535e-08	0.000820179038134583	0.0018621710615074338	2.153783484892813e-09	6.66200261345562e-06	1.9431322884067015e-08	1.8813395286088053e-10	1	4.097712009043519e-06	0.0006832130751220911	3.1737009353882684e-07	5.940296008533075e-05	1.4348072640890663e-05	1.3264400688939304e-10	0.0014675172797518066	8.188860395252906e-05	1.4052417007803797e-09	1.4169972103461603e-06	2.702345391347727e-06	3.858944019352606e-05	6.038808342267998e-10	0.008496418719718069	8.772684567670552e-08	5.673922346294269e-06	0.00017568864133366002	3.9544831631488364e-08	1.8344515855250876e-06	0.03478765000506123	0.00037975021143743515	9.199589624531157e-06	0.00783193507481228
GO_TRANSPORT_VESICLE	4.239713758957819e-06	0.04130922616274357	0.011516405175049926	1	1.8998069660769445e-06	8.23011944739438e-05	0.0005956036448760971	4.8386419165824535e-06	0.01193874663282768	1	0.0004883745392840755	1.9831325803743027e-08	0.00044262625411406464	0.00171875299069002	6.542686676880294e-07	0.02013619212388984	0.006687530145249809	0.0002753972848072994	8.23011944739438e-05	0.008718360084571164	0.013710436992830921	1.2575823621463478e-05	0.00997237470247836	1	1.592059306609883e-08	0.003461318936350155	3.965984373466291e-06	0.000351061605306735	1	6.696046052812044e-05	0.00957997274041067	0.06724250392053577
GO_TRANSPORT_VESICLE_MEMBRANE	5.27231345687218e-05	0.0160240567077522	1	0.09930503895745746	3.0415529650440476e-08	3.0745096523898674e-05	0.00018562880734240839	5.747504805342363e-05	0.010571625988057498	1	0.00034569476879908745	1.4280862270510397e-08	4.007063044486614e-06	0.00039229768114479313	3.878654797340175e-08	0.016056513093463565	0.013727814973403585	0.00014959083695442743	0.0001552233343820042	0.006714282912717029	0.00962855374940308	0.0010523218204906426	0.0005048076935895152	0.05289078788047796	5.162595120289382e-07	0.03905634954756676	1.359810595569222e-06	0.00033199346385393014	1	4.60072044772275e-06	0.0008571125863862106	0.04343472713736274
GO_TUBULIN_BINDING	0.011858910930909294	1	0.06766333672318325	0.003267547038830587	4.689736114560361e-06	0.003379714100790965	0.008574468180174044	0.0013231954143859692	0.044909117870507	0.003793328113330663	0.023693865415705173	0.020715240491523068	0.006967409415484349	9.71353809942066e-07	7.443256449357616e-05	0.06552823340186209	0.03741165956991921	0.003265230699712296	8.655704537430253e-05	0.0047146035665051045	0.007558431014698552	1	0.0013995164843614294	0.003615270582527086	2.5162658112698466e-07	1	1	0.00042877397747653756	0.0072177912370886554	1.7677955072903373e-05	0.004136013895047919	0.047658760645776566
GO_VESICLE_MEDIATED_TRANSPORT_IN_SYNAPSE	1.4771672041113959e-05	0.0035330835791951287	5.263297150970292e-05	0.006296273835684096	1.079426981132059e-08	3.910419321684344e-08	8.97031545910032e-06	4.1979052667340255e-07	0.001315543138273756	1	5.7377180672113504e-05	1.8683845748324046e-07	1.7591334611211096e-08	4.1564307551311686e-11	2.2722458359325515e-09	0.018381873170096874	0.003809031100667437	4.712231254300203e-05	7.352674025185024e-12	0.00828620587270601	6.712093122307472e-05	2.5991100149891366e-07	0.00013748509999300662	0.05985015458528575	5.02736630103584e-10	0.00800260357766669	7.754334524334716e-05	4.994312748918261e-07	4.11460354041715e-05	5.107058109743434e-10	5.574486294790404e-08	0.009275523713064726
GO_VOLTAGE_GATED_CATION_CHANNEL_ACTIVITY	0.0005462743576849505	1.6833991978160157e-08	0.0015232749078625263	1	3.892783861925153e-08	3.475154537646574e-05	8.09784344568687e-06	2.0398657207820747e-08	1	0.007467927186432299	0.02477448765723811	1.4254698334270621e-05	4.786206406071081e-05	1.6838177238076568e-06	3.587319330478067e-11	0.04933548916309016	4.542886874459029e-07	7.829087378397048e-09	7.685008007740635e-08	1.297951332079883e-06	0.0002334670386592297	9.631037743096371e-06	0.007688243454156529	1.5759268100490331e-06	3.291529937499149e-09	0.0015987662308152295	8.453328075586075e-05	2.416936695226468e-08	0.0019822975306387214	0.00018976705275652872	0.0002576189021621378	0.015530144535196966
GO_VOLTAGE_GATED_ION_CHANNEL_ACTIVITY	0.0038707805793685157	1.7392296491891557e-09	0.0001807935192804644	1	2.476597815714854e-10	9.547964517742091e-05	3.1219949444549755e-06	1.1727593041133133e-07	1	0.002402406812697433	0.011718010996239259	5.308793937419676e-05	0.0005008964747927891	3.9522227834876134e-07	1.7103762850467774e-11	0.013721670806285946	9.1023376946886e-07	8.33864477467472e-09	4.685685000005435e-07	1.624003665989804e-05	0.0014083523254430075	2.4412890400116183e-05	0.007692070671935114	1.3127008312574517e-06	5.15204590101348e-09	0.0007010190087596291	0.0001705368620934511	1.4001227521820425e-07	0.0024797151887858693	8.206859382808851e-05	0.0005620518594821045	0.037497311244136244
GO_VOLTAGE_GATED_POTASSIUM_CHANNEL_ACTIVITY	0.01203045405913028	1.6504071642664542e-07	0.0019067205517995234	1	1.0770381569935594e-06	0.003430964348657528	0.0015507141246886569	3.176249917302698e-06	1	0.02616682120969327	0.0588495355105898	0.0009797078589257602	0.0013396533289280477	6.09394686580389e-05	1.3445206503703844e-08	1	1.4087290145514686e-07	6.64975582909122e-05	6.842109145166475e-05	0.013632477478904947	0.017213567847115252	0.00022193499713540898	0.007359440862318878	0.00044710826288174577	0.0009202437000823682	1	1	3.522404649303201e-05	0.001373259981646835	0.017469689874009875	0.0038448860819175756	0.04285990584263433
