	ARX	ASCL1	ASCL2	E2F7	ETV1	FEV	FOXD4L5	FOXJ1	FOXP2	GATA2	HIC1	HLF	HMBOX1	ISL1	LMX1A	LMX1B	MAFA	MAFB	MYT1	NEUROD1	NEUROD2	NEUROG3	NHLH1	NR4A3	ONECUT1	PAX4	PAX6	PBX3	POU2F2	POU5F1	RFX6	SIM1	SIX2	SMAD9	SOX4	SPIB	TFCP2L1	TP73	ZFP69B	ZNF519	ZNF846
GO_ADULT_BEHAVIOR	1	1	1	0.203543397346	1	1	1	1	1	1	1	1	1	1	1	1	1	1	1	1	1	1	1	0.00100722561203	1	1	0.0355710619483	1	1	1	1	1	1	1	0.900803274766	1	1	1	1	1	1
GO_AMINE_TRANSPORT	1	1	1	1	1	1	1	1	1	1	1	1	1	1	1	1	1	1	1	1	1	1	1	1	1	1	1	1	1	1	1	1	1	1	0.839914708437	1	1	1	1	1	1
GO_AXON	0.0	1	1	0.000246917744146	0.0	0.0	0.000480507510431	1	1	0.0	1	0.611784755544	1	0.0174526791908	0.000613089125701	0.00404652326443	0.000462369187562	0.0	1	1	1	0.00263731983723	1	6.04880253663e-07	1	1	0.60607034695	0.000595818322067	1	1	0.0	0.313644926073	0.0	0.0	0.0	0.00224629465811	4.62711496713e-05	1	1	0.00472861223432	1
GO_AXON_DEVELOPMENT	7.63380516773e-05	1	1	1	0.000956830886544	0.00211494344269	1	1	1	1	1	1	1	1	1	1	1	1	1	1	1	1	1	0.0109569646168	1	1	1	1	1	1	1	1	0.727575214844	1	0.00748600977186	1	1	1	1	1	1
GO_BEHAVIOR	1	1	1	0.132776149572	1	0.176756567398	1	1	1	1	1	1	1	1	1	1	1	0.169364914087	1	1	1	1	1	0.00020699482272	1	1	0.197400310742	1	1	1	0.5218361947	1	0.0157891430595	1	0.0197667682406	1	0.00911221395428	1	1	1	0.124157554952
GO_CALCIUM_ION_TRANSMEMBRANE_TRANSPORTER_ACTIVITY	1	1	1	1	1	1	1	1	1	1	1	1	1	1	1	1	1	1	1	1	1	1	1	1	0.274351859765	1	1	1	1	1	1	1	1	1	1	1	1	1	1	1	1
GO_CARDIAC_CONDUCTION	1	1	1	1	1	0.0365034160912	1	1	1	1	1	1	1	1	1	1	1	0.059363189516	1	1	1	1	1	1	1	1	1	1	1	1	1	1	1	1	1	1	1	1	1	1	1
GO_CATION_CHANNEL_ACTIVITY	0.00361575643423	4.6496720264e-06	0.0310168095839	1	1.36447377663e-06	1.63266733559e-05	0.0964327617131	1	1	0.000776771172741	1	1	1	1	0.0111579547133	1	0.00190469374645	4.80046047591e-06	1	0.0655395497071	0.000310602563216	3.26816177343e-06	1	0.0134845443695	0.0596711992565	1	0.000158315040308	1	0.00973462633413	1	0.000114148009251	1	0.358310230473	0.241622281289	0.000469796926589	1	0.254714851398	1	1	1	1
GO_CATION_CHANNEL_COMPLEX	0.0367137145492	0.000284384905005	1	1	0.000130918562126	0.00057461101827	0.0367137145492	1	1	0.0015724658776	1	1	1	1	6.28844311119e-05	0.053092524399	0.0940330386623	2.79469740305e-06	1	1	1	5.84845670826e-05	1	1	1	1	1.60872844219e-05	1	0.125960864808	1	1	1	0.0199288579205	0.752504828653	0.00142396526181	0.477107466586	0.666163182716	1	1	1	0.087828009339
GO_CATION_TRANSMEMBRANE_TRANSPORT	1	1	1	1	0.000231155278279	0.000375567859738	1	1	1	1	1	1	1	1	0.38724561783	1	1	0.0111333423445	1	1	1	0.0253268308731	1	1	0.142430486802	1	0.04359292823	1	1	1	0.00895979711211	1	1	1	0.303360855375	1	1	1	1	1	1
GO_CATION_TRANSMEMBRANE_TRANSPORTER_ACTIVITY	0.0932497670794	0.051430271929	1	1	4.078557697e-05	0.0179058036093	1	1	1	1	1	1	1	1	1	1	1	0.00418049132441	1	1	0.0442651634866	0.00818994067049	1	1	1	1	0.479384778728	1	1	1	0.100901862973	1	1	1	0.546260575779	1	1	1	1	1	1
GO_CATION_TRANSPORT	1	1	1	1	0.000183005222976	0.00379009763827	1	1	1	1	1	1	1	1	1	1	1	0.0991744131081	1	1	1	0.252285133577	1	1	1	1	1	1	1	1	0.0459711143266	1	1	1	1	1	1	1	1	1	1
GO_CELLULAR_COMPONENT_MORPHOGENESIS	0.0	1	1	1	0.000277381328913	0.00115500280566	1	1	1	1	1	1	1	1	1	1	1	1	1	1	1	1	1	0.00381757747976	1	1	1	1	1	1	1	1	0.0563856139824	0.0307106509659	0.00179175933664	1	1	1	1	1	1
GO_CELL_BODY	0.00561445917484	1	1	1	1.19691505197e-05	7.87118717588e-05	1	1	1	1	1	1	1	1	1	1	1	0.0305543326409	1	1	1	0.441355485849	1	0.104682123805	1	1	0.0335425091561	0.674294090809	1	1	0.000339635201467	0.122341835259	0.130014752091	0.138702596066	0.034956284934	0.279519628963	1	1	1	1	1
GO_CELL_CELL_SIGNALING	3.14905308336e-05	0.327901707982	0.0146579422568	1	0.0	0.0	0.177729535467	1	1	0.000124944096635	1	1	1	1	0.00086370726394	0.416857524842	0.000267079503213	0.0	1	1	1	0.00445071330428	1	1.44816766081e-05	1	0.393457717482	0.00302319874155	0.0265022429748	1	1	8.84903706444e-06	1	3.77241749838e-07	0.0	0.0	0.000714100880033	0.0	1	1	1	0.687903384163
GO_CELL_JUNCTION_ORGANIZATION	1	1	1	1	1	1	1	1	1	1	1	1	1	1	1	1	1	1	1	1	1	1	1	1	1	1	1	1	1	1	0.0868453722256	1	1	1	1	1	1	1	1	1	1
GO_CELL_MORPHOGENESIS	1.27762126751e-05	1	1	1	0.00381579450443	0.137097880466	1	1	1	1	1	1	1	1	1	1	1	1	1	1	1	1	1	0.0331339978484	1	1	1	1	1	1	1	1	1	1	0.0981745887073	1	1	1	1	1	1
GO_CELL_MORPHOGENESIS_INVOLVED_IN_DIFFERENTIATION	7.50769871072e-05	1	1	1	0.0511511985203	0.0514269661876	1	1	1	1	1	1	1	1	1	1	1	1	1	1	1	1	1	0.0103705288407	1	1	1	1	1	1	1	1	1	1	0.518579609536	1	1	1	1	1	1
GO_CELL_MORPHOGENESIS_INVOLVED_IN_NEURON_DIFFERENTIATION	0.0	1	1	1	0.00681588926332	0.000405549817037	1	1	1	1	1	1	1	1	1	1	1	1	1	1	1	1	1	0.00298636765584	1	1	1	1	1	1	0.491281187752	1	0.66041764879	1	0.057077211426	1	1	1	1	1	1
GO_CELL_PART_MORPHOGENESIS	0.0	1	1	1	8.35469462031e-05	0.000873341183186	1	1	1	1	1	1	1	1	1	1	1	1	1	1	1	1	1	0.00210438130791	1	1	1	1	1	1	1	1	0.117901071086	0.306010020061	0.00118964680644	1	1	1	1	1	1
GO_CELL_PROJECTION_ORGANIZATION	0.000914471844484	1	1	1	0.0017927726622	0.000251475815822	1	1	1	0.202122909048	1	1	1	1	0.949726363436	0.00680925707926	1	0.845099518338	1	1	1	1	1	0.000101827912604	1	0.626330836894	1	1	1	1	0.00305723824851	1	1	1	0.0051990856894	1	1	1	1	1	1
GO_CHEMICAL_HOMEOSTASIS	1	1	1	1	1	0.351046319288	1	1	1	1	1	1	1	1	1	1	1	1	1	1	1	1	1	1	1	1	1	1	1	1	1	1	1	1	1	1	1	1	1	1	1
GO_CIRCULATORY_SYSTEM_PROCESS	1	1	1	1	1	1	1	1	1	1	1	1	1	1	1	1	1	9.4313649085e-06	1	1	1	0.98831839939	1	1	1	1	1	1	1	1	1	1	0.269947583324	0.0208540028951	0.05680702192	1	1	1	1	1	1
GO_CYTOSKELETAL_PROTEIN_BINDING	1	1	1	0.0534070757194	0.0369599272943	0.0221936908336	1	1	1	1	1	1	1	1	1	1	0.442682087527	1	1	1	1	1	1	1	1	1	1	1	1	1	0.000842897085406	1	1	1	1	1	1	1	1	1	1
GO_DENDRITIC_SHAFT	1	1	1	1	1	1	1	1	1	1	1	1	1	1	1	1	1	1	1	1	1	1	1	1	1	1	1	1	1	1	0.447858529145	1	1	1	1	1	1	1	1	1	0.268754623209
GO_DENDRITIC_TREE	0.0	1	1	0.172233369483	0.000242601165277	5.57123209646e-05	1	1	1	1	1	1	1	1	0.179244838259	1	0.0780861585685	2.99676358182e-05	1	1	1	1	1	0.0171808538913	1	1	1	1	1	1	0.0	1	0.923355482084	0.0011701995555	0.0883218283952	0.0124195262629	0.043392644279	1	1	1	0.0428748514372
GO_DENSE_CORE_GRANULE	1	1	1	1	1	1	1	1	1	1	1	1	1	1	1	1	0.0127066191725	0.27474452643	1	1	1	1	1	1	1	1	1	1	1	1	1	1	1	1	1	1	1	1	1	1	1
GO_DEVELOPMENTAL_MATURATION	0.0458352527587	1	1	1	1	1	1	1	1	1	1	1	1	1	1	1	1	1	1	1	1	1	1	1	1	1	1	1	1	1	1	1	1	1	1	1	1	1	1	1	1
GO_DISTAL_AXON	0.0	1	1	1	0.00269195541241	0.000124753477904	1	1	1	0.2165409776	1	1	1	1	1	1	1	0.0	1	1	1	1	1	0.0919438652179	1	1	1	0.315836205396	1	1	0.00013843197052	1	1	0.38665224132	0.0349331103216	1	1	1	1	1	1
GO_EXOCYTIC_VESICLE	0.0442930447568	1	1	1	1	1	1	1	1	1	1	1	1	1	1	1	1	1	1	1	1	1	1	1	1	1	1	1	1	1	0.278092518011	1	1	1	1	1	1	1	1	1	1
GO_GATED_CHANNEL_ACTIVITY	0.0223082128906	1.50170457652e-05	0.0348850643702	1	1.83210601222e-05	6.17915774566e-05	0.0223082128906	1	1	2.49941344421e-06	1	1	1	1	0.00254226338129	1	0.00229720373288	1.01538009212e-06	1	0.0731577710992	0.000369256972577	1.22631114232e-05	1	0.0157451954338	0.00906756668455	1	0.00110847858511	1	0.0108279270713	1	0.000148937887784	1	0.018932487124	0.0560740085571	7.29713499092e-06	1	0.0729476394812	1	1	1	1
GO_GLUTAMATERGIC_SYNAPSE	1	1	1	1	1	0.0647158994848	1	1	1	0.409696264083	1	1	1	1	1	1	1	1	1	1	1	0.0294844161277	1	0.0107823267258	1	1	1	1	1	1	0.000542403438444	1	0.0611686195872	0.745119069602	1	1	0.000776581388911	1	1	1	1
GO_GLYCOSAMINOGLYCAN_BINDING	1	1	1	1	1	1	1	1	1	1	1	1	1	1	1	0.580045675156	1	1	1	1	1	1	1	1	1	1	1	1	1	1	1	1	1	1	1	1	1	1	1	1	1
GO_GTPASE_ACTIVITY	1	1	1	1	1	1	1	1	1	1	1	1	1	1	1	1	1	1	1	1	1	1	1	1	1	1	1	1	1	1	0.339654564092	1	1	1	1	1	1	1	1	1	1
GO_HEART_PROCESS	1	1	1	1	1	1	1	1	1	1	1	1	1	1	1	1	1	0.0200643353668	1	1	1	1	1	1	1	1	1	1	1	1	1	1	1	0.222042903528	1	1	1	1	1	1	1
GO_HIGH_VOLTAGE_GATED_CALCIUM_CHANNEL_ACTIVITY	1	1	1	1	1	1	1	1	1	1	1	1	1	1	1	1	1	1	1	1	1	1	1	1	0.307312453684	1	1	1	1	1	1	1	1	1	1	1	1	1	1	1	1
GO_HORMONE_ACTIVITY	1	1	1	1	1	1	1	1	1	1	1	1	1	1	1	1	1	1	1	1	1	1	1	1	1	1	1	1	1	1	1	0.0094118044891	1	1	1	1	0.332400604967	1	1	1	1
GO_HORMONE_TRANSPORT	0.280451244306	1	1	1	1	0.00164121626506	1	1	1	0.0004390810306	1	1	1	1	6.65172267728e-05	1	0.385873652229	0.0201479006919	1	1	1	1	1	1	1	1	1	1	1	1	1	1	0.963363776474	1	0.00460998109135	0.671408394794	0.581068951081	1	1	1	1
GO_INORGANIC_ION_TRANSMEMBRANE_TRANSPORT	1	1	1	1	0.000327992841434	0.00457848299586	1	1	1	0.766359813671	1	1	1	1	0.220820345277	1	1	0.0163352796304	1	1	1	0.00396048641241	1	1	0.0926038935826	1	0.739258949091	1	0.04352935683	1	0.172137253218	1	1	1	0.154128707085	1	1	1	1	1	1
GO_INSULIN_SECRETION	0.0218965314518	1	1	1	1	0.00901934206686	1	1	1	1	1	1	1	1	0.00837886132745	1	1	0.0515034308839	1	1	1	1	1	1	1	0.498930351074	1	1	1	1	0.849736367967	1	1	1	0.490629621034	1	1	1	1	1	1
GO_INTRINSIC_COMPONENT_OF_PLASMA_MEMBRANE	1	0.121601022485	1	1	0.020498810683	0.0459264191535	1	1	1	5.93986975772e-06	1	1	1	1	1	1	1	0.118010262913	1	1	1	0.143885554688	1	1	1	1	1	1	1	1	1	1	1	1	0.318935962332	1	1	1	1	1	1
GO_ION_TRANSMEMBRANE_TRANSPORT	1	1	1	1	0.000368736375903	0.00097942323236	1	1	1	0.686914778108	1	1	1	1	0.477837377789	1	1	0.181505400413	1	1	1	1	1	1	0.28908165383	1	0.414729535596	1	1	1	0.28075110588	1	1	1	0.525420168261	1	1	1	1	1	1
GO_ION_TRANSMEMBRANE_TRANSPORTER_ACTIVITY	1	1	1	1	0.0126237861953	1	1	1	1	1	1	1	1	1	1	1	1	0.468614828541	1	1	0.861806956339	0.597200188853	1	1	1	1	1	1	1	1	1	1	1	1	1	1	1	1	1	1	1
GO_ION_TRANSPORT	1	1	1	1	0.00388188766644	0.0473098861737	1	1	1	1	1	1	1	1	1	1	1	0.649763246844	1	1	1	1	1	1	1	1	1	1	1	1	1	1	1	1	1	1	1	1	1	1	1
GO_LIGAND_GATED_CATION_CHANNEL_ACTIVITY	1	0.5551214953	1	1	0.534361075105	1	1	1	1	1	1	1	1	1	1	1	1	1	1	1	1	1	1	1	1	1	0.186762715769	1	1	1	1	1	1	1	1	1	1	1	1	1	1
GO_LIGAND_GATED_ION_CHANNEL_ACTIVITY	1	0.0295145958216	1	1	0.219912830996	1	1	1	1	1	1	1	1	1	1	1	1	1	1	1	1	1	1	1	1	1	1	1	1	1	1	1	1	1	1	1	1	1	1	1	1
GO_MAIN_AXON	1	1	1	1	1	1	1	1	1	1	1	1	1	1	1	1	1	1	1	1	1	1	1	1	1	1	1	1	1	1	0.214454596201	1	1	1	1	1	1	1	1	1	1
GO_MEMBRANE_DEPOLARIZATION	1	1	1	1	0.00884591830817	0.00260363453368	1	1	1	1	1	1	1	1	1	1	1	0.00700171722319	1	1	1	1	1	0.532548702888	0.156636896048	1	1	1	1	1	1	1	1	1	1	0.466944807106	0.0877832289986	1	1	1	1
GO_MEMBRANE_DEPOLARIZATION_DURING_ACTION_POTENTIAL	1	1	1	1	0.213828507904	0.0258811055116	1	1	1	1	1	1	1	1	1	1	1	1	1	1	1	1	1	1	1	1	1	1	1	1	1	1	1	1	1	1	1	1	1	1	1
GO_MEMBRANE_DEPOLARIZATION_DURING_CARDIAC_MUSCLE_CELL_ACTION_POTENTIAL	1	1	1	1	1	0.00652627423487	1	1	1	1	1	1	1	1	1	1	1	1	1	1	1	1	1	1	0.310279536774	1	1	1	1	1	1	1	1	1	1	1	1	1	1	1	1
GO_METAL_ION_TRANSMEMBRANE_TRANSPORTER_ACTIVITY	0.00269159351313	0.000611882588505	1	1	0.0	0.0006044687105	1	1	1	0.267520415929	1	1	1	1	0.0418755108165	1	0.866566490898	0.0	1	1	0.00107221492688	2.36427416389e-05	1	0.839666059674	0.204827146197	1	0.0812647334851	1	0.174710995633	1	0.0138256452809	1	0.997135366635	0.514323697155	0.00779593642571	1	1	1	1	1	1
GO_METAL_ION_TRANSPORT	1	0.178570910067	1	1	0.000454340689099	0.00645642506387	1	1	1	0.202629112054	1	1	1	1	0.618428905548	1	1	0.160955242061	1	1	1	0.134963642873	1	1	0.0476325544893	1	0.666866400099	1	1	1	0.474854472057	1	1	1	1	1	1	1	1	1	1
GO_MICROTUBULE	1	1	1	1	1	1	1	1	1	1	1	1	1	1	1	1	1	1	1	1	1	1	1	1	1	1	1	1	1	1	0.297403184692	1	1	1	1	1	1	1	1	1	1
GO_MICROTUBULE_BINDING	1	1	1	1	1	1	1	1	1	1	1	1	1	1	1	1	1	1	1	1	1	1	1	1	1	1	1	1	1	1	0.45839557708	1	1	1	0.719325724691	1	0.450933514558	1	1	1	1
GO_MONOVALENT_INORGANIC_CATION_TRANSMEMBRANE_TRANSPORTER_ACTIVITY	1	0.0413035307972	1	1	0.145619542876	1	1	1	1	1	1	1	1	1	1	1	1	0.00593589481986	1	1	1	1	1	1	1	1	1	1	1	1	1	1	1	1	0.127995990028	1	1	1	1	1	1
GO_MONOVALENT_INORGANIC_CATION_TRANSPORT	1	0.95013313576	0.861178819111	1	0.0361155871198	1	1	1	1	1	1	1	1	1	1	1	1	0.262006833341	1	1	1	1	1	1	1	1	1	1	1	1	1	1	1	1	0.224485095017	1	1	1	1	1	1
GO_MULTICELLULAR_ORGANISMAL_SIGNALING	1	1	1	1	0.0416442291888	0.00510114587226	1	1	1	1	1	1	1	1	1	1	0.881063116431	0.00012983157208	1	1	1	0.0456548770864	1	1	1	1	1	1	1	1	0.0940968634409	1	1	1	0.0612741053327	1	1	1	1	1	1
GO_NEUROGENESIS	9.5787499268e-06	1	1	0.145162396135	0.000370282607869	1.50692235082e-05	0.649473680635	1	1	1	1	1	1	1	0.312011324724	0.0376740499396	0.0396875206451	0.0356538839255	1	0.872069989675	1	0.00710335891567	1	0.000571932073118	1	0.204377789534	1	0.0203396665087	1	1	0.0	1	1	0.00116838134415	0.000252843974152	1	0.0189008626364	1	1	1	1
GO_NEURONAL_DENSE_CORE_VESICLE	1	1	1	1	1	1	1	1	1	1	1	1	1	1	1	1	0.0202887227726	0.938962904151	1	1	1	1	1	1	1	1	1	1	1	1	1	1	1	1	1	1	1	1	1	1	1
GO_NEURON_DEVELOPMENT	0.0	1	1	0.506951075164	2.09298611562e-05	1.92686275491e-05	1	1	1	0.0474554701659	1	1	1	1	0.00127908499469	0.00125930122385	0.0405610644536	0.00508854790506	0.678559813594	1	1	0.112671495589	1	3.94614277477e-05	1	0.0912213245928	1	0.0419894748263	1	1	6.11110402342e-05	1	0.0640994535968	0.0153489012326	0.00039019529568	0.684824140977	1	1	1	1	1
GO_NEURON_DIFFERENTIATION	0.0	1	1	0.0962361410206	8.93805152249e-05	1.29550591841e-05	1	1	1	0.394892086588	1	1	1	1	0.0100293359102	0.0029200323327	0.0427382427395	0.0155130339901	1	0.265142075571	1	0.016893555332	1	2.73158924151e-05	1	0.0431103359074	1	0.0307942750514	1	1	0.0	1	0.142436670812	0.000799623580434	0.00134195621284	1	0.238652566831	1	0.777860758436	1	1
GO_NEURON_PROJECTION	4.53777085907e-08	0.000443870203159	0.000144631758816	3.96016215021e-05	3.18169960458e-05	2.94426372622e-05	6.88566204055e-08	0.0905580841405	0.697910808578	1.21039785239e-05	0.24858229951	0.0167867684549	1	0.000218139824692	3.30700841309e-05	2.1980407618e-05	1.75955606352e-05	1.92578957807e-05	1	0.0026608547483	0.195319636133	2.94825485785e-05	0.957686322651	5.02576194475e-05	0.125110060491	0.080207186645	1.54745612164e-05	1.70598308989e-05	1	1	1.66415089838e-05	1	3.41136120423e-05	2.52185611436e-05	1.99380326569e-05	1.93503061796e-06	2.33450314906e-05	1	1	8.0449300417e-05	3.37609961953e-05
GO_NEURON_PROJECTION_GUIDANCE	0.0434644291198	1	1	1	0.013608203943	0.253151921053	1	1	1	1	1	1	1	1	0.558154285145	1	1	1	1	1	1	1	1	0.64822325077	1	1	1	1	1	1	1	1	1	1	0.571932517751	1	1	1	1	1	1
GO_NEURON_PROJECTION_TERMINUS	4.78586892361e-06	1	1	1	0.515556300034	1	1	1	1	1	1	1	1	1	1	1	1	0.00962262292984	1	1	1	1	1	1	1	1	1	0.685653892568	1	1	0.588948031897	1	1	1	1	1	1	1	1	1	1
GO_NEURON_SPINE	1	1	1	1	1	1	1	1	1	1	1	1	1	1	1	1	1	1	1	1	1	1	1	1	1	1	1	1	1	1	0.0015911323679	1	1	1	1	1	1	1	1	1	0.249632486549
GO_NEURON_TO_NEURON_SYNAPSE	0.000705792322456	1	1	0.00255976835838	1	0.00583559858286	1	1	1	0.540686539081	1	1	1	1	0.012484327823	0.00637432366271	1	0.0028832339212	1	1	1	0.872366312955	1	0.000612563044021	1	1	1	0.00486129105581	1	1	0.0	1	0.0844794156771	0.0461652305597	0.00021039391728	0.246999575603	0.00115762934871	0.155297684126	1	1	0.0287221042875
GO_NEUROTRANSMITTER_RECEPTOR_INTERNALIZATION	1	1	1	1	1	1	1	1	1	1	1	1	1	1	1	1	1	1	1	1	1	1	1	1	1	1	1	1	1	1	0.897788121243	1	1	1	1	1	1	1	1	1	1
GO_NEUROTRANSMITTER_SECRETION	0.0102005857438	1	1	1	0.0205592171541	0.000308808977383	1	1	0.105685669546	1	1	1	1	1	1	1	0.0024996807094	0.0933133230287	1	1	1	1	1	3.63072686085e-05	1	1	1	0.0651546283092	1	1	0.0107533163972	1	1	0.0432539420366	0.139109716457	0.154264897112	9.33259878644e-05	1	1	0.878978757795	1
GO_NEUROTRANSMITTER_TRANSPORT	0.00144180834802	1	1	1	0.00139456633025	0.000214647383533	1	1	0.143820662924	1	1	1	1	1	1	1	0.0313541705242	0.15367263532	1	1	1	1	1	5.87466957946e-05	1	1	1	0.0353656417944	1	1	0.0102008373004	1	1	0.201666781793	0.06928721354	0.136425860814	0.000287349033753	1	1	1	1
GO_PANCREATIC_A_CELL_DIFFERENTIATION	1	1	1	1	1	1	1	1	1	1	1	1	1	1	1	1	1	1	1	1	1	1	1	1	1	1	1	1	1	1	0.742176745274	1	1	1	1	1	1	1	1	1	1
GO_PASSIVE_TRANSMEMBRANE_TRANSPORTER_ACTIVITY	0.398345196116	5.12307952665e-05	0.600324504649	1	0.0	0.00234613514487	1	1	1	0.000909507563203	1	1	1	1	0.0791390192262	1	0.57330402119	0.000728775883805	1	0.928061987446	0.00527539218675	6.05256055319e-05	1	1	0.153670487993	1	0.140499351336	1	0.0127629106856	1	0.0255123669628	1	1	1	0.00790074455337	1	1	1	1	1	1
GO_PEPTIDE_HORMONE_SECRETION	0.0523457943082	1	1	1	1	0.00186234174357	1	1	1	0.0918740872017	1	1	1	1	0.00067091767416	1	0.86792584505	0.00758376425031	1	1	1	1	1	1	1	1	1	1	1	1	1	1	1	1	0.103212765073	1	1	1	1	1	1
GO_PEPTIDE_SECRETION	1	1	1	1	1	1	1	1	1	1	1	1	1	1	0.0835498986487	1	1	1	1	1	1	1	1	1	1	1	1	1	1	1	1	1	1	1	1	1	1	1	1	1	1
GO_PERIKARYON	0.0173567131712	1	1	1	0.153560777709	1	1	1	1	1	1	1	1	1	1	1	1	1	1	1	1	1	1	1	1	1	1	1	1	1	1	1	1	1	1	1	1	1	1	1	1
GO_PLASMA_MEMBRANE_PROTEIN_COMPLEX	1	0.821329549677	1	1	0.462937223689	1	1	1	1	1	1	1	1	1	1	1	1	0.0977115373633	1	1	1	1	1	1	1	1	1	1	1	1	1	1	1	1	1	1	1	1	1	1	1
GO_PLASMA_MEMBRANE_REGION	1	1	1	1	1	1	1	1	1	0.899327930141	1	1	1	1	1	1	1	1	1	1	1	1	1	0.370969129135	1	1	1	0.778063528354	1	1	1	1	1	1	1	1	1	1	1	1	1
GO_POSTSYNAPSE	0.0	1	1	0.0215049063473	0.0024991977902	1.8363321485e-05	0.029664040682	0.164003919966	1	0.0	1	0.58061810535	1	1	5.02030680487e-05	0.000924349594677	0.581670052072	7.73595401071e-07	1	1	1	0.00240661311405	1	3.54385661097e-05	1	1	1	0.0	1	1	2.94662187816e-06	1	0.000984030428273	0.000704001924224	5.19949130684e-06	0.00792883400674	2.0608743396e-05	1	1	1	0.0937123202883
GO_POSTSYNAPTIC_DENSITY_MEMBRANE	1	1	1	0.470928063236	1	1	1	1	1	1	1	1	1	1	1	1	1	1	1	1	1	1	1	1	1	1	1	1	1	1	0.0301977622635	1	0.0689330904016	0.200789440816	0.376843833432	1	0.0992751939828	1	1	1	0.154121710694
GO_POSTSYNAPTIC_MEMBRANE	1	1	1	0.294234420802	0.212779410643	0.0094724218665	1	0.0200101314271	1	3.41946739374e-05	1	0.0764456145626	1	1	1	1	0.70864552876	0.00693459363762	1	1	1	1	1	0.0035177954808	1	1	1	0.0137147534344	1	1	3.54267299829e-05	1	0.00419240878709	0.0961967227276	5.31303413115e-05	1	0.0114977524535	1	1	1	0.346704663934
GO_POSTSYNAPTIC_SPECIALIZATION_MEMBRANE	1	1	1	0.0440479358877	1	0.523694906753	1	1	1	1	1	1	1	1	1	1	1	1	1	1	1	1	1	0.789716197545	1	1	1	1	1	1	0.0458716507816	1	0.110827200766	1	0.143104689061	1	0.00393963722877	1	1	1	0.185664419719
GO_POTASSIUM_CHANNEL_ACTIVITY	0.0530221913693	0.000457574681205	1	1	6.61230648056e-05	0.096019016558	1	1	1	0.194371983844	1	1	1	1	0.105779969429	1	0.0279938337209	3.64717710662e-05	1	0.00828573077406	1	0.270323383575	1	1	1	1	1	1	0.119028703845	1	1	1	1	1	0.000436268969878	1	1	1	1	1	1
GO_POTASSIUM_CHANNEL_COMPLEX	0.0454286816958	0.0142448137226	1	1	1	1	1	1	1	1	1	1	1	1	0.0865059723741	1	1	0.0135765073973	1	1	1	0.278772389115	1	1	1	1	0.531560876286	1	1	1	1	1	1	1	0.0100192758748	1	1	1	1	1	1
GO_POTASSIUM_ION_TRANSMEMBRANE_TRANSPORTER_ACTIVITY	0.921877614647	0.00748542641679	1	1	0.00363616619871	0.440834914898	1	1	1	0.37772533135	1	1	1	1	1	1	0.123582507634	4.42599884203e-05	1	0.101208025865	1	0.53634559599	1	1	1	1	1	1	0.883771735548	1	1	1	1	0.584237991441	0.000608662206723	1	1	1	1	1	1
GO_POTASSIUM_ION_TRANSPORT	1	0.0793843161112	0.255675388778	1	0.00370621243962	0.349366334429	1	1	1	0.00622475513566	1	1	1	1	0.302381055862	1	0.362556112779	0.00260574951431	1	0.750324037553	1	1	1	1	1	1	1	1	0.291244909072	1	1	1	1	1	0.00764528404106	1	1	1	1	1	1
GO_PRESYNAPSE	0.0	1	1	0.798527280418	0.00017433766697	2.25007543708e-08	1	1	1	0.0253998848864	1	1	1	1	7.67033046518e-05	0.013080633982	0.00680448686105	0.0	1	1	1	0.743594228049	1	3.17305124813e-05	1	1	1	0.0193444027053	1	1	0.0	1	0.0429620460205	0.223168596455	9.50262576327e-05	0.00630042952509	0.00334176698829	1	1	1	1
GO_PRESYNAPTIC_MEMBRANE	1	1	1	1	1	1	1	1	1	0.37772533135	1	1	1	1	1	1	1	0.711110699447	1	1	1	1	1	0.308859000309	1	1	1	1	1	1	1	1	1	1	1	1	1	1	1	1	1
GO_REGULATION_OF_BLOOD_CIRCULATION	1	1	1	1	0.738585365299	0.171816184023	1	1	1	1	1	1	1	1	1	1	1	0.00607977634994	1	1	1	0.0502213512735	1	1	1	1	0.145146028617	1	1	1	1	1	1	0.294016260973	0.402041575675	1	1	1	1	1	1
GO_REGULATION_OF_BLOOD_PRESSURE	1	1	1	1	1	1	1	1	1	1	1	1	1	1	1	1	1	1	1	1	1	1	1	1	1	1	1	1	1	1	1	0.0166128664128	1	1	1	1	1	1	1	1	1
GO_REGULATION_OF_CATION_TRANSMEMBRANE_TRANSPORT	1	1	1	1	1	0.133542159445	1	1	1	1	1	1	1	1	1	1	1	1	1	1	1	1	1	1	1	1	1	1	1	1	1	1	1	1	1	1	1	1	1	1	1
GO_REGULATION_OF_CELLULAR_LOCALIZATION	1	1	1	1	1	0.378311557979	1	1	1	1	1	1	1	1	1	1	1	1	1	1	1	1	1	1	1	1	1	1	1	1	1	1	1	1	1	1	1	1	1	1	1
GO_REGULATION_OF_CELL_DEVELOPMENT	1	1	1	1	1	1	1	1	1	1	1	1	1	1	1	1	1	1	1	1	1	1	1	1	1	1	1	1	1	1	0.30173813211	1	1	1	1	1	1	1	1	1	1
GO_REGULATION_OF_CELL_MORPHOGENESIS	0.205262900782	1	1	1	1	1	1	1	1	1	1	1	1	1	1	1	1	1	1	1	1	1	1	1	1	1	1	1	1	1	1	1	1	1	1	1	1	1	1	1	1
GO_REGULATION_OF_CELL_MORPHOGENESIS_INVOLVED_IN_DIFFERENTIATION	1	1	1	1	1	1	1	1	1	1	1	1	1	1	1	1	1	1	1	1	1	1	1	0.0966702792628	1	1	1	1	1	1	1	1	1	1	1	1	1	1	1	1	1
GO_REGULATION_OF_CELL_PROJECTION_ORGANIZATION	1	1	1	1	1	0.663640222862	1	1	1	1	1	1	1	1	1	1	1	1	1	1	1	1	1	0.0932243667144	1	1	1	1	1	1	1	1	1	1	1	1	1	1	1	1	1
GO_REGULATION_OF_EXOCYTOSIS	1	1	1	1	1	0.436107907716	1	1	0.94216094235	1	1	1	1	1	1	1	0.0190200984345	0.0181764346492	1	1	1	1	1	1	1	1	1	1	1	1	0.0412278350086	1	1	1	1	1	0.0284117916978	1	1	1	1
GO_REGULATION_OF_HEART_RATE	1	1	1	1	0.354033956619	0.0152908129481	1	1	1	1	1	1	1	1	1	1	1	1	1	1	1	0.589941346334	1	1	1	1	1	1	1	1	1	1	1	1	0.210750458437	1	1	1	1	1	1
GO_REGULATION_OF_HEART_RATE_BY_CARDIAC_CONDUCTION	1	1	1	1	0.329875242982	0.00257697585931	1	1	1	1	1	1	1	1	1	1	1	1	1	1	1	1	1	1	1	1	1	1	1	1	1	1	1	1	1	1	1	1	1	1	1
GO_REGULATION_OF_HORMONE_LEVELS	0.44979507108	1	1	1	1	0.0183397182908	1	1	1	0.00115953416636	1	1	1	1	8.54146430461e-05	1	0.272293112457	0.00583396743558	1	1	1	1	1	1	1	1	1	1	1	1	0.481216660489	1	0.152166611729	1	0.00512937270374	1	1	1	1	1	1
GO_REGULATION_OF_HORMONE_SECRETION	1	1	1	1	1	0.00386869168882	1	1	1	0.0266262574973	1	1	1	1	0.00129713521599	1	1	1	1	1	1	1	1	1	1	1	1	1	1	1	1	1	1	1	0.00983300737208	1	1	1	1	1	1
GO_REGULATION_OF_INSULIN_SECRETION	0.727586684505	1	1	1	1	0.0199140451019	1	1	1	1	1	1	1	1	0.037327583941	0.98006137843	1	0.810520211363	1	1	1	1	1	1	1	1	1	1	1	1	1	1	1	1	0.225795890861	1	1	1	1	1	1
GO_REGULATION_OF_ION_TRANSMEMBRANE_TRANSPORT	1	0.990573094473	1	1	0.000507936760109	0.00104471252899	1	1	1	1	1	1	1	1	1	1	1	0.0677141486835	1	1	1	1	1	1	1	1	1	1	0.119579432753	1	0.60031389368	1	0.0107543653189	1	1	1	1	1	1	1	1
GO_REGULATION_OF_ION_TRANSPORT	1	0.26307947537	1	1	4.43560824337e-05	0.00293857512683	1	1	1	0.479182216189	1	1	1	1	1	1	1	0.0586773160193	1	1	1	1	1	1	1	1	1	1	1	1	0.242068127625	1	0.00283719133354	1	0.808049740775	1	1	1	1	1	1
GO_REGULATION_OF_MEMBRANE_POTENTIAL	1	1	1	1	0.0	1.36838487474e-06	1	1	1	0.0	1	1	1	1	0.000885426071726	1	1	9.38952575061e-05	1	1	1	0.00190858291218	1	0.0947877720176	1	1	0.147143167873	0.468198013933	0.258508219283	1	0.112826261113	1	0.455348893468	0.212956902513	3.62492756811e-07	1	0.0580365313752	1	1	1	1
GO_REGULATION_OF_NERVOUS_SYSTEM_DEVELOPMENT	1	1	1	1	1	0.211723817282	1	1	1	1	1	1	1	1	1	1	1	1	1	1	1	0.0431712978722	1	0.869360749416	1	1	1	1	1	1	0.166440825262	1	1	1	1	1	1	1	1	1	1
GO_REGULATION_OF_NEURON_DIFFERENTIATION	0.0896561262595	1	1	1	1	0.242104840482	1	1	1	1	1	1	1	1	1	0.528136494092	1	1	1	1	1	1	1	0.125133009625	1	1	0.455210005743	1	1	1	0.0269976885043	1	1	1	1	1	1	1	1	1	1
GO_REGULATION_OF_NEURON_PROJECTION_DEVELOPMENT	1	1	1	1	1	0.530432136883	1	1	1	1	1	1	1	1	1	1	1	1	1	1	1	1	1	0.00649553577551	1	1	0.532414612861	1	1	1	0.407525007429	1	1	1	1	1	1	1	1	1	1
GO_REGULATION_OF_NEUROTRANSMITTER_LEVELS	0.0858380359464	1	1	1	0.301271716916	0.00940220469915	1	1	0.186368545744	1	1	1	1	1	1	1	0.235318712963	1	1	1	1	1	1	0.00114177592563	1	1	1	0.317037827219	1	1	0.511834753499	1	1	1	1	1	0.0137144211169	1	1	1	1
GO_REGULATION_OF_NEUROTRANSMITTER_TRANSPORT	1	1	1	1	1	0.635738590397	1	1	0.604113499731	1	1	1	1	1	1	1	1	1	1	1	1	1	1	0.933737864607	1	1	1	1	1	1	1	1	1	1	1	1	0.0383031446965	1	1	1	1
GO_REGULATION_OF_PEPTIDE_HORMONE_SECRETION	0.811803263547	1	1	1	1	0.00901934206686	1	1	1	1	1	1	1	1	0.00837886132745	1	1	0.268964207328	1	1	1	1	1	1	1	1	1	1	1	1	1	1	1	1	0.103897734771	1	1	1	1	1	1
GO_REGULATION_OF_POSTSYNAPTIC_NEUROTRANSMITTER_RECEPTOR_ACTIVITY	1	1	1	1	1	1	1	1	1	1	1	1	1	1	1	1	1	1	1	1	1	1	1	1	1	1	1	1	1	1	1	1	1	1	1	1	0.291341539025	1	1	1	1
GO_REGULATION_OF_REGULATED_SECRETORY_PATHWAY	1	1	1	1	1	0.129172664244	1	1	1	1	1	1	1	1	1	1	0.202483117473	0.0317018476439	1	1	1	1	1	1	1	1	1	1	1	1	1	1	1	1	1	1	0.0466814389134	1	1	0.433913543006	1
GO_REGULATION_OF_SECRETION	0.223439536104	1	1	1	0.384337965494	0.00159280029929	1	1	1	0.0358523666465	1	1	1	1	0.0822002938538	1	0.0875222458019	0.00853929419687	1	1	1	1	1	1	1	1	1	1	1	1	0.0723462537041	1	1	1	0.0206162195408	0.0223283315024	0.0182284184685	1	1	1	1
GO_REGULATION_OF_SYNAPTIC_PLASTICITY	1	1	1	1	1	1	1	1	1	1	1	1	1	1	1	1	1	1	1	1	1	1	1	0.013350875599	1	1	1	1	1	1	0.0347227070988	1	1	1	0.484009791137	1	0.0146775520319	1	1	1	0.0126741635893
GO_REGULATION_OF_SYNAPTIC_VESICLE_CYCLE	0.267963395414	1	1	0.0307576894519	0.957756750115	2.71746231739e-05	1	1	1	0.115006463903	1	1	0.251295538518	1	1	0.349135502815	0.0144418582679	0.779299691449	1	1	1	1	1	0.000758252984046	1	1	1	0.441587809329	1	1	0.0311350721817	1	1	0.0185075470945	0.0925966379755	0.48489424731	0.0198125524585	1	1	1	1
GO_REGULATION_OF_SYNAPTIC_VESICLE_EXOCYTOSIS	1	1	1	1	1	0.0457039567233	1	1	1	1	1	1	1	1	1	1	1	1	1	1	1	1	1	1	1	1	1	1	1	1	1	1	1	1	1	1	0.0201787755586	1	1	1	1
GO_REGULATION_OF_SYSTEM_PROCESS	1	1	1	1	0.523178195934	1	1	1	1	1	1	1	1	1	1	1	1	0.0336890751498	1	1	1	0.00143533158733	1	1	1	1	1	1	1	1	1	1	0.389155542624	1	0.135014094197	1	0.0201837966629	1	1	1	1
GO_REGULATION_OF_TRANSMEMBRANE_TRANSPORT	1	1	1	1	0.00776566050336	0.00520536045588	1	1	1	1	1	1	1	1	1	1	1	0.600651918504	1	1	1	1	1	1	1	1	1	1	0.144768036054	1	1	1	0.0208589553309	1	1	1	1	1	1	1	1
GO_REGULATION_OF_TRANSPORT	0.00975253415941	0.0163266269155	0.0286491563034	1	0.0	0.0	1	1	1	0.0	1	1	0.122849136039	1	0.0152813047318	0.158948467459	0.00505851100867	0.0	1	1	1	1	1	7.46221129044e-06	1	0.0761615166477	1	0.057618640084	1	1	0.0	0.234561105224	0.000741924374608	1	0.0	0.0	0.000155311213871	1	1	1	1
GO_REGULATION_OF_TRANS_SYNAPTIC_SIGNALING	0.00888154685401	1	1	1	0.000348030581178	3.45612919705e-06	0.670925373713	1	1	0.695529733219	1	1	1	1	1	1	1	0.713248339256	1	1	1	0.0678340228568	1	9.60670433479e-05	1	0.0495314118116	1	0.159333902012	1	1	0.0	1	0.0456546621654	0.0782352817723	0.000131137309691	1	0.0	0.0287960402136	1	1	0.0103064221294
GO_REGULATION_OF_VESICLE_MEDIATED_TRANSPORT	1	1	1	1	1	0.0228693352554	1	1	1	1	1	1	1	1	1	1	0.0255501484382	0.0821725066737	1	1	1	1	1	0.00722378320958	1	0.802240596905	1	1	1	1	0.00637142115092	1	1	1	1	0.296238959538	0.151302375761	1	1	1	1
GO_SECRETORY_VESICLE	1	1	1	1	1	1	1	1	1	1	1	1	1	1	1	1	1	1	1	1	1	1	1	1	1	1	1	1	1	1	1	1	1	1	1	1	0.366058911903	1	1	1	1
GO_SIGNAL_RELEASE	0.00330416463832	1	1	1	0.0032263307287	8.58620332211e-06	1	1	1	0.000441872018048	1	1	1	1	0.00363561404619	1	0.00206335306916	0.00675534285339	1	1	1	1	1	0.0652234354774	1	1	1	1	1	1	0.0143800146072	1	0.0225338006578	0.0204359705664	0.000857611672621	0.0033098943116	0.000316919142834	1	1	1	1
GO_SOMATODENDRITIC_COMPARTMENT	0.0	1	1	0.0026539761303	2.39455128836e-07	5.11642257894e-06	1	1	1	0.00471820323306	1	0.506538341466	1	0.429746006182	0.000426341347511	0.229879106749	2.33054869317e-05	0.0	1	1	1	0.0373920187379	1	1.98574736937e-05	0.33384425196	1	0.000417091027571	8.69081159871e-05	1	1	0.0	1	5.74851485128e-05	7.44935458319e-06	0.0	0.000351928909802	0.00303725724138	1	1	1	0.00649363530534
GO_SYNAPSE	0.0	0.000361375925301	0.00040552039762	2.63304164971e-05	1.55512157881e-05	1.62356482689e-05	0.0	0.330557963371	1	0.0	1	0.0149539431841	0.270924046318	0.151230993206	1.68771570876e-05	4.96036064757e-06	2.09674413021e-06	3.51431113099e-07	1	1	1	1.50639783796e-05	0.84652446644	3.2362465926e-05	0.00755580896163	0.0192411349983	0.051381103873	2.83736092732e-06	1	1	3.37501356862e-06	0.00500968445117	1.58941478895e-05	1.12464023196e-05	9.26259450384e-06	0.0	9.45016327858e-06	0.0678763360329	1	0.499584781197	0.000316239115593
GO_SYNAPSE_ORGANIZATION	1	1	1	1	1	1	1	1	1	1	1	1	1	1	1	1	1	1	1	1	1	1	1	1	1	1	1	1	1	1	0.0171555455983	1	1	1	1	1	1	1	1	1	1
GO_SYNAPTIC_MEMBRANE	1	1	1	0.0324453653855	0.193741868268	0.00101963228201	0.902897266676	0.651069756639	1	6.98538488919e-06	1	0.168957707527	1	1	0.136365666725	0.322141728698	0.537138286214	0.000425107185866	1	1	1	0.415077038563	1	4.22523645873e-05	1	1	1	0.0113691457918	1	1	1.64744344355e-05	1	0.0020583654486	1	0.000179093340573	1	0.0145896210442	1	1	1	0.0654330543318
GO_SYNAPTIC_SIGNALING	0.00555708205016	1	1	0.121590614574	0.0	0.0	0.000354837756191	1	1	0.000636391485929	1	1	1	0.940888034181	0.007427888224	0.0106841110179	0.000253941131428	0.0	1	1	1	0.00153812590976	1	4.48623389548e-06	1	0.0405300873141	0.0314878607819	0.00113265880584	1	1	0.0	1	0.0	9.66463883803e-05	0.0	0.0237316492654	0.0	0.43710322092	1	1	0.0500082558853
GO_SYNAPTIC_VESICLE_EXOCYTOSIS	0.0581865419333	1	1	1	0.274811530585	0.00198597231877	1	1	0.643525802065	1	1	1	1	1	1	1	0.0311607700342	0.0300834656191	1	1	1	1	1	0.00167448366052	1	1	1	1	1	1	1	1	1	1	1	0.880929870474	8.85393229586e-05	1	1	1	1
GO_SYNAPTIC_VESICLE_LOCALIZATION	1	1	1	0.118511676956	1	1	1	1	1	1	1	1	1	1	0.97242573892	0.0541609023381	1	1	1	1	1	1	1	1	1	1	1	1	1	1	1	1	1	1	1	1	1	1	1	1	1
GO_SYNAPTIC_VESICLE_MEMBRANE	0.104554922251	1	1	1	0.354033956619	0.847959321118	1	1	1	1	1	1	1	1	1	1	1	1	1	1	1	1	1	1	1	1	1	1	1	1	1	1	0.244925772343	1	0.210750458437	1	0.386734181072	1	1	1	1
GO_TAXIS	0.611823457954	1	1	1	0.158632097656	1	1	1	1	1	1	1	1	1	0.0150446084373	1	1	1	1	1	1	1	1	1	1	1	1	1	1	1	1	1	1	1	1	1	1	1	1	1	1
GO_TRANSMEMBRANE_TRANSPORT	1	1	1	1	0.0413142076823	0.0329358501728	1	1	1	1	1	1	1	1	1	1	1	1	1	1	1	1	1	1	1	1	1	1	1	1	1	1	1	1	1	1	1	1	1	1	1
GO_TRANSPORTER_ACTIVITY	1	1	1	1	0.113228639632	1	1	1	1	1	1	1	1	1	1	1	1	1	1	1	1	1	1	1	1	1	1	1	1	1	1	1	1	1	1	1	1	1	1	1	1
GO_TRANSPORTER_COMPLEX	1	0.000742566034747	1	1	8.65907340852e-05	0.000561560693319	0.00291554517802	1	1	7.98167275273e-05	1	1	1	1	0.00171993119987	0.565096369763	0.546757901802	3.04971189502e-06	1	1	1	3.66656929345e-05	1	1	1	1	0.000120300705283	1	0.631248913426	1	1	1	0.0131664918271	1	0.000353383109443	1	0.207357520273	1	1	1	1
GO_TRANSPORT_VESICLE	0.00115262818764	1	1	1	0.547351327601	0.0145853241635	1	1	1	1	1	1	1	1	0.084114147817	1	1	1	1	1	1	1	1	1	1	1	1	1	1	1	0.0292406988583	1	0.500865345785	1	0.011311028687	1	0.175510672907	1	1	1	1
GO_TRANSPORT_VESICLE_MEMBRANE	0.00244831962843	1	1	1	0.00162068745636	0.000227474701578	1	1	1	1	1	1	1	1	0.0407208233664	0.024405209663	1	0.0385893673888	1	1	1	1	1	1	1	1	1	1	1	1	0.67784956321	1	0.00871972178601	1	0.371475269376	1	0.304603241456	1	1	1	1
GO_TUBULIN_BINDING	1	1	1	1	1	1	1	1	1	1	1	1	1	1	1	1	1	1	1	1	1	1	1	1	1	1	1	1	1	1	0.087712322912	1	1	1	1	1	1	1	1	1	1
GO_T_TUBULE	1	1	1	1	0.409777593185	0.816626779644	1	1	1	1	1	1	1	1	1	1	0.355848484732	1	1	1	1	1	1	1	1	1	1	1	1	1	1	1	1	1	1	1	1	1	1	1	1
GO_VESICLE_MEDIATED_TRANSPORT_IN_SYNAPSE	9.68655656201e-05	1	1	0.589946556685	0.00389023936537	1.64920179078e-05	0.0344655547156	1	1	0.435926749743	0.495215812517	1	0.00217265636009	1	0.0827939987251	0.00786488747378	0.000484782338305	0.000459283493562	1	1	1	1	1	2.97612097988e-05	1	1	0.268234285801	0.0207572582191	1	1	0.000117297004133	1	0.0186378656249	0.0188292866831	0.000234376003477	0.00195449871994	2.19917372368e-05	1	1	1	1
GO_VOLTAGE_GATED_CALCIUM_CHANNEL_COMPLEX	1	1	1	1	1	1	1	1	1	1	1	1	1	1	1	1	1	1	1	1	1	1	1	1	1	1	1	1	1	1	1	1	0.119687517349	1	1	1	1	1	1	1	1
GO_VOLTAGE_GATED_CATION_CHANNEL_ACTIVITY	1	0.0315911587054	1	1	0.000682181790077	0.0165230106758	1	1	1	0.0135658657925	1	1	1	1	0.56732693659	1	0.195903516944	0.0	1	0.0364314859476	0.0531669840464	0.00223015306844	1	0.635744900697	1	0.865887301857	1	1	0.389155261184	1	0.00450526526455	1	0.711354780032	0.181681862999	0.00499388178355	1	1	1	1	1	1
GO_VOLTAGE_GATED_ION_CHANNEL_ACTIVITY	1	0.000717624688288	0.245721522208	1	1.58022187902e-05	0.00235725783448	1	1	1	0.0162398661148	1	1	1	1	1	1	0.091525046655	0.0	1	0.0965958416494	0.00777486006988	0.00349056777044	1	0.772457779105	1	1	1	1	0.492617106881	0.815822078831	0.00764972989092	1	0.150282688101	0.0280974847116	0.0299852007918	1	1	1	1	1	1
GO_VOLTAGE_GATED_POTASSIUM_CHANNEL_ACTIVITY	1	0.113794253764	1	1	0.0549006749991	1	1	1	1	0.949911344789	1	1	1	1	1	1	1	0.044279499036	1	0.00751344838661	1	1	1	1	1	1	1	1	1	1	1	1	1	1	0.230264359736	1	1	1	1	1	1
