	ARX	ASCL1	ASCL2	E2F7	ETV1	FEV	FOXD4L5	FOXJ1	FOXP2	GATA2	HIC1	HLF	HMBOX1	ISL1	LMX1A	LMX1B	MAFA	MAFB	MYT1	NEUROD1	NEUROD2	NEUROG3	NHLH1	NR4A3	ONECUT1	PAX4	PAX6	PBX3	POU2F2	POU5F1	RFX6	SIM1	SIX2	SMAD9	SOX4	SPIB	TFCP2L1	TP73	ZFP69B	ZNF519	ZNF846
GO_ADULT_BEHAVIOR	6	3	5	11	10	13	9	5	5	8	2	0	4	5	9	6	11	12	4	4	0	5	4	15	7	5	13	9	4	3	9	2	11	8	14	9	13	4	2	6	10
GO_AMINE_TRANSPORT	7	3	4	3	8	8	5	3	5	4	4	0	4	5	8	5	0	9	3	3	0	5	3	8	4	0	4	8	2	0	0	4	8	5	12	6	11	0	3	3	0
GO_AXON	46	15	17	28	46	49	31	12	13	34	11	13	16	20	32	30	37	52	8	15	13	29	14	36	13	16	26	28	9	10	44	13	37	38	46	31	39	11	10	22	24
GO_AXON_DEVELOPMENT	29	7	8	14	33	34	17	7	12	21	0	5	14	9	23	19	25	22	5	11	0	20	0	27	7	14	18	17	0	9	21	6	24	19	34	20	23	0	8	8	12
GO_BEHAVIOR	19	0	10	23	23	33	18	9	10	21	7	5	0	14	25	16	28	31	9	12	8	16	9	32	13	15	26	19	7	9	25	7	29	23	36	21	34	7	5	14	25
GO_CALCIUM_ION_TRANSMEMBRANE_TRANSPORTER_ACTIVITY	7	4	4	4	9	10	7	0	0	6	0	0	3	4	7	7	8	9	0	0	7	10	4	6	9	5	6	0	5	3	11	3	11	5	8	6	7	0	0	4	0
GO_CARDIAC_CONDUCTION	5	4	8	6	12	16	6	0	0	10	0	0	6	6	8	7	11	15	0	5	7	11	5	10	7	6	10	6	3	3	11	0	9	11	14	8	12	0	2	9	8
GO_CATION_CHANNEL_ACTIVITY	21	19	15	15	34	30	19	7	7	21	4	5	11	11	21	17	25	28	6	14	15	25	11	21	14	11	23	11	13	9	23	7	19	18	28	17	22	7	3	13	15
GO_CATION_CHANNEL_COMPLEX	16	14	9	9	22	22	16	6	0	17	4	6	7	9	20	16	18	24	4	9	8	19	6	13	10	10	20	9	10	6	13	6	17	14	22	15	17	3	0	8	15
GO_CATION_TRANSMEMBRANE_TRANSPORT	30	20	19	26	46	48	28	11	10	29	7	10	16	15	33	31	35	42	6	16	16	33	15	31	22	16	34	22	17	14	35	9	30	28	43	27	35	11	0	19	25
GO_CATION_TRANSMEMBRANE_TRANSPORTER_ACTIVITY	27	19	17	18	39	36	22	7	8	23	5	5	12	11	25	23	30	35	6	14	17	28	11	26	16	13	26	18	13	10	27	7	21	22	34	21	25	9	0	17	18
GO_CATION_TRANSPORT	34	24	25	29	55	55	29	13	15	34	8	11	18	18	38	34	40	48	8	19	17	37	17	36	23	17	37	28	17	14	40	11	35	33	49	33	40	13	0	22	27
GO_CELLULAR_COMPONENT_MORPHOGENESIS	40	10	16	19	43	44	24	13	15	23	6	9	17	12	30	27	31	30	10	15	0	24	12	35	13	19	25	24	0	14	28	11	33	31	45	25	28	0	9	11	20
GO_CELL_BODY	28	12	14	17	39	39	21	7	11	22	5	9	0	12	24	14	29	32	10	15	12	24	13	27	12	12	27	22	8	0	30	13	27	25	35	26	27	8	5	15	19
GO_CELL_CELL_SIGNALING	59	32	37	41	82	91	51	21	26	55	15	13	29	27	59	51	71	76	12	27	19	53	30	66	26	34	56	47	19	17	60	20	65	63	92	59	85	21	13	33	47
GO_CELL_JUNCTION_ORGANIZATION	25	17	18	18	29	31	19	7	0	22	0	7	13	12	27	17	25	31	6	9	0	22	11	26	14	9	17	14	7	9	29	9	18	22	32	23	28	7	5	11	17
GO_CELL_MORPHOGENESIS	43	12	17	22	48	47	30	10	13	27	7	10	18	12	33	30	36	34	10	16	0	31	12	39	15	20	29	25	0	15	29	11	33	31	49	30	34	0	12	0	21
GO_CELL_MORPHOGENESIS_INVOLVED_IN_DIFFERENTIATION	35	0	12	17	37	39	21	8	12	22	7	8	13	10	26	23	27	27	8	14	0	22	9	33	11	18	22	22	0	11	26	8	27	23	38	23	24	0	10	0	18
GO_CELL_MORPHOGENESIS_INVOLVED_IN_NEURON_DIFFERENTIATION	32	8	12	17	34	38	19	8	12	20	7	8	13	9	24	21	25	23	8	12	0	20	8	30	10	17	21	21	6	10	25	8	26	22	35	20	21	0	8	0	16
GO_CELL_PART_MORPHOGENESIS	38	10	15	18	41	41	23	9	12	21	6	8	16	11	27	25	27	26	10	13	0	24	11	33	10	18	25	21	0	12	26	11	30	27	42	23	26	0	9	10	18
GO_CELL_PROJECTION_ORGANIZATION	52	19	28	36	64	70	44	17	22	44	11	15	28	23	47	51	55	56	12	23	15	43	25	57	18	31	41	37	14	19	51	14	45	41	69	41	55	19	14	23	35
GO_CHEMICAL_HOMEOSTASIS	29	16	20	0	46	51	22	0	12	35	0	0	0	15	31	27	40	45	0	13	12	29	17	38	24	18	27	29	10	0	32	10	25	30	45	38	45	11	9	17	22
GO_CIRCULATORY_SYSTEM_PROCESS	0	10	13	13	26	27	13	8	0	21	0	0	12	14	19	0	27	37	6	13	9	23	11	22	14	10	23	21	0	6	19	11	26	26	34	16	27	0	7	15	16
GO_CYTOSKELETAL_PROTEIN_BINDING	29	14	20	31	44	47	24	17	14	29	8	12	21	19	26	27	41	39	0	11	0	24	14	30	21	16	24	26	12	12	39	7	27	28	44	28	39	11	0	17	31
GO_DENDRITIC_SHAFT	6	2	0	5	7	6	3	0	2	5	0	0	0	0	5	5	5	6	0	2	3	5	2	3	4	4	4	5	3	0	7	0	4	5	7	5	6	0	0	0	7
GO_DENDRITIC_TREE	33	10	12	23	37	40	18	9	0	22	0	9	10	13	27	25	32	38	6	16	14	20	10	29	15	12	21	21	9	9	37	6	26	29	35	29	33	8	0	12	26
GO_DENSE_CORE_GRANULE	4	2	2	0	4	4	3	2	3	0	3	0	2	3	3	4	8	7	3	3	2	4	0	4	0	2	4	4	0	0	5	3	4	3	4	4	6	0	0	4	0
GO_DEVELOPMENTAL_MATURATION	18	6	8	7	15	16	12	0	0	8	0	0	6	11	9	12	14	17	4	8	6	11	6	12	7	8	12	10	4	5	13	6	11	10	17	13	14	0	0	9	10
GO_DISTAL_AXON	25	5	6	13	24	27	15	6	7	17	4	6	0	5	17	14	18	27	4	0	7	14	5	19	6	8	10	16	0	5	22	7	16	17	24	16	15	6	4	10	14
GO_EXOCYTIC_VESICLE	16	0	7	8	14	16	10	4	4	10	3	0	5	8	13	11	14	14	3	4	0	9	7	14	4	7	9	11	4	0	15	3	13	8	18	10	16	4	0	5	8
GO_GATED_CHANNEL_ACTIVITY	20	20	15	15	33	29	20	7	7	24	4	8	11	11	22	17	25	30	6	14	15	26	11	21	15	10	22	13	13	11	23	8	21	19	32	16	23	7	3	12	15
GO_GLUTAMATERGIC_SYNAPSE	17	9	8	13	18	25	16	7	5	18	7	0	7	8	15	16	18	21	6	8	7	20	9	22	6	9	16	10	5	5	23	7	21	18	21	17	27	5	3	8	14
GO_GLYCOSAMINOGLYCAN_BINDING	11	0	0	8	13	10	11	5	6	9	0	4	0	6	14	15	11	8	0	0	0	8	5	12	5	5	8	8	4	5	7	0	11	8	14	7	12	6	0	7	9
GO_GTPASE_ACTIVITY	14	8	7	8	12	12	10	6	5	0	0	0	7	6	12	14	11	14	0	0	0	8	0	11	0	9	10	10	5	4	18	0	12	8	17	12	15	4	3	0	9
GO_HEART_PROCESS	8	6	10	9	16	19	9	0	0	12	0	0	7	9	13	9	16	22	0	8	8	15	7	15	8	7	16	10	0	4	13	7	14	17	21	10	15	0	5	10	9
GO_HIGH_VOLTAGE_GATED_CALCIUM_CHANNEL_ACTIVITY	2	2	0	2	2	4	2	0	0	3	0	0	0	2	4	2	0	3	0	0	0	2	0	0	4	0	0	0	2	0	3	2	3	3	3	3	2	0	0	0	0
GO_HORMONE_ACTIVITY	0	0	0	7	10	9	9	4	4	7	0	4	0	4	10	6	10	12	0	4	0	4	3	9	5	5	7	0	0	0	4	8	7	5	11	7	13	0	4	0	6
GO_HORMONE_TRANSPORT	18	8	9	10	20	26	14	5	8	21	4	0	9	7	24	15	21	23	0	9	0	14	5	13	9	11	15	13	0	0	17	7	18	14	26	18	21	0	4	7	11
GO_INORGANIC_ION_TRANSMEMBRANE_TRANSPORT	29	20	18	22	45	45	28	11	10	29	0	12	16	15	33	30	32	41	6	14	16	34	14	28	22	13	31	22	19	16	32	10	31	27	43	25	31	9	0	15	19
GO_INSULIN_SECRETION	16	7	7	8	15	20	10	0	7	13	4	0	5	5	17	14	16	18	0	8	0	13	0	9	5	11	12	10	0	0	14	5	11	11	18	12	16	0	0	6	10
GO_INTRINSIC_COMPONENT_OF_PLASMA_MEMBRANE	47	32	31	29	65	68	41	17	21	56	12	15	28	22	47	45	55	62	13	28	22	48	24	50	26	27	41	34	19	19	45	16	44	42	68	43	56	18	0	22	32
GO_ION_TRANSMEMBRANE_TRANSPORT	35	23	21	29	54	56	33	14	14	35	8	13	18	16	39	35	40	47	9	18	17	35	15	36	25	18	38	27	19	16	38	12	34	31	51	30	40	14	0	21	26
GO_ION_TRANSMEMBRANE_TRANSPORTER_ACTIVITY	29	20	17	18	42	39	25	9	9	27	0	8	13	12	29	26	31	38	7	15	18	30	11	27	19	14	27	20	15	12	28	9	24	23	38	22	27	9	0	17	18
GO_ION_TRANSPORT	42	27	26	31	66	67	35	15	19	43	10	15	22	20	48	41	48	59	11	22	19	43	18	46	26	20	43	36	21	18	43	18	44	40	63	42	51	16	9	24	28
GO_LIGAND_GATED_CATION_CHANNEL_ACTIVITY	9	8	7	7	12	11	6	0	5	7	3	0	3	3	7	4	8	7	3	6	3	8	4	8	0	3	11	0	0	0	8	2	0	6	10	6	9	4	0	5	8
GO_LIGAND_GATED_ION_CHANNEL_ACTIVITY	10	10	8	8	14	12	8	0	5	10	3	3	4	4	9	6	8	9	3	7	5	11	5	9	5	3	11	5	4	0	9	3	5	7	14	6	12	4	2	6	9
GO_MAIN_AXON	6	4	6	5	9	9	6	0	4	6	0	0	4	3	5	5	5	8	0	6	4	3	3	4	2	3	5	3	3	2	9	0	3	6	9	7	6	2	2	3	6
GO_MEMBRANE_DEPOLARIZATION	7	6	6	4	13	14	5	3	0	7	0	2	3	4	8	5	10	13	3	3	5	8	5	10	8	3	8	7	3	3	8	4	8	9	11	10	12	0	2	4	5
GO_MEMBRANE_DEPOLARIZATION_DURING_ACTION_POTENTIAL	4	3	4	2	8	9	3	2	0	3	0	0	2	2	3	2	6	7	0	3	4	6	4	6	5	2	5	3	0	2	5	2	3	5	6	5	6	0	2	2	4
GO_MEMBRANE_DEPOLARIZATION_DURING_CARDIAC_MUSCLE_CELL_ACTION_POTENTIAL	4	2	3	2	6	8	2	2	0	3	0	0	2	0	3	2	5	5	0	0	4	4	2	5	5	0	4	3	0	2	3	0	3	5	5	4	5	0	0	2	3
GO_METAL_ION_TRANSMEMBRANE_TRANSPORTER_ACTIVITY	24	18	14	13	33	31	18	6	0	20	0	5	10	11	23	20	24	32	5	12	16	26	11	21	15	11	22	15	13	9	23	7	21	20	30	20	21	6	0	14	14
GO_METAL_ION_TRANSPORT	29	22	20	24	46	46	25	10	10	31	0	10	17	16	33	29	32	40	5	16	15	32	14	32	23	14	32	24	17	13	32	9	31	30	42	29	32	9	0	17	23
GO_MICROTUBULE	13	0	10	14	18	20	0	0	6	11	0	0	9	7	11	11	17	18	0	7	6	10	0	13	6	10	0	12	7	8	21	0	0	12	23	14	22	7	0	9	16
GO_MICROTUBULE_BINDING	10	0	7	13	17	18	10	4	5	12	3	7	8	8	9	10	16	15	3	6	4	10	5	12	8	8	11	11	7	5	16	3	9	11	20	12	19	4	0	6	13
GO_MONOVALENT_INORGANIC_CATION_TRANSMEMBRANE_TRANSPORTER_ACTIVITY	18	15	12	9	24	21	14	0	0	16	0	4	7	8	16	13	19	26	4	11	10	18	9	14	8	7	18	13	8	7	15	4	11	16	26	13	13	6	0	11	12
GO_MONOVALENT_INORGANIC_CATION_TRANSPORT	19	16	17	16	31	29	19	7	8	22	0	7	11	11	23	19	23	29	4	13	9	22	11	19	14	9	23	17	11	11	22	0	17	19	32	17	19	7	0	12	15
GO_MULTICELLULAR_ORGANISMAL_SIGNALING	8	6	8	8	18	20	10	5	0	12	0	0	8	9	12	10	16	21	0	7	7	15	6	11	9	7	13	6	6	4	15	4	12	13	19	10	16	0	0	9	9
GO_NEUROGENESIS	57	22	29	42	68	77	47	18	20	42	12	14	27	28	50	51	62	62	15	30	19	50	26	57	20	33	45	45	15	19	59	15	49	52	75	47	64	13	17	29	38
GO_NEURONAL_DENSE_CORE_VESICLE	3	2	0	0	3	2	2	0	2	0	3	0	0	2	3	3	6	5	3	3	0	2	0	2	0	2	3	4	0	0	4	3	3	0	3	3	4	0	0	2	0
GO_NEURON_DEVELOPMENT	51	15	19	32	57	62	35	13	18	37	9	12	21	23	44	43	48	50	14	22	11	37	18	49	16	27	34	35	11	14	45	15	41	39	58	38	45	11	13	18	28
GO_NEURON_DIFFERENTIATION	56	20	25	38	62	67	41	14	19	40	10	13	23	24	48	48	55	56	14	28	15	44	25	54	16	31	39	40	12	16	52	15	46	47	65	42	54	11	16	24	31
GO_NEURON_PROJECTION	69	32	35	49	82	87	56	24	25	61	18	21	24	33	63	57	68	84	13	31	24	53	26	66	28	30	55	53	16	17	74	17	59	62	87	55	74	21	13	36	49
GO_NEURON_PROJECTION_GUIDANCE	18	0	5	7	22	21	12	4	6	14	0	3	7	6	17	10	14	12	3	5	0	13	0	17	6	7	9	12	0	6	12	4	14	14	21	13	10	0	4	6	0
GO_NEURON_PROJECTION_TERMINUS	17	4	4	5	14	14	7	3	3	10	2	4	0	5	12	10	8	16	5	4	5	9	3	10	4	4	8	11	0	3	12	6	11	11	14	9	13	4	2	7	8
GO_NEURON_SPINE	12	4	6	8	12	11	10	6	0	9	0	6	0	0	11	12	10	12	0	4	7	9	4	10	5	6	11	11	4	0	16	0	9	9	14	12	11	3	2	4	13
GO_NEURON_TO_NEURON_SYNAPSE	23	9	10	20	22	27	16	9	0	18	8	5	10	8	22	22	21	26	3	8	7	18	0	24	7	12	13	20	7	0	28	4	21	20	30	20	27	12	0	11	20
GO_NEUROTRANSMITTER_RECEPTOR_INTERNALIZATION	3	0	2	3	3	4	4	2	0	3	0	3	4	2	3	4	4	5	0	0	0	2	2	4	0	4	3	2	0	2	6	0	5	3	4	2	4	0	0	0	2
GO_NEUROTRANSMITTER_SECRETION	15	6	8	11	17	20	12	4	10	11	6	3	9	6	11	12	18	16	4	4	3	8	4	19	4	6	10	13	4	3	15	4	13	14	17	14	20	6	0	10	6
GO_NEUROTRANSMITTER_TRANSPORT	18	8	10	12	21	23	13	5	11	11	6	3	10	7	14	14	19	18	4	5	4	10	5	21	5	6	12	15	5	0	17	4	15	15	20	16	22	6	0	10	6
GO_PANCREATIC_A_CELL_DIFFERENTIATION	0	0	0	0	2	2	2	0	0	0	0	0	0	0	0	2	2	0	0	3	0	3	2	0	0	0	0	0	0	0	4	0	0	2	0	2	2	0	0	0	0
GO_PASSIVE_TRANSMEMBRANE_TRANSPORTER_ACTIVITY	22	20	16	15	36	32	21	8	7	25	4	8	12	12	24	19	26	31	7	15	16	27	11	22	16	11	23	13	15	12	24	9	22	19	32	17	24	7	0	13	15
GO_PEPTIDE_HORMONE_SECRETION	17	8	9	9	17	23	13	4	7	16	4	0	7	5	20	14	18	21	0	8	0	14	5	10	7	11	14	12	0	0	15	6	14	13	21	15	18	0	0	7	10
GO_PEPTIDE_SECRETION	21	10	11	13	20	27	18	7	8	22	0	0	11	9	26	20	22	27	0	10	0	18	8	14	12	14	19	16	0	0	20	8	17	15	27	21	25	0	4	9	12
GO_PERIKARYON	14	6	5	5	15	14	10	3	6	9	0	0	4	5	9	6	12	12	0	4	3	11	3	11	4	0	9	5	0	0	7	3	10	7	12	10	9	3	2	6	6
GO_PLASMA_MEMBRANE_PROTEIN_COMPLEX	20	18	13	17	33	34	21	9	10	20	6	8	10	12	25	19	29	34	6	13	9	25	0	21	12	12	26	17	11	10	21	7	21	23	35	25	25	7	0	9	19
GO_PLASMA_MEMBRANE_REGION	30	16	18	31	41	45	31	17	12	36	14	13	27	15	32	35	35	45	0	0	13	28	15	41	18	21	32	34	11	12	38	9	34	31	49	32	45	15	0	21	31
GO_POSTSYNAPSE	34	15	14	25	36	45	28	16	11	33	9	13	16	12	34	31	31	41	7	13	10	29	12	36	16	14	25	32	12	10	40	9	32	30	45	30	40	12	0	12	26
GO_POSTSYNAPTIC_DENSITY_MEMBRANE	6	4	3	9	8	11	7	4	0	8	4	0	4	4	6	6	10	10	0	0	0	6	4	9	3	5	7	5	3	0	11	2	11	10	12	6	12	4	0	5	10
GO_POSTSYNAPTIC_MEMBRANE	11	9	7	15	20	23	15	12	6	21	6	10	11	8	16	16	19	22	3	6	6	15	8	20	11	10	14	17	7	5	22	5	20	17	27	15	22	6	0	6	16
GO_POSTSYNAPTIC_SPECIALIZATION_MEMBRANE	6	5	4	11	10	13	7	5	0	10	5	2	4	4	8	7	12	11	0	3	0	7	4	11	3	5	9	6	3	0	12	3	12	10	14	7	15	4	0	6	11
GO_POTASSIUM_CHANNEL_ACTIVITY	12	11	8	5	17	14	9	4	0	11	2	4	7	5	12	9	14	17	2	10	6	11	6	8	5	5	10	8	8	6	9	2	8	10	17	8	10	4	0	7	8
GO_POTASSIUM_CHANNEL_COMPLEX	11	9	6	3	11	11	8	2	3	9	3	4	3	4	11	8	9	13	2	7	3	10	3	6	4	3	10	5	6	3	4	2	5	6	14	7	8	3	0	4	7
GO_POTASSIUM_ION_TRANSMEMBRANE_TRANSPORTER_ACTIVITY	12	11	9	7	17	15	10	4	0	12	2	4	7	5	12	10	15	19	2	10	6	12	6	10	5	6	12	10	8	6	11	0	9	12	19	8	11	5	0	9	9
GO_POTASSIUM_ION_TRANSPORT	12	12	12	9	21	19	12	6	5	17	0	6	8	6	16	14	18	21	0	11	6	14	7	11	8	6	13	12	10	9	13	0	13	13	22	10	13	5	0	8	10
GO_PRESYNAPSE	33	12	14	20	34	39	21	11	9	24	5	10	15	15	30	26	31	39	7	9	10	22	9	31	13	15	20	23	10	8	35	10	26	23	37	27	32	9	5	12	18
GO_PRESYNAPTIC_MEMBRANE	10	3	0	7	10	13	10	5	0	12	0	4	6	4	10	8	9	14	3	0	0	8	3	13	5	4	8	8	0	0	10	3	6	6	12	9	10	3	2	0	7
GO_REGULATION_OF_BLOOD_CIRCULATION	9	7	10	9	20	22	9	6	0	14	0	0	8	10	14	9	17	23	0	8	8	18	7	15	9	7	18	10	4	4	14	7	16	17	22	10	19	0	6	10	10
GO_REGULATION_OF_BLOOD_PRESSURE	0	4	4	0	0	0	0	0	0	6	0	4	0	4	8	0	8	12	6	4	0	6	0	7	6	0	6	8	0	0	0	9	9	7	11	0	8	0	3	4	0
GO_REGULATION_OF_CATION_TRANSMEMBRANE_TRANSPORT	11	8	9	12	18	24	12	5	5	13	0	5	6	6	14	12	13	17	0	6	7	12	7	13	10	8	17	10	7	7	16	4	16	14	20	13	18	5	4	7	15
GO_REGULATION_OF_CELLULAR_LOCALIZATION	26	16	20	25	40	45	19	0	12	25	7	0	17	12	22	26	34	34	0	13	10	19	16	35	13	17	22	22	11	0	32	7	22	23	40	33	38	0	7	14	23
GO_REGULATION_OF_CELL_DEVELOPMENT	30	0	13	24	37	42	23	13	11	19	0	7	15	14	25	31	30	31	8	20	12	31	13	32	0	19	32	24	9	0	34	10	24	26	39	26	34	10	11	14	22
GO_REGULATION_OF_CELL_MORPHOGENESIS	23	0	8	13	24	22	12	0	6	0	0	0	12	0	13	17	18	15	5	10	0	16	7	22	0	14	18	10	0	6	17	6	14	19	24	13	17	6	6	0	13
GO_REGULATION_OF_CELL_MORPHOGENESIS_INVOLVED_IN_DIFFERENTIATION	16	0	6	11	19	16	0	4	0	7	3	0	9	0	9	12	12	13	3	10	4	11	0	19	0	12	15	9	4	4	16	0	11	13	17	10	11	5	5	0	12
GO_REGULATION_OF_CELL_PROJECTION_ORGANIZATION	25	9	11	17	31	35	20	10	11	17	6	8	15	11	19	24	22	24	5	14	11	25	13	30	9	13	25	15	7	0	24	8	19	20	33	22	22	8	6	11	20
GO_REGULATION_OF_EXOCYTOSIS	13	6	8	10	15	18	12	5	10	10	7	0	8	6	11	13	19	19	0	6	4	8	4	14	5	9	12	11	4	0	16	3	12	11	17	13	19	7	0	11	10
GO_REGULATION_OF_HEART_RATE	6	3	6	4	12	14	0	3	0	8	0	0	5	5	9	4	7	10	0	3	4	10	4	8	7	0	8	7	2	3	7	3	5	7	13	7	8	0	4	5	5
GO_REGULATION_OF_HEART_RATE_BY_CARDIAC_CONDUCTION	4	2	4	2	8	10	2	2	0	4	0	0	4	2	4	3	6	7	0	2	3	5	3	6	4	2	5	2	2	2	4	0	0	6	7	4	6	0	2	3	4
GO_REGULATION_OF_HORMONE_LEVELS	23	12	12	15	25	32	18	7	9	26	5	0	9	10	30	17	28	31	0	12	0	19	0	18	11	13	22	15	0	0	23	11	25	19	34	20	27	0	6	8	13
GO_REGULATION_OF_HORMONE_SECRETION	15	8	8	10	17	23	13	5	6	17	4	3	6	0	20	13	17	18	0	7	0	12	0	10	7	9	11	11	0	0	14	6	16	10	23	15	16	0	3	5	9
GO_REGULATION_OF_INSULIN_SECRETION	13	7	6	8	13	18	10	3	6	11	4	0	4	0	15	13	13	15	0	6	0	11	0	7	5	9	9	9	0	0	12	4	10	8	17	10	13	0	0	5	8
GO_REGULATION_OF_ION_TRANSMEMBRANE_TRANSPORT	17	15	12	13	32	33	18	7	6	20	4	8	12	10	21	18	21	28	5	11	10	18	10	19	15	11	21	14	14	12	22	7	26	19	28	20	21	6	4	9	17
GO_REGULATION_OF_ION_TRANSPORT	22	19	18	16	42	40	20	9	10	26	6	10	15	14	27	22	27	35	8	15	11	22	13	28	17	14	25	21	15	13	28	10	33	24	36	26	30	8	8	13	19
GO_REGULATION_OF_MEMBRANE_POTENTIAL	20	14	12	11	35	35	20	8	6	27	4	9	11	11	26	20	23	31	6	12	12	24	11	23	14	11	22	19	13	10	22	8	22	21	35	20	27	8	4	12	16
GO_REGULATION_OF_NERVOUS_SYSTEM_DEVELOPMENT	30	11	14	25	37	44	23	15	11	22	0	0	15	14	25	30	28	30	8	20	13	34	13	34	0	19	32	23	9	0	34	10	27	26	42	28	35	9	9	16	23
GO_REGULATION_OF_NEURON_DIFFERENTIATION	28	9	11	20	31	35	18	9	11	17	5	6	14	11	21	27	23	25	7	17	8	25	12	29	8	17	27	20	7	0	29	9	21	23	32	21	26	7	7	12	18
GO_REGULATION_OF_NEURON_PROJECTION_DEVELOPMENT	22	7	9	17	27	29	16	7	9	14	4	6	12	8	15	20	19	21	5	13	8	19	10	27	0	13	23	12	6	0	23	7	18	19	27	17	19	7	6	9	18
GO_REGULATION_OF_NEUROTRANSMITTER_LEVELS	16	6	8	11	18	21	12	4	11	11	6	3	9	6	12	13	18	17	4	4	4	9	4	19	4	6	10	14	4	0	15	4	13	14	18	15	20	6	0	10	6
GO_REGULATION_OF_NEUROTRANSMITTER_TRANSPORT	10	3	5	7	11	13	9	0	8	8	5	0	5	3	6	8	11	11	3	3	0	5	0	11	0	4	6	9	0	0	9	3	7	9	10	7	14	5	0	7	6
GO_REGULATION_OF_PEPTIDE_HORMONE_SECRETION	14	8	8	9	15	20	12	4	6	13	4	0	5	0	17	13	15	17	0	6	0	12	4	8	6	9	10	10	0	0	13	5	12	9	19	12	14	0	0	5	8
GO_REGULATION_OF_POSTSYNAPTIC_NEUROTRANSMITTER_RECEPTOR_ACTIVITY	0	2	0	2	2	2	2	2	0	0	2	0	0	0	0	0	3	2	0	0	0	2	0	0	0	2	3	2	0	0	2	0	3	2	2	0	6	2	0	0	3
GO_REGULATION_OF_REGULATED_SECRETORY_PATHWAY	12	5	6	8	13	16	10	3	8	8	6	0	6	5	8	9	15	16	2	0	0	6	3	11	0	5	8	10	0	0	11	3	9	11	13	10	16	4	0	10	7
GO_REGULATION_OF_SECRETION	29	16	19	22	35	42	24	11	15	29	9	8	14	10	31	24	36	38	6	13	0	21	12	29	12	19	25	22	0	0	30	11	27	21	41	32	38	10	8	16	19
GO_REGULATION_OF_SYNAPTIC_PLASTICITY	12	0	7	8	15	15	9	5	0	11	3	3	5	7	9	10	12	14	2	6	4	11	8	16	7	10	11	9	3	0	15	0	10	10	17	11	18	5	3	0	15
GO_REGULATION_OF_SYNAPTIC_VESICLE_CYCLE	11	3	5	11	12	18	9	3	6	11	6	2	9	5	10	11	14	12	2	4	3	6	0	14	4	6	10	10	4	3	12	3	9	12	14	11	14	4	0	6	9
GO_REGULATION_OF_SYNAPTIC_VESICLE_EXOCYTOSIS	8	0	3	6	9	12	7	2	6	8	5	0	5	0	6	7	10	10	0	0	2	4	0	9	0	0	6	7	2	2	7	2	7	8	9	7	12	4	0	6	6
GO_REGULATION_OF_SYSTEM_PROCESS	16	13	17	16	31	29	15	9	0	21	6	0	11	13	20	17	24	33	4	15	13	29	13	26	14	11	25	18	7	0	23	9	27	24	35	20	34	9	10	14	19
GO_REGULATION_OF_TRANSMEMBRANE_TRANSPORT	17	15	12	13	33	35	18	8	7	20	0	8	13	10	22	19	23	29	5	11	10	18	10	20	15	12	22	16	15	12	23	7	28	20	31	21	24	7	4	9	18
GO_REGULATION_OF_TRANSPORT	55	35	37	40	81	87	44	19	23	58	16	19	37	23	57	53	69	76	12	27	18	43	24	65	28	36	50	47	25	19	64	22	61	48	87	67	74	22	15	29	42
GO_REGULATION_OF_TRANS_SYNAPTIC_SIGNALING	24	9	11	17	31	35	21	8	12	20	9	6	11	10	21	20	24	25	8	9	7	22	10	28	12	17	20	20	6	0	28	9	24	22	34	19	35	14	6	9	23
GO_REGULATION_OF_VESICLE_MEDIATED_TRANSPORT	20	9	13	16	26	33	15	6	10	18	10	0	15	9	18	22	31	30	0	10	7	0	0	28	7	17	18	20	7	0	27	5	18	17	30	25	30	10	0	13	16
GO_SECRETORY_VESICLE	31	0	14	18	36	37	25	9	12	27	9	0	13	16	31	31	39	37	0	17	12	22	13	29	0	15	25	22	0	0	33	8	30	20	41	26	43	11	0	0	18
GO_SIGNAL_RELEASE	29	14	17	20	35	43	22	9	14	29	8	5	15	10	30	21	35	34	6	12	0	20	10	28	12	16	22	22	6	0	28	12	29	27	39	30	37	9	5	16	16
GO_SOMATODENDRITIC_COMPARTMENT	44	17	20	31	53	57	30	12	13	33	7	15	14	21	38	32	46	51	10	20	17	32	17	42	21	21	37	34	12	10	52	14	40	38	52	38	43	13	6	20	33
GO_SYNAPSE	60	32	34	46	70	82	53	23	21	59	15	21	30	28	67	60	63	83	14	25	21	54	26	64	30	31	44	53	21	20	71	21	67	53	91	54	73	23	12	29	46
GO_SYNAPSE_ORGANIZATION	18	8	9	10	20	21	15	6	0	16	0	5	0	7	18	12	0	16	6	7	5	14	6	16	8	7	10	10	0	0	23	8	13	13	22	15	16	0	0	0	9
GO_SYNAPTIC_MEMBRANE	17	10	8	19	24	29	19	12	7	25	8	11	14	10	21	20	23	28	4	7	6	19	9	27	12	12	17	20	8	5	26	6	24	18	31	18	26	7	0	8	20
GO_SYNAPTIC_SIGNALING	32	17	18	26	46	52	34	14	17	32	11	10	17	19	33	32	41	46	10	15	12	32	16	45	17	22	31	30	12	8	40	13	43	34	55	32	53	16	8	18	29
GO_SYNAPTIC_VESICLE_EXOCYTOSIS	12	4	5	7	13	16	10	4	8	9	6	2	7	4	8	10	14	14	2	3	3	7	4	14	3	4	9	9	3	3	10	3	10	10	13	11	17	4	0	8	6
GO_SYNAPTIC_VESICLE_LOCALIZATION	6	4	2	8	8	9	4	2	0	7	2	2	6	3	8	9	8	7	2	3	2	0	0	6	0	4	4	7	3	3	6	2	4	7	7	5	5	0	0	2	4
GO_SYNAPTIC_VESICLE_MEMBRANE	11	0	3	5	12	12	7	3	4	5	2	0	0	5	10	10	9	11	2	4	3	6	5	9	0	4	4	7	3	0	8	2	11	5	13	9	12	3	0	3	5
GO_TAXIS	26	0	11	0	33	30	19	7	8	22	0	0	12	9	30	23	26	24	4	9	0	22	8	24	9	11	16	17	0	9	19	7	20	18	34	24	22	0	7	9	0
GO_TRANSMEMBRANE_TRANSPORT	40	25	23	32	61	65	34	15	17	39	0	13	19	0	44	39	47	55	9	20	20	38	17	39	26	21	41	31	21	18	41	12	41	34	61	36	47	16	0	21	30
GO_TRANSPORTER_ACTIVITY	34	21	19	23	49	46	26	0	0	29	0	8	15	0	35	31	38	45	7	18	19	34	13	31	19	16	29	24	17	14	32	10	29	27	45	29	35	11	0	17	21
GO_TRANSPORTER_COMPLEX	17	16	12	13	27	27	21	8	7	22	5	9	9	10	22	18	21	28	5	11	9	23	6	18	12	11	23	13	11	7	16	7	21	16	28	15	22	6	0	9	16
GO_TRANSPORT_VESICLE	24	6	8	12	24	28	15	6	6	17	6	0	7	12	22	18	21	23	4	8	0	14	10	20	7	9	16	14	5	6	22	7	21	16	29	16	25	5	4	7	14
GO_TRANSPORT_VESICLE_MEMBRANE	17	4	4	9	20	22	11	5	6	10	4	0	4	9	16	16	14	18	3	5	0	10	6	13	5	6	9	10	4	4	14	3	17	11	18	13	17	3	0	6	11
GO_TUBULIN_BINDING	13	0	8	15	21	22	11	5	7	15	0	7	9	9	11	11	21	18	3	6	0	12	7	17	9	9	11	13	7	6	20	0	11	14	23	15	22	5	3	7	14
GO_T_TUBULE	5	3	4	4	9	9	4	3	0	3	0	0	5	3	5	4	9	8	0	2	4	7	3	4	5	3	6	4	2	2	6	2	7	7	7	5	6	0	0	3	4
GO_VESICLE_MEDIATED_TRANSPORT_IN_SYNAPSE	19	7	9	13	20	26	16	7	9	14	8	4	14	9	16	17	21	21	3	6	5	12	7	24	6	10	15	15	6	5	19	4	17	16	23	18	23	5	0	9	10
GO_VOLTAGE_GATED_CALCIUM_CHANNEL_COMPLEX	3	2	0	4	5	6	6	2	0	5	0	2	3	3	6	5	6	7	0	0	3	5	0	3	5	5	5	3	3	3	6	3	8	5	6	5	5	0	0	0	0
GO_VOLTAGE_GATED_CATION_CHANNEL_ACTIVITY	10	10	8	6	17	16	10	0	0	13	2	3	9	6	12	11	14	19	2	10	9	14	6	12	8	9	11	7	8	5	14	4	12	12	17	10	13	4	0	8	9
GO_VOLTAGE_GATED_ION_CHANNEL_ACTIVITY	11	13	11	6	22	20	12	0	0	15	0	4	9	7	13	12	17	23	3	11	11	16	8	14	8	9	13	8	9	9	16	5	15	15	19	13	14	4	0	9	11
GO_VOLTAGE_GATED_POTASSIUM_CHANNEL_ACTIVITY	7	8	7	3	12	9	6	0	0	9	2	2	7	4	7	7	8	12	0	9	5	8	4	7	3	5	6	6	5	3	6	0	4	7	12	6	8	3	0	6	7
