	ARNT2	ARX	ASCL1	ASCL2	E2F7	ETV1	FEV	FOXD4L5	FOXJ1	GATA2	HLF	HMBOX1	LMX1A	LMX1B	MAFA	MAFB	MYT1	NEUROD1	NEUROD2	NEUROG3	NHLH1	NPAS3	NR4A3	ONECUT1	PAX4	PAX6	PBX3	RFX6	SETBP1	SIX2	SMAD9	SOX4	SPIB	TFCP2L1	TP73	ZNF382	ZNF846
GO_ACTION_POTENTIAL	1	1	1	1	1	0.839497969312	1	1	1	1	1	1	1	1	1	1	1	1	1	1	1	1	1	1	1	1	1	1	1	1	1	1	1	1	1	1	1
GO_ADENYL_NUCLEOTIDE_BINDING	1	1	1	1	1	1	1	1	1	1	1	0.319783433356	1	1	1	1	1	1	1	1	1	1	1	1	1	1	1	1	1	1	1	1	1	1	1	1	1
GO_ADULT_BEHAVIOR	1	1	1	1	1	1	1	1	1	1	1	1	1	1	1	1	1	1	1	1	1	1	0.361743950982	1	1	0.216772619752	1	1	1	1	1	1	1	1	1	1	1
GO_AXON	1	0.0	1	1	1	0.0	0.0	1	1	0.0	1	1	0.0	0.01129989671	0.0	0.0	1	0.810377092203	1	0.0	1	1	0.0	1	0.612127702571	0.0144253876715	1	0.0	1	0.0	0.0	1	0.0	0.196028735229	1	1	0.824857843029
GO_AXON_DEVELOPMENT	1	0.00144343178157	1	1	1	0.0	1	1	1	0.0162645764503	1	1	0.0624759361658	0.467705818712	1	1	1	1	1	0.000181166672533	1	1	0.398414921992	1	1	1	1	1	1	0.000594227219857	0.0915238226454	1	1	1	1	1	1
GO_BEHAVIOR	1	1	1	1	1	1	1	1	1	1	1	1	0.674626738092	1	1	0.00173008369157	1	1	1	1	1	1	0.0124115923506	1	1	0.0049271658637	1	1	1	1	1	1	1	1	1	1	1
GO_BIOLOGICAL_ADHESION	1	1	1	1	1	1	1	1	1	1	1	1	1	1	1	1	1	1	1	0.565544070806	1	1	1	0.00473862361211	1	1	1	1	1	1	1	1	1	1	1	1	1
GO_CALCIUM_DEPENDENT_CELL_CELL_ADHESION_VIA_PLASMA_MEMBRANE_CELL_ADHESION_MOLECULES	1	1	1	1	1	1	1	1	1	1	1	1	1	1	1	1	1	1	1	1	1	1	1	1	1	1	1	1	0.331273521211	1	1	1	1	1	1	1	1
GO_CALCIUM_ION_BINDING	1	1	1	1	1	1	1	1	1	1	1	1	1	1	1	1	1	1	1	0.363551263247	1	1	1	1	1	1	1	1	1	1	1	0.613503663553	1	1	1	1	1
GO_CALCIUM_ION_TRANSMEMBRANE_TRANSPORTER_ACTIVITY	1	1	1	1	1	1	1	1	1	1	1	1	1	1	1	1	1	1	1	1	1	1	1	0.450226881297	1	1	1	1	1	1	1	1	1	1	1	1	1
GO_CARDIAC_CONDUCTION	1	1	1	1	1	1	1	1	1	1	1	1	1	1	1	1	1	1	1	1	1	1	1	1	1	1	1	1	1	1	0.787173999255	1	1	1	1	1	1
GO_CATION_CHANNEL_ACTIVITY	1	1	0.000206695987342	1	1	9.30694803891e-06	0.133657608631	1	1	0.00168134611934	1	1	1	1	0.00358964570867	4.84428601899e-07	1	1	1	0.169312516016	1	1	1	0.0919513245006	1	0.0172648117394	1	0.50725740253	1	1	0.000807291390499	1	1	1	1	1	1
GO_CATION_CHANNEL_COMPLEX	1	1	0.0256229687146	1	1	1	0.880452081182	0.44859504469	1	0.131341473182	1	1	0.350229159536	1	1	0.014824687831	1	1	1	0.00999651413015	1	1	1	0.455126914553	1	0.318625124576	1	1	1	1	1	1	1	1	1	1	1
GO_CATION_TRANSMEMBRANE_TRANSPORT	1	1	1	1	1	1	1	1	1	0.135139699608	1	1	1	1	1	0.0273576710138	1	1	1	1	1	1	1	0.0452642602157	1	0.265488717062	1	1	1	1	1	1	1	1	1	1	1
GO_CATION_TRANSMEMBRANE_TRANSPORTER_ACTIVITY	1	1	0.207530674612	1	1	1	1	1	1	1	1	1	1	1	1	0.0012697401177	1	1	1	1	1	1	1	1	1	1	1	1	1	1	1	1	1	1	1	1	1
GO_CATION_TRANSPORT	1	1	0.70149085238	1	1	1	1	1	1	0.268863936246	1	1	1	1	1	0.0168271866	1	1	1	1	1	1	1	0.491992425031	1	1	1	1	1	1	1	1	1	1	1	1	1
GO_CELLULAR_COMPONENT_MORPHOGENESIS	1	0.000540337606745	1	1	1	0.0	1	1	1	0.272340440331	1	1	0.192102679574	0.236377970903	1	1	1	1	1	0.0119356140307	1	1	0.00334802210525	1	1	1	1	1	1	0.00260012924177	0.000180611330428	1	1	1	1	1	1
GO_CELL_BODY	1	0.0121096095806	1	1	1	4.71732855833e-06	1	1	1	3.43340574045e-05	1	1	1	1	0.0790060969732	0.0	0.266348729935	1	1	0.00233162157382	1	1	0.0	1	1	0.0172793924983	0.833390607336	0.00109752420219	1	0.000870755571947	6.35064857448e-05	1	0.000334277170393	1	1	1	1
GO_CELL_CELL_ADHESION_VIA_PLASMA_MEMBRANE_ADHESION_MOLECULES	1	1	1	1	1	1	1	1	1	1	1	1	1	1	1	1	1	1	1	1	1	1	1	0.00875501047155	1	1	1	1	1	1	1	1	1	1	1	1	1
GO_CELL_CELL_SIGNALING	1	0.114918431262	1	0.071563267352	1	0.0	0.00200996674234	1	1	0.000705055318147	1	1	0.000415348061932	0.00572208101917	0.00542315559481	4.41986405675e-06	1	1	1	0.000287457157579	1	1	0.00131809904173	1	1	0.1195948178	1	0.103473060818	1	0.064970328921	0.0	1	1	0.0167907067075	1	1	1
GO_CELL_JUNCTION_ORGANIZATION	1	1	1	1	1	0.0429992495156	1	1	1	1	1	1	0.00420398072221	1	1	1	1	1	1	0.137036172677	1	1	0.0744438817617	0.00390346536799	1	1	1	0.0186456500438	1	1	1	1	1	1	1	1	1
GO_CELL_MORPHOGENESIS	1	0.014858346524	1	1	1	0.000337326347138	1	1	1	0.794386065369	1	1	1	1	1	1	1	1	1	0.000627731220082	1	1	0.105206921301	1	1	1	1	1	1	1	0.105206921301	1	1	1	1	1	1
GO_CELL_MORPHOGENESIS_INVOLVED_IN_DIFFERENTIATION	1	0.0137263437831	1	1	1	2.16089828446e-05	1	1	1	1	1	1	1	1	1	1	1	1	1	0.000175549690898	1	1	0.057076995372	1	1	1	1	1	1	1	0.0143852989485	1	1	1	1	1	1
GO_CELL_MORPHOGENESIS_INVOLVED_IN_NEURON_DIFFERENTIATION	1	0.00357006074627	1	1	1	0.0	1	1	1	0.665876672634	1	1	0.162764827666	1	1	1	1	1	1	0.00019060990838	1	1	0.0116227300465	1	1	1	1	1	1	0.0343258585172	0.00251102830177	1	1	1	1	1	1
GO_CELL_PART_MORPHOGENESIS	1	0.000754395411579	1	1	1	5.15155393297e-05	1	1	1	0.113288747139	1	1	0.20323038089	0.279289489565	1	1	1	1	1	0.00802550896033	1	1	0.0146299754527	1	1	1	1	1	1	0.0228898212235	0.0146299754527	1	1	1	1	1	1
GO_CELL_PROJECTION_ORGANIZATION	1	0.285949515352	1	1	0.0082031483284	6.75427438299e-05	1	1	1	0.0068627489582	1	1	0.0407413869913	5.38503696745e-05	1	0.0810226244068	1	1	1	0.00152725652108	1	1	0.000598359286899	1	1	1	0.148970044073	5.06988007704e-05	1	1	0.00191211729327	1	1	0.207765089949	0.67880681418	1	1
GO_CENTRAL_NERVOUS_SYSTEM_NEURON_DIFFERENTIATION	1	0.371734051778	1	1	1	1	1	1	1	1	1	1	1	1	1	1	1	1	1	1	1	1	1	1	1	1	1	1	1	1	1	1	1	1	1	1	1
GO_CIRCULATORY_SYSTEM_PROCESS	1	1	1	1	1	1	1	1	1	1	1	1	1	1	0.677128017098	0.00228357074106	1	1	1	1	1	1	1	1	1	1	1	1	1	1	0.00449271831806	1	1	1	1	1	1
GO_CYTOSKELETAL_PROTEIN_BINDING	1	1	1	1	1	0.000653548114428	1	1	1	1	1	1	1	1	0.623485782516	0.029235775225	1	1	1	1	1	1	1	1	1	1	1	0.204922157633	1	1	1	1	1	1	1	1	0.66109055967
GO_DENDRITIC_TREE	1	0.000999084645135	1	1	1	3.31315277546e-06	1	1	1	0.0445074552615	1	1	2.02477611397e-05	0.00455694453085	2.32043963904e-05	0.0	1	1	1	1	1	1	0.000159443699715	1	1	1	0.33567437406	0.000129878368892	1	0.222817518574	0.0	1	0.00336472162096	1	1	1	1
GO_DISTAL_AXON	1	0.0521951709722	1	1	1	0.000101743472837	0.000988890578435	1	1	0.0254526009888	1	1	1	1	1	0.0	1	1	1	0.049796195273	1	1	0.00938839649395	1	1	1	1	0.000861300046032	1	1	0.000173480180446	1	1	1	1	1	0.026683806317
GO_GATED_CHANNEL_ACTIVITY	1	1	0.000237992737899	1	1	1.63565155851e-05	0.15193163861	1	1	0.000280362821905	1	1	0.478196629608	1	0.000748587172106	9.41310935876e-06	1	1	1	0.0390453395005	1	1	1	0.0137368931366	1	0.019592915249	1	0.118679542758	1	1	0.000146771581508	1	1	1	1	1	1
GO_GLUTAMATERGIC_SYNAPSE	1	0.0771901410842	1	1	1	1	1	1	1	0.217290636383	1	1	1	1	1	0.841008417526	1	1	1	0.0246568353433	1	1	0.0184494092548	1	1	1	1	1	1	1	0.530756065579	1	1	0.607683235579	1	1	1
GO_HEAD_DEVELOPMENT	1	1	1	1	1	1	1	1	1	1	1	1	1	0.893681846863	1	1	1	1	1	1	1	1	1	1	1	1	1	1	1	1	1	1	1	1	1	1	1
GO_HEART_PROCESS	1	1	1	1	1	1	1	1	1	1	1	1	1	1	1	0.0406730005619	1	1	1	1	1	1	1	1	1	1	1	1	1	1	0.00509267785006	1	1	1	1	1	1
GO_HIGH_VOLTAGE_GATED_CALCIUM_CHANNEL_ACTIVITY	1	1	1	1	1	1	1	1	1	1	1	1	1	1	1	1	1	1	1	1	1	1	1	0.539531567427	1	1	1	1	1	1	1	1	1	1	1	1	1
GO_HOMOPHILIC_CELL_ADHESION_VIA_PLASMA_MEMBRANE_ADHESION_MOLECULES	1	1	1	1	1	1	1	1	1	1	0.19957538604	1	1	1	1	1	1	1	1	1	1	1	1	0.000159986160923	1	1	1	1	1	1	1	1	1	0.0510584321592	1	1	1
GO_HORMONE_TRANSPORT	1	1	1	1	1	1	0.462613825283	1	1	0.00102964825557	1	1	0.262963877343	1	1	0.731585473451	1	1	1	1	1	1	1	1	1	1	1	1	1	1	1	1	0.563570213798	1	1	1	1
GO_IMPORT_INTO_CELL	1	1	1	1	1	1	1	1	1	1	1	1	1	1	1	0.162991516914	1	1	1	1	1	1	1	1	1	1	1	1	1	1	1	1	1	1	1	1	1
GO_INORGANIC_ION_TRANSMEMBRANE_TRANSPORT	1	1	1	1	1	1	1	1	1	1	1	1	1	1	1	1	1	1	1	1	1	1	1	0.570309790365	1	0.665238854669	1	1	1	1	1	1	1	1	1	1	1
GO_INSULIN_SECRETION	1	1	1	1	1	1	0.0826355483397	1	1	0.00111026414428	1	1	1	1	0.163034079696	0.346342853658	1	1	1	0.0387314163131	1	1	1	1	1	1	1	1	1	1	0.722438596982	1	1	1	1	1	1
GO_INTRINSIC_COMPONENT_OF_PLASMA_MEMBRANE	1	1	1	1	1	0.00176038544429	0.902414843669	1	1	0.00720981059516	1	1	1	1	0.0250951907899	0.000176320585568	1	1	1	0.0733613573633	1	1	0.00912391018146	0.054693873418	1	1	1	1	1	1	0.581770505157	1	1	0.761294900409	1	1	1
GO_INTRINSIC_COMPONENT_OF_SYNAPTIC_MEMBRANE	1	1	1	1	1	1	1	1	1	1	1	1	1	1	1	0.656067732381	1	1	1	1	1	1	1	1	1	1	1	1	1	1	1	1	1	1	1	1	1
GO_ION_TRANSMEMBRANE_TRANSPORT	1	1	1	1	1	1	1	1	1	0.707863138998	1	1	1	1	1	0.30810470867	1	1	1	1	1	1	1	0.400201659554	1	0.259234019965	1	1	1	1	1	1	1	1	1	1	1
GO_ION_TRANSMEMBRANE_TRANSPORTER_ACTIVITY	1	1	1	1	1	1	1	1	1	1	1	1	1	1	1	0.606017739778	1	1	1	1	1	1	1	1	1	1	1	1	1	1	1	1	1	1	1	1	1
GO_ION_TRANSPORT	1	1	1	1	1	1	1	1	1	1	1	1	1	1	1	0.238268369199	1	1	1	1	1	1	1	1	1	1	1	1	1	1	1	1	1	1	1	1	1
GO_LIGAND_GATED_CATION_CHANNEL_ACTIVITY	1	1	0.0060950380071	1	1	0.504373425243	1	1	1	1	1	1	1	1	1	1	1	1	1	1	1	1	1	1	1	0.00153752658786	1	1	1	1	0.0309790022972	1	1	1	1	1	1
GO_LIGAND_GATED_ION_CHANNEL_ACTIVITY	1	1	0.0559820803538	1	1	0.907308639491	1	1	1	1	1	1	1	1	1	1	1	1	1	1	1	1	1	1	1	0.0222003407755	1	1	1	1	0.0459753781208	1	1	1	1	1	1
GO_MEMBRANE_DEPOLARIZATION	1	1	1	1	1	0.0856227383404	1	1	1	1	1	1	1	1	1	0.0053560393085	1	1	1	1	1	1	1	0.000773372491255	1	1	1	1	1	1	1	1	1	1	1	1	1
GO_MEMBRANE_DEPOLARIZATION_DURING_ACTION_POTENTIAL	1	1	1	1	1	0.980239209108	1	1	1	1	1	1	1	1	1	0.783438211535	1	1	1	1	1	1	1	0.226815768399	1	1	1	1	1	1	1	1	1	1	1	1	1
GO_MEMBRANE_DEPOLARIZATION_DURING_CARDIAC_MUSCLE_CELL_ACTION_POTENTIAL	1	1	1	1	1	1	1	1	1	1	1	1	1	1	1	1	1	1	1	1	1	1	1	0.536957059702	1	1	1	1	1	1	1	1	1	1	1	1	1
GO_METAL_ION_TRANSMEMBRANE_TRANSPORTER_ACTIVITY	1	1	0.0562116982673	1	1	0.289667632909	0.935472080879	1	1	0.0782826548328	1	1	1	1	1	0.000298042691466	1	1	1	1	1	1	1	0.313362445639	1	0.516655119785	1	1	1	1	0.268859491516	1	1	1	1	1	1
GO_METAL_ION_TRANSPORT	1	1	0.233166103904	1	1	1	1	1	1	0.0530592807554	1	1	1	1	1	0.147347048327	1	1	1	1	1	1	1	0.0144671037892	1	0.0983746820911	1	1	1	1	1	1	1	1	1	1	1
GO_MONOVALENT_INORGANIC_CATION_TRANSMEMBRANE_TRANSPORTER_ACTIVITY	1	1	0.0130595417838	1	1	1	1	1	1	1	1	1	1	1	1	0.00413209182629	1	1	1	1	1	1	1	1	1	1	1	1	1	1	1	1	1	1	1	1	1
GO_MONOVALENT_INORGANIC_CATION_TRANSPORT	1	1	0.21041837205	1	1	1	1	1	1	0.168995619876	1	1	1	1	1	0.0172033332264	1	1	1	1	1	1	1	1	1	0.734391756804	1	1	1	1	1	1	1	1	1	1	1
GO_MULTICELLULAR_ORGANISMAL_SIGNALING	1	1	1	1	1	1	1	1	1	1	1	1	1	1	0.664476095283	0.00514738366946	1	1	1	0.969605396632	1	1	1	1	1	1	1	0.664476095283	1	1	0.0694240170205	1	1	1	1	1	1
GO_NEURAL_NUCLEUS_DEVELOPMENT	1	1	1	1	1	1	0.358829905455	1	1	1	1	1	1	1	1	1	1	1	1	1	1	1	1	1	1	0.849335302346	1	1	1	1	1	1	1	1	1	1	1
GO_NEUROGENESIS	1	0.000334449395814	1	0.00292724140925	0.00604062454438	0.0	0.0016020977555	1	1	0.000213596786658	1	1	0.000289669023887	2.38187988277e-05	0.00829911957609	0.000376664058521	1	0.00107183713835	0.139147053486	1.89707006522e-05	0.0113271782199	1	0.0	1	1	1	2.25654497683e-05	0.0	1	0.00812987609687	0.0	0.0157266753877	0.0725548109742	0.11176186657	1	1	1
GO_NEURON_DEVELOPMENT	1	0.000168009443831	1	1	0.0229576583887	7.69594010519e-06	0.0528231561675	1	1	2.81989901687e-05	1	1	2.74318877778e-05	3.81327056501e-05	0.10837357552	7.09221949258e-05	0.106049008158	0.125933135637	1	4.30734661632e-05	0.64753006602	1	2.67692453949e-05	1	1	1	0.00219640088517	4.25160293256e-05	1	0.00469717892946	6.46307109726e-05	1	0.00673858715409	1	1	1	1
GO_NEURON_DIFFERENTIATION	1	7.62315637215e-06	1	0.00439473891189	0.000528326864793	0.0	0.00939947342063	1	1	0.000167691373694	1	1	0.0	0.0	0.0179148587214	0.000121597336418	1	0.000699752563948	1	0.0	0.00151792610696	1	0.0	1	1	1	8.73660958112e-05	0.0	1	0.0129739697535	0.0	0.0414000676404	0.0146012166194	0.588646521293	1	1	1
GO_NEURON_PROJECTION	1	1.46390667588e-05	7.04670243274e-05	1	1	3.43430059284e-05	5.11759563693e-06	0.000615654904166	0.273468289087	4.4937765165e-05	0.0859531270535	1	3.38331273264e-05	5.48694748254e-05	3.29876127606e-05	2.78663486286e-05	0.167087888188	0.00151359790103	1	5.90917319183e-05	1	1	3.88665144668e-05	0.000178085772254	0.0313499887094	3.5466595687e-05	3.16406028693e-05	3.29876127606e-05	1	5.26924218615e-05	3.88665144668e-05	0.200032974391	6.6452831849e-05	0.000126653186149	1	1	0.00192434286752
GO_NEURON_PROJECTION_GUIDANCE	1	1	1	1	1	0.0	1	1	1	0.0580813244186	1	1	0.00693287335356	1	1	1	1	1	1	0.0135947238328	1	1	1	1	1	1	1	1	1	0.0186536952616	1	1	1	1	1	1	1
GO_NEURON_PROJECTION_TERMINUS	1	0.0227045628121	1	1	1	1	1	1	1	1	1	1	1	1	1	1	1	1	1	1	1	1	1	1	1	1	1	1	1	1	0.841945768153	1	1	1	1	1	1
GO_NEURON_RECOGNITION	1	1	1	1	1	0.608305960783	1	1	1	1	1	1	1	1	1	1	1	1	1	0.385388039664	1	1	1	1	1	1	1	1	1	1	1	1	1	1	1	1	1
GO_NEURON_TO_NEURON_SYNAPSE	1	1	1	1	1	1	0.0182411345365	1	1	0.00769440536226	1	1	0.000338151086122	0.0293466719025	0.098261579202	0.000366882405817	1	1	1	0.00678263545532	1	1	0.0	1	1	1	1	0.000646774264516	1	1	0.0043533350513	1	1	0.0293466719025	1	1	1
GO_NEUROTRANSMITTER_RECEPTOR_TRANSPORT	1	1	1	1	1	1	1	1	1	1	1	1	1	1	1	1	1	1	1	1	1	1	0.983589052706	1	1	1	1	1	1	1	1	1	1	1	1	1	1
GO_NEUROTRANSMITTER_SECRETION	1	1	1	1	1	0.00547826041056	1	1	1	1	1	1	1	1	0.00149070709607	1	1	1	1	1	1	1	0.000128085359698	1	1	1	1	1	1	1	0.0740024437164	1	0.54681335212	0.00992667437811	1	1	1
GO_NEUROTRANSMITTER_TRANSPORT	1	1	1	1	1	0.0065818000417	1	1	1	1	1	1	1	1	0.0106417962044	0.153564292806	1	1	1	1	1	1	8.75237984435e-05	1	1	1	1	1	1	1	1	1	1	0.0426884053494	1	1	1
GO_PASSIVE_TRANSMEMBRANE_TRANSPORTER_ACTIVITY	1	1	0.0315238324471	1	1	0.000285568393663	1	1	1	0.00271093131294	1	1	1	1	0.405407078537	0.000707965561186	1	1	1	1	1	1	1	0.232320125167	1	0.455945936104	1	1	1	1	0.0736788962038	1	1	1	1	1	1
GO_PEPTIDE_HORMONE_SECRETION	1	1	1	1	1	1	0.132750709032	1	1	0.00023033722765	1	1	0.0615157684063	1	0.0583874588456	0.135873060645	1	1	1	0.512040647918	1	1	1	1	1	1	1	1	1	1	0.171230593903	1	0.981110192357	1	1	1	1
GO_PEPTIDE_SECRETION	1	1	1	1	1	1	1	1	1	0.0012802641357	1	1	0.567399180787	1	1	1	1	1	1	1	1	1	1	1	1	1	1	1	1	1	1	1	1	1	1	1	1
GO_PERIKARYON	1	0.0379787424317	1	1	1	0.00845096601858	1	0.970885157147	1	0.211077239339	1	1	1	1	1	0.0431391624353	1	1	1	0.000439951004211	1	1	0.00020113432917	1	1	1	1	1	1	1	1	1	0.156805268499	1	1	1	1
GO_PLASMA_MEMBRANE_PROTEIN_COMPLEX	1	1	0.607912383971	1	1	0.236217327265	0.0997749508578	1	1	1	1	1	1	1	1	0.0319954292949	1	1	1	1	1	1	1	1	1	1	1	1	1	1	1	1	0.511690891522	1	1	1	1
GO_PLASMA_MEMBRANE_REGION	1	1	1	1	1	1	1	1	1	0.212107462214	1	1	1	1	1	0.466557334945	1	1	1	1	1	1	0.00506384517072	1	1	1	1	1	1	1	1	1	1	1	1	1	1
GO_POSTSYNAPSE	1	0.222171629566	1	1	1	1.93412188909e-05	0.000214529058095	1	0.691909955355	5.11437392703e-06	1	1	7.74468043474e-07	0.000513855409925	0.000375146450182	8.4001222258e-06	1	1	1	0.000217731354077	1	1	4.06180695167e-06	0.00053653503344	1	0.0133199615565	0.00609449849568	1.31143444393e-05	1	0.0918186773369	4.60008270742e-06	0.113935442798	0.0330508211325	0.00232946562135	1	1	1
GO_POSTSYNAPTIC_DENSITY_MEMBRANE	1	1	1	1	1	1	1	1	1	1	1	1	1	1	1	0.688295160796	1	1	1	1	1	1	0.843718276183	1	1	1	1	1	1	1	0.843718276183	1	1	1	1	1	1
GO_POSTSYNAPTIC_MEMBRANE	1	1	1	1	1	0.735672348021	0.401880844924	1	1	0.00634104814327	1	1	0.0334950474222	0.58331176808	0.0360794898609	0.000448824834711	1	1	1	0.0584777106329	1	1	3.63009968485e-05	0.0846694427182	1	1	1	1	1	1	0.000307050251653	0.000511505352025	1	0.0989297655155	1	1	1
GO_POSTSYNAPTIC_SPECIALIZATION_MEMBRANE	1	1	1	1	1	1	1	1	1	1	1	1	1	1	1	1	1	1	1	1	1	1	0.770300078003	1	1	1	1	1	1	1	1	1	1	1	1	1	1
GO_POTASSIUM_CHANNEL_ACTIVITY	1	1	0.000773774063531	1	1	0.0207389140708	0.753709987525	1	1	0.013916009006	1	1	1	1	0.591720737636	0.000109836976842	1	0.226032024242	1	1	1	1	1	1	1	0.725461427269	1	1	1	1	0.0929943678272	1	1	1	1	1	1
GO_POTASSIUM_CHANNEL_COMPLEX	1	1	0.0453528261233	1	1	1	0.0912411812335	1	1	0.0190978731711	1	1	1	1	1	0.0100528334604	1	1	1	0.804080964158	1	1	1	1	1	0.00707266496676	1	1	1	1	1	1	1	1	1	1	1
GO_POTASSIUM_ION_TRANSMEMBRANE_TRANSPORTER_ACTIVITY	1	1	0.0105428033936	1	1	0.468898979609	1	1	1	0.0215600159955	1	1	1	1	1	3.87639168791e-05	1	1	1	1	1	1	1	1	1	0.0734243191658	1	1	1	1	0.165226716424	1	1	1	1	1	1
GO_POTASSIUM_ION_TRANSPORT	1	1	0.0651231318515	1	1	0.511569802219	1	1	1	0.000777819833866	1	1	1	1	0.147504264753	0.00142757405057	1	1	1	1	1	1	1	1	1	1	1	1	1	1	1	1	1	1	1	1	1
GO_PRESYNAPSE	1	0.732569550352	1	1	1	9.2437577373e-05	0.0528214602034	1	1	1	1	1	0.000453446324066	1	0.00668715881586	0.0	1	1	1	1	1	1	0.00329969323302	1	1	1	1	0.000296154456845	1	1	0.0161637532192	1	0.0688008358934	1	1	1	1
GO_PRESYNAPTIC_MEMBRANE	1	1	1	1	1	1	1	1	1	1	1	1	1	1	1	1	1	1	1	1	1	1	0.165226716424	1	1	1	1	1	1	1	1	1	1	1	1	1	1
GO_REGULATION_OF_BLOOD_CIRCULATION	1	1	1	1	1	1	1	1	1	1	1	1	1	1	1	0.0102462599959	1	1	1	0.0364231622746	1	1	1	0.211287968443	1	1	1	1	1	1	0.043374258831	1	1	1	1	1	1
GO_REGULATION_OF_CELLULAR_COMPONENT_MOVEMENT	1	1	1	1	1	1	1	1	1	1	1	1	1	0.338878681947	1	1	1	1	1	1	1	1	1	1	1	1	1	1	1	1	1	1	1	1	1	1	1
GO_REGULATION_OF_CELL_DEVELOPMENT	1	1	1	1	1	1	1	1	1	1	1	1	1	0.119045030661	1	1	1	1	1	0.0153624055536	1	1	1	1	1	1	1	0.000510974830038	1	1	1	1	1	1	1	1	1
GO_REGULATION_OF_CELL_PROJECTION_ORGANIZATION	1	1	1	1	1	0.392471617694	1	1	1	1	1	1	1	0.0180136600122	1	1	1	1	1	0.107897860727	1	1	0.0595346022454	1	1	1	1	0.194050029957	1	1	1	1	1	1	1	1	1
GO_REGULATION_OF_CYTOSOLIC_CALCIUM_ION_CONCENTRATION	1	1	1	1	1	1	1	1	1	1	1	1	1	1	1	1	1	1	1	1	1	1	1	0.208259624163	1	1	1	1	1	1	1	1	1	1	1	1	1
GO_REGULATION_OF_EXOCYTOSIS	1	1	1	1	1	1	1	1	1	1	1	1	1	1	0.0445511309558	0.100006607274	1	1	1	1	1	1	1	1	1	1	1	1	1	1	1	1	1	1	1	1	1
GO_REGULATION_OF_HORMONE_LEVELS	1	1	1	1	1	1	1	1	1	0.0125176793622	1	1	0.85236661088	1	1	1	1	1	1	1	1	1	1	1	1	1	1	1	1	1	1	1	1	1	1	1	1
GO_REGULATION_OF_HORMONE_SECRETION	1	1	1	1	1	1	1	1	1	0.173946326461	1	1	0.612237056199	1	1	1	1	1	1	1	1	1	1	1	1	1	1	1	1	1	1	1	1	1	1	1	1
GO_REGULATION_OF_INSULIN_SECRETION	1	1	1	1	1	1	0.671595281414	1	1	0.112556780086	1	1	1	1	1	1	1	1	1	1	1	1	1	1	1	1	1	1	1	1	1	1	1	1	1	1	1
GO_REGULATION_OF_ION_TRANSMEMBRANE_TRANSPORT	1	1	1	1	1	1	1	1	1	1	1	1	1	1	1	0.403528913101	1	1	1	1	1	1	1	0.3069039444	1	1	1	1	1	1	1	1	1	1	1	1	1
GO_REGULATION_OF_ION_TRANSPORT	1	1	0.0264100237033	1	1	0.0344050111383	1	1	1	1	1	1	1	1	1	0.0156850889252	1	1	1	1	1	1	1	0.0902292571237	1	1	1	1	1	1	0.88687924857	1	0.217084564784	1	1	1	1
GO_REGULATION_OF_MEMBRANE_POTENTIAL	1	1	1	1	1	0.0	1	1	1	8.23743878802e-05	1	1	0.0559094276321	1	0.453907165188	9.84674577819e-05	1	1	1	0.0421284982701	1	1	1	0.0801837965552	1	1	1	1	1	1	0.00365741671141	1	1	1	1	1	1
GO_REGULATION_OF_NERVOUS_SYSTEM_DEVELOPMENT	1	1	1	1	1	1	1	1	1	0.549099355491	1	1	1	0.00509963121565	1	1	1	1	1	0.000642878123964	1	1	0.000995047311628	1	1	1	1	3.49373381527e-05	1	1	1	1	1	1	1	1	1
GO_REGULATION_OF_NEURON_DIFFERENTIATION	1	1	1	1	1	0.0121985096631	1	1	1	1	1	1	1	0.00721002699413	1	1	1	1	1	0.011240443923	1	1	0.00129259764985	1	1	1	0.342301483069	0.0	1	1	0.396747724588	1	1	1	1	1	1
GO_REGULATION_OF_NEURON_PROJECTION_DEVELOPMENT	1	1	1	1	1	0.136088102749	1	1	1	1	1	1	1	0.0703391317655	1	1	1	1	1	1	1	1	0.012556468952	1	1	1	1	0.0223072776432	1	1	1	1	1	1	1	1	1
GO_REGULATION_OF_NEUROTRANSMITTER_LEVELS	1	1	1	1	1	0.344200838547	1	1	1	1	1	1	1	1	0.0984416130453	1	1	1	1	1	1	1	0.000995193485161	1	1	1	1	1	1	1	1	1	1	0.397042067139	1	1	1
GO_REGULATION_OF_NEUROTRANSMITTER_TRANSPORT	1	1	1	1	1	1	1	1	1	1	1	1	1	1	0.591720737636	1	1	1	1	1	1	1	0.900345587263	1	1	1	1	1	1	1	1	1	1	0.102538000746	1	1	1
GO_REGULATION_OF_PEPTIDE_HORMONE_SECRETION	1	1	1	1	1	1	0.578950034292	1	1	0.0853438335246	1	1	0.222890622851	1	0.993846981146	1	1	1	1	1	1	1	1	1	1	1	1	1	1	1	1	1	1	1	1	1	1
GO_REGULATION_OF_REGULATED_SECRETORY_PATHWAY	1	1	1	1	1	1	1	1	1	1	1	1	1	1	0.254234205136	0.06961616573	1	1	1	1	1	1	1	1	1	1	1	1	1	1	1	1	1	1	1	1	1
GO_REGULATION_OF_SECRETION	1	1	1	1	1	0.42625631762	1	1	1	1	1	1	0.648602818252	1	0.0558783245135	0.674642409207	1	1	1	1	1	1	1	1	1	1	1	1	1	1	1	1	0.652824232703	1	1	1	1
GO_REGULATION_OF_SYNAPTIC_VESICLE_CYCLE	1	1	1	1	1	1	0.46698032362	1	1	1	1	1	1	1	0.00370667676962	0.627283757132	1	1	1	1	1	1	0.00480704311195	1	1	0.46864376729	1	1	1	1	0.558439806639	1	0.0519528659022	0.0601988184182	1	1	1
GO_REGULATION_OF_SYNAPTIC_VESICLE_EXOCYTOSIS	1	1	1	1	1	1	1	1	1	1	1	1	1	1	1	1	1	1	1	1	1	1	1	1	1	1	1	1	1	1	1	1	1	0.273162810032	1	1	1
GO_REGULATION_OF_SYSTEM_PROCESS	1	1	1	1	1	0.115772037296	1	1	1	1	1	1	1	1	1	0.208624703179	1	1	1	0.00197182859907	1	1	1	1	1	1	1	1	1	1	0.0235603655283	1	1	1	1	1	1
GO_REGULATION_OF_TRANSMEMBRANE_TRANSPORT	1	1	1	1	1	1	1	1	1	1	1	1	1	1	1	0.56490823348	1	1	1	1	1	1	1	0.549776759397	1	1	1	1	1	1	1	1	1	1	1	1	1
GO_REGULATION_OF_TRANSPORT	1	1	0.0115039690894	1	1	0.000374890116436	0.0	1	1	0.0	1	1	0.00104602012711	1	0.0132335065159	0.000769188862997	1	1	1	1	1	1	0.00028048208191	0.28267138545	1	0.682973998481	1	0.000565159648476	1	1	0.00312170154101	1	6.21167274988e-05	0.0371556746398	1	1	1
GO_REGULATION_OF_TRANS_SYNAPTIC_SIGNALING	1	1	1	1	1	0.0112606131755	1	0.349462997694	1	0.195302047245	1	1	0.399241514043	0.17403652021	0.0382308176008	0.0011849068273	1	1	1	0.0154012179833	1	1	0.000165687624424	0.681370992168	1	1	1	0.00168869747671	1	1	0.00108362622475	1	1	0.790383712509	1	1	1
GO_REGULATION_OF_VESICLE_MEDIATED_TRANSPORT	1	1	1	1	1	1	1	1	1	1	1	1	1	1	0.346996846868	1	1	1	1	1	1	1	1	1	1	1	1	1	1	1	1	1	1	1	1	1	1
GO_SIGNAL_RELEASE	1	1	1	1	1	0.0221518391857	0.0115361643848	1	1	0.00952465138281	1	1	0.0581497650168	1	0.0113297530165	0.541611165913	1	1	1	1	1	1	1	1	1	1	1	1	1	1	0.0038267727529	1	0.0156227509457	1	1	1	1
GO_SITE_OF_POLARIZED_GROWTH	1	1	1	1	1	0.800923797333	1	1	1	1	1	1	1	1	1	0.0119813928673	1	1	1	1	1	1	1	1	1	1	1	0.264120456912	1	1	1	1	1	1	1	1	1
GO_SOMATODENDRITIC_COMPARTMENT	1	0.0	1	1	1	0.0	9.15673118949e-05	0.981420033338	1	0.0	1	1	0.0	0.00554242395312	0.0	0.0	1	1	1	1.46990811869e-05	1	1	0.0	0.109405822116	0.969237809717	0.0	1.39803449135e-05	0.0	1	0.000117114406707	0.0	1	1.29731246019e-05	0.0213023107286	1	1	1
GO_SYNAPSE	0.00349303699371	8.57989626566e-05	0.422562835028	1	1	3.02970761168e-06	0.0	0.0942314708984	1	1.28495758633e-05	1	0.549122396516	1.00363532207e-05	2.56038385967e-05	9.91897272362e-06	0.0	0.0218919786605	1	1	3.58312047088e-05	1	0.0783735896316	9.10977185065e-06	3.85101286438e-06	0.0276078273544	1.77917953503e-05	1.08370257468e-05	9.89289423448e-06	1	4.01815551719e-05	9.10977185065e-06	0.000390584612847	7.35223685063e-05	2.5868743931e-05	1	0.468000147019	0.00753801886139
GO_SYNAPSE_ASSEMBLY	1	1	1	1	1	1	1	1	1	1	1	1	1	1	1	1	1	1	1	1	1	1	0.133359869016	1	1	1	1	1	1	1	1	1	1	1	1	1	1
GO_SYNAPSE_ORGANIZATION	0.441337956326	1	1	1	1	0.0192014977182	1	1	1	1	1	1	0.0378841630502	1	1	1	1	1	1	0.12380028871	1	1	0.0664700635482	0.363480026884	1	1	1	0.000624841231195	1	1	1	1	1	1	1	0.291061382622	1
GO_SYNAPTIC_MEMBRANE	1	1	1	1	1	0.225078200743	0.214680647653	1	1	0.000426219849914	1	1	0.000967616836051	1	0.00952891318728	1.38366016305e-05	1	1	1	0.0169652539867	1	1	1.41350273071e-05	0.0853629311829	1	1	1	0.0471797104893	1	0.984159003174	0.000308433614774	0.0128488056529	1	0.00216652602293	1	1	1
GO_SYNAPTIC_SIGNALING	1	1	1	1	1	0.0	0.139256466657	0.389166515075	1	0.000893722624921	1	1	0.00331007273505	0.000949240978097	0.00106721853961	0.0	0.0388977537393	1	1	0.000158155862416	1	0.0223956644604	0.0	1	1	0.926023530105	1	0.00106721853961	1	0.00338359907886	0.0	1	1	0.000949240978097	1	1	1
GO_SYNAPTIC_VESICLE_EXOCYTOSIS	1	1	1	1	1	1	1	1	1	1	1	1	1	1	0.0737366912566	1	1	1	1	1	1	1	0.10138037879	1	1	1	1	1	1	1	1	1	1	0.000952475208958	1	1	1
GO_SYNAPTIC_VESICLE_LOCALIZATION	1	1	1	1	1	1	0.18348118055	1	1	1	1	1	0.0205336840993	0.229184015897	0.0593827223021	1	1	1	1	1	1	1	1	1	1	1	1	1	1	1	1	1	1	1	1	1	1
GO_SYNAPTIC_VESICLE_MEMBRANE	1	1	1	1	1	1	1	1	1	1	1	1	0.412323419564	1	1	1	1	1	1	1	1	1	1	1	1	1	1	1	1	1	1	1	1	1	1	1	1
GO_SYNAPTIC_VESICLE_TRANSPORT	1	1	1	1	1	1	1	1	1	1	1	1	0.798873398645	0.5664276332	1	1	1	1	1	1	1	1	1	1	1	1	1	1	1	1	1	1	1	1	1	1	1
GO_TAXIS	1	1	1	1	1	0.00158826162218	1	1	1	1	1	1	0.727012578749	1	1	1	1	1	1	0.0853873050526	1	1	1	1	1	1	1	1	1	1	1	1	1	1	1	1	1
GO_TRANSMEMBRANE_TRANSPORT	1	1	1	1	1	1	1	1	1	0.909761955323	1	1	1	1	1	0.305488825267	1	1	1	1	1	1	1	0.418839693297	1	1	1	1	1	1	1	1	1	1	1	1	1
GO_TRANSPORTER_ACTIVITY	1	1	1	1	1	1	1	1	1	1	1	1	1	1	1	0.21629945846	1	1	1	1	1	1	1	1	1	1	1	1	1	1	1	1	1	1	1	1	1
GO_TRANSPORTER_COMPLEX	1	1	0.178902311188	1	1	0.357847522027	1	0.933758354525	1	0.389117270777	1	1	1	1	1	0.0430340623785	1	1	1	0.00512513340956	1	1	1	1	1	0.0998725065873	1	1	1	1	1	1	1	1	1	1	1
GO_TRANSPORT_VESICLE	1	1	1	1	1	1	1	1	1	1	1	1	1	1	1	0.335141263382	1	1	1	1	1	1	1	1	1	1	1	1	1	1	1	1	1	1	1	1	1
GO_TRANSPORT_VESICLE_MEMBRANE	1	1	1	1	1	1	1	1	1	1	1	1	0.176524726898	1	1	0.0431615141833	1	1	1	1	1	1	1	1	1	1	1	1	1	1	1	1	1	1	1	1	1
GO_TUBULIN_BINDING	1	1	1	1	1	0.3816386113	1	1	1	1	1	1	1	1	1	1	1	1	1	1	1	1	1	1	1	1	1	1	1	1	1	1	1	1	1	1	1
GO_VESICLE_MEDIATED_TRANSPORT_IN_SYNAPSE	1	1	1	1	1	1	0.0168780116257	1	1	0.925171971381	1	1	0.0493817527991	0.177031582053	0.00011996895887	0.013850467759	1	1	1	1	1	1	7.82945193956e-06	1	1	0.0365638680858	1	0.248453002181	1	1	0.157277141799	1	0.00269839097971	6.43588313143e-05	1	1	1
GO_VOLTAGE_GATED_CATION_CHANNEL_ACTIVITY	1	1	0.0595551793822	1	1	0.132281839465	1	1	1	0.0696445286835	1	1	1	1	1	0.000117646387239	1	1	1	1	1	1	1	1	1	1	1	1	1	1	0.45030493113	1	1	1	1	1	1
GO_VOLTAGE_GATED_ION_CHANNEL_ACTIVITY	1	1	0.00772763076623	1	1	0.00431080106575	1	1	1	1	1	1	1	1	0.385964443277	9.2671245544e-06	1	1	1	0.565199439457	1	1	1	1	1	1	1	1	1	1	0.295165969386	1	1	1	1	1	1
GO_VOLTAGE_GATED_POTASSIUM_CHANNEL_ACTIVITY	1	1	0.0227571092435	1	1	1	1	1	1	0.120482466422	1	1	1	1	1	0.0427546149382	1	1	1	1	1	1	1	1	1	1	1	1	1	1	1	1	1	1	1	1	1
