	ARNT2	ARX	ASCL1	ASCL2	E2F7	ETV1	FEV	FOXD4L5	FOXJ1	FOXP2	GATA2	HES4	HEY1	HIC1	HLF	HMBOX1	INSM1	ISL1	LMX1A	LMX1B	MAFA	MAFB	MYT1	NEUROD1	NEUROD2	NEUROG3	NHLH1	NPAS3	NR4A3	ONECUT1	PAX4	PAX6	PBX3	PLAG1	RFX6	SETBP1	SIM1	SIX2	SMAD9	SOX4	SPIB	TFCP2L1	TP73	ZNF382	ZNF492	ZNF519	ZNF846
GO_ACTION_POTENTIAL	1	1	1	1	1	0.0618019608488	1	1	1	1	1	1	1	1	1	1	1	1	1	1	1	1	1	1	1	1	1	1	1	1	1	1	1	1	1	1	1	1	1	1	1	1	1	1	1	1	1
GO_ADENYL_NUCLEOTIDE_BINDING	1	1	1	1	1	1	1	1	1	1	1	1	1	1	1	1	1	1	1	1	1	1	1	1	1	1	1	1	1	1	1	1	1	1	1	1	1	1	0.316643986225	1	1	1	1	1	1	1	1
GO_ADULT_BEHAVIOR	1	1	1	1	1	1	1	1	1	1	1	1	1	1	1	1	1	1	1	1	1	1	1	1	1	1	1	1	0.314309242343	1	1	0.0710404693906	1	1	1	1	1	1	1	1	1	1	1	1	1	1	1
GO_AXON	0.795415563402	0.0	1	1	0.0	0.0	0.0	5.85824198351e-06	1	1	0.0	1	1	0.295261114308	1	1	1	0.374239835967	0.0	0.000687342640429	0.0	0.0	1	0.750997889822	1	0.0	1	1	0.0	1	0.606193172871	0.0449321314628	0.000175682811661	0.5604495709	0.0	1	1	0.0	0.0	0.0	5.90521243853e-05	0.0	1	1	1	0.00210436493028	0.00213274356249
GO_AXON_DEVELOPMENT	1	0.000142721826809	1	1	1	0.0	0.0	0.499318094556	1	1	0.0267179267137	1	1	1	1	1	1	1	0.0186408725204	0.554841854342	0.0089144961878	1	1	1	1	0.000212899981228	1	1	0.000169298592257	1	1	1	0.849899667127	1	1	1	1	0.0146231271637	0.00394511959438	0.0	1	0.109091862769	1	1	1	1	1
GO_BEHAVIOR	1	1	1	1	1	1	0.302691063883	1	1	1	1	1	1	1	1	1	1	1	0.865400698984	1	1	0.0660399145006	1	1	1	1	1	1	0.00397845451878	1	1	0.0561182643766	1	1	1	1	1	1	0.0590410340211	0.13029763933	1	0.0401712729508	1	1	1	1	1
GO_BIOLOGICAL_ADHESION	1	1	1	1	1	1	1	1	1	1	1	1	1	1	1	1	1	1	1	1	0.965133538097	0.662441295957	1	1	1	0.319444454934	1	1	1	0.00500567342495	1	1	1	1	1	1	1	0.0117693904767	0.256220469795	1	1	1	1	1	1	1	1
GO_CALCIUM_DEPENDENT_CELL_CELL_ADHESION_VIA_PLASMA_MEMBRANE_CELL_ADHESION_MOLECULES	1	1	1	1	1	1	1	1	1	1	1	1	1	1	1	1	1	1	1	1	1	1	1	1	1	1	1	1	1	1	1	1	1	1	1	0.199174406174	1	1	1	1	1	1	1	1	1	1	1
GO_CALCIUM_ION_BINDING	1	1	1	1	1	1	1	1	1	1	1	1	1	1	1	1	1	1	1	1	1	1	1	1	1	0.409064835496	1	1	1	1	1	1	1	1	1	1	1	1	1	0.471518732024	1	1	1	1	1	1	1
GO_CALCIUM_ION_TRANSMEMBRANE_TRANSPORTER_ACTIVITY	1	1	1	1	1	1	1	1	1	1	1	1	1	1	1	1	1	1	1	1	1	1	1	1	1	1	1	1	1	0.753013632821	1	1	1	1	1	1	1	1	1	1	1	1	1	1	1	1	1
GO_CARDIAC_CONDUCTION	1	1	1	1	1	1	0.0439340646572	1	1	1	1	1	1	1	1	1	1	1	1	1	1	1	1	1	1	1	1	1	1	1	1	1	1	1	1	1	1	1	1	1	1	1	1	1	1	1	1
GO_CATION_CHANNEL_ACTIVITY	1	1	0.000190570374421	1	0.690600040375	0.0	0.0	1	1	1	0.0362674681092	1	1	1	1	1	1	1	1	1	0.00465732115543	4.0241962852e-05	1	0.759650845192	1	0.0336327119748	1	1	1	0.251613229853	1	0.0163468594803	1	1	0.541431438421	1	1	1	0.00173145431863	0.000527759871643	0.0166246772311	0.0917661018732	1	1	1	1	1
GO_CATION_CHANNEL_COMPLEX	1	0.729993443827	0.00442170501674	1	1	0.0275314527684	0.0627463839758	1	1	1	1	1	1	1	1	1	1	1	0.843746072483	1	1	0.0216825502038	1	1	1	0.00140354103548	1	1	1	0.919724039028	1	0.341935733342	1	1	1	1	1	1	1	0.0139689363484	1	1	1	1	1	1	1
GO_CATION_TRANSMEMBRANE_TRANSPORT	1	1	1	1	0.348995785485	0.692133802538	0.0148324072164	1	1	1	0.673419819418	1	1	1	1	1	1	1	1	1	1	0.475299192088	1	1	1	1	1	1	1	0.0657414254463	1	0.218398713802	1	1	1	1	1	1	1	0.137512734164	1	1	1	1	1	1	1
GO_CATION_TRANSMEMBRANE_TRANSPORTER_ACTIVITY	1	1	0.406589884593	1	1	0.00178939690821	0.260048217217	1	1	1	1	1	1	1	1	1	1	1	1	1	1	0.0157657745952	1	1	1	1	1	1	1	1	1	1	1	1	1	1	1	1	1	0.376115877185	1	1	1	1	1	1	1
GO_CATION_TRANSPORT	1	1	1	1	1	0.144719316932	0.0155099347218	1	1	1	1	1	1	1	1	1	1	1	1	1	1	0.612968672754	1	1	1	1	1	1	1	0.906025958428	1	1	1	1	1	1	1	1	1	1	1	1	1	1	1	1	1
GO_CELLULAR_COMPONENT_MORPHOGENESIS	1	0.0	1	1	1	0.0	1.6281564045e-05	0.4527753556	1	1	0.277326445084	1	1	1	1	1	1	1	0.000687138173845	0.386428934858	0.224730478524	1	1	1	1	0.0153055638768	1	1	5.30785580222e-06	1	1	1	0.0254333774582	1	1	1	1	0.0115656401499	0.0	0.0	1	0.571257902429	1	1	1	1	1
GO_CELL_BODY	1	0.0	1	1	0.224102009585	1.62593352235e-05	2.05628461643e-05	0.0594442581427	1	1	0.00053609808676	1	1	1	1	1	1	1	0.0100467085972	1	0.0277191000415	7.48015868013e-06	0.247568480098	1	1	0.000666558715681	1	1	0.0	1	1	0.000438193007913	3.406816711e-05	1	0.00165599236905	1	0.457648523595	0.000508526200905	0.0	3.66269389568e-05	0.000242588463717	0.0239640924811	1	1	1	0.627564705083	1
GO_CELL_CELL_ADHESION_VIA_PLASMA_MEMBRANE_ADHESION_MOLECULES	1	1	1	1	1	1	1	1	1	1	1	1	1	1	1	1	1	1	1	1	1	1	1	1	1	1	1	1	1	0.0252005495682	1	1	1	1	1	1	1	1	1	1	1	1	1	1	1	1	1
GO_CELL_CELL_SIGNALING	1	0.0	0.198480425356	0.0498088920246	1	0.0	0.0	0.0626859541521	1	1	0.081360259556	1	1	1	1	1	1	1	0.0	0.000123831115069	0.000147864487283	0.0	1	1	1	0.000203066988136	1	1	0.000138429258559	0.61587890577	1	0.0267886192234	0.854792841718	1	0.090976861284	1	1	0.00790655664023	0.0	0.0	0.00679623940423	0.0	1	1	1	1	0.0127967537787
GO_CELL_JUNCTION_ORGANIZATION	0.481737095265	0.00700510651627	1	1	1	0.1016577124	0.357807541949	1	1	1	0.387642835844	1	1	1	1	1	1	1	0.000143302400745	1	0.479462336975	0.0702750326579	1	1	1	0.0461822236294	1	1	0.451693807761	0.00478660142724	1	1	1	1	0.0275767641296	1	1	1	0.39426703744	0.000769945839261	1	0.0123208545764	1	1	1	1	1
GO_CELL_MORPHOGENESIS	1	0.000250995198255	1	1	1	3.1363657822e-05	0.0007658540435	1	1	1	1	1	1	1	1	1	1	1	0.42065869554	1	1	1	1	1	1	0.000934726387876	1	1	0.00245799862353	1	1	1	1	1	1	1	1	1	0.00115631308547	0.000561416439525	1	0.600636433045	1	1	1	1	1
GO_CELL_MORPHOGENESIS_INVOLVED_IN_DIFFERENTIATION	1	7.24014436599e-05	1	1	1	0.0	9.66037219206e-05	1	1	1	1	1	1	1	1	1	1	1	0.37408346466	1	1	1	1	1	1	0.000230602769034	1	1	0.00075046904005	1	1	1	1	1	1	1	1	1	0.00203156789775	0.000343993235758	1	1	1	1	1	1	1
GO_CELL_MORPHOGENESIS_INVOLVED_IN_NEURON_DIFFERENTIATION	1	1.20221332502e-05	1	1	1	0.0	0.0	1	1	1	1	1	1	1	1	1	1	1	0.0152405453201	1	1	1	1	1	1	0.000240688228899	1	1	3.11339073975e-05	1	1	1	0.107842871821	1	0.550837680484	1	1	0.192854280145	0.000157202373476	5.35156209821e-05	1	1	1	1	1	1	1
GO_CELL_PART_MORPHOGENESIS	1	1.46452605876e-05	1	1	1	0.0	0.000217029230811	1	1	1	0.314805789071	1	1	1	1	1	1	1	0.00185146645236	0.275104886712	1	1	1	1	1	0.00997664789683	1	1	3.74725595094e-05	1	1	1	0.0293549015367	1	1	1	1	0.0983615614686	0.000412129154485	4.90325176195e-06	1	0.327382435025	1	1	1	1	1
GO_CELL_PROJECTION_ORGANIZATION	1	0.00352153684215	1	1	0.00032189934297	1.10482780294e-05	1.75921603854e-05	0.0656480562824	1	1	0.0138753938839	1	1	1	1	1	1	1	0.000629472336063	7.02643493091e-05	0.104355986496	0.0736484083444	1	1	1	0.000966328941889	1	1	1.77090439202e-06	1	1	1	0.000839287031299	1	0.000137026834356	1	1	1	0.000176793133612	0.0	1	2.66261848469e-05	0.297776471998	1	1	1	1
GO_CENTRAL_NERVOUS_SYSTEM_DEVELOPMENT	1	1	1	1	1	1	1	1	1	1	1	1	1	1	1	1	1	1	0.429935384741	0.243819471474	1	1	1	1	1	0.786292487898	1	1	1	1	1	1	1	1	1	1	1	1	1	1	1	1	1	1	1	1	1
GO_CENTRAL_NERVOUS_SYSTEM_NEURON_DIFFERENTIATION	1	1	1	1	1	1	1	1	1	1	1	1	1	1	1	1	1	1	0.15352018672	1	1	1	1	1	1	1	1	1	1	1	1	1	1	1	1	1	1	1	1	1	1	1	1	1	1	1	1
GO_CHEMICAL_SYNAPTIC_TRANSMISSION_POSTSYNAPTIC	1	1	1	1	1	1	1	0.901887334532	1	1	1	1	1	1	1	1	1	1	1	1	1	1	1	1	1	1	1	1	1	1	1	1	1	1	1	1	1	1	1	1	1	1	1	1	1	1	1
GO_CIRCULATORY_SYSTEM_PROCESS	1	1	1	1	1	1	1	1	1	1	1	1	1	1	1	1	1	1	1	1	0.635140561104	0.00584528986954	1	1	1	1	1	1	1	1	1	0.0867067164128	1	1	1	1	1	1	0.0857098441655	1	1	1	1	1	1	1	1
GO_CYTOSKELETAL_PROTEIN_BINDING	1	0.70462876823	1	1	0.000256671808918	0.000171845161523	0.000332312184876	1	1	1	1	1	1	1	1	1	1	1	1	1	0.418051213804	0.0283763801918	1	1	1	1	1	1	0.451943626829	1	1	1	0.478785748747	1	0.315430754417	1	1	1	1	0.000607562869984	1	0.355357281323	1	1	1	1	0.0123598711409
GO_CYTOSOLIC_CALCIUM_ION_TRANSPORT	1	1	1	1	1	1	1	1	1	1	1	1	1	1	1	1	1	1	1	1	1	1	1	1	1	1	1	1	1	0.958918181444	1	1	1	1	1	1	1	1	1	1	1	1	1	1	1	1	1
GO_DENDRITIC_SHAFT	1	1	1	1	1	1	1	1	1	1	1	1	1	1	1	1	1	1	1	1	1	1	1	1	1	1	1	1	1	1	1	1	1	1	1	1	1	1	1	1	1	1	1	1	1	1	0.0498749202524
GO_DENDRITIC_TREE	1	0.0	1	1	0.0990261981966	0.0	4.18093848031e-06	1	1	1	0.0235387077361	1	1	1	1	1	1	1	0.0	6.86178436581e-05	1.2318961782e-05	0.0	1	1	1	0.33962915184	1	1	0.000319942157757	0.218624678205	1	1	0.0357874623351	1	0.00021850893027	1	1	0.0753343115121	0.0	0.0	0.0005929096414	0.00428823777759	1	1	1	1	0.000873263250348
GO_DEVELOPMENTAL_MATURATION	1	0.122591880269	1	1	1	1	0.65030697028	1	1	1	1	1	1	1	1	1	1	1	1	1	1	1	1	1	1	1	1	1	1	1	1	1	1	1	1	1	1	1	1	1	1	1	1	1	1	0.174057731834	1
GO_DISTAL_AXON	1	0.0	1	1	1	5.11065573736e-05	0.0	1	1	1	0.354133038859	1	1	1	1	1	1	1	0.433524129858	1	0.128392429341	0.0	1	1	1	0.00919100421162	1	1	0.00141903075423	1	1	1	0.174988115627	1	0.000155200844866	1	1	1	0.000409674661302	0.000451629874036	0.639033172098	1	1	1	1	1	0.0395207664633
GO_GATED_CHANNEL_ACTIVITY	1	1	0.000216966760752	1	0.772324850223	2.09800007467e-06	1.59396436585e-05	1	1	1	0.00122775926902	1	1	1	1	1	1	1	1	1	0.00111157672387	2.12095562242e-05	1	0.839448441776	1	0.0076569192628	1	1	1	0.0428105623156	1	0.018872587623	1	1	0.131933190548	1	1	1	0.000354529961943	3.19249344443e-05	0.0193061365981	0.106647874667	1	1	1	1	1
GO_GLUTAMATERGIC_SYNAPSE	1	0.0308802148709	1	1	1	1	1	0.405940407727	1	1	0.579066922181	1	1	1	1	1	1	1	1	1	1	0.116296388266	1	1	1	0.00505059857584	1	1	0.0221056373085	1	1	1	1	1	1	1	1	1	1	1	1	0.078784085799	1	1	1	1	1
GO_HEAD_DEVELOPMENT	1	1	1	1	1	1	1	1	1	1	1	1	1	1	1	1	1	1	1	0.0411726364434	1	1	1	1	1	1	1	1	1	1	1	1	1	1	1	1	1	1	1	1	1	1	1	1	1	1	1
GO_HEART_PROCESS	1	1	1	1	1	1	1	1	1	1	1	1	1	1	1	1	1	1	1	1	1	0.400094433424	1	1	1	1	1	1	0.597994283292	1	1	0.456081868414	1	1	1	1	1	1	0.0442763967469	0.0227262039573	1	1	1	1	1	1	1
GO_HIGH_VOLTAGE_GATED_CALCIUM_CHANNEL_ACTIVITY	1	1	1	1	1	1	1	1	1	1	1	1	1	1	1	1	1	1	1	1	1	1	1	1	1	1	1	1	1	0.527101207716	1	1	1	1	1	1	1	1	1	1	1	1	1	1	1	1	1
GO_HOMOPHILIC_CELL_ADHESION_VIA_PLASMA_MEMBRANE_ADHESION_MOLECULES	1	1	1	1	1	1	1	1	1	1	0.35100454751	1	1	1	1	1	1	1	1	1	1	0.582294264972	1	1	1	0.472103386397	1	1	1	0.00048623640952	1	1	1	1	1	1	1	1	1	1	1	0.0014459443255	1	1	1	1	1
GO_HORMONE_TRANSPORT	1	0.676201042803	1	1	1	1	0.000545803734198	1	1	1	0.0217930567007	1	1	1	1	1	1	1	0.00593419177003	1	0.261147033942	1	1	1	1	1	1	1	1	1	1	1	1	1	1	1	1	1	1	1	0.25003022153	1	1	1	1	1	1
GO_IMPORT_INTO_CELL	1	1	1	1	1	1	1	1	1	1	1	1	1	1	1	1	1	1	1	1	1	0.0400347460905	1	1	1	1	1	1	1	1	1	1	1	1	1	1	1	1	1	1	1	1	1	1	1	1	1
GO_INORGANIC_ION_TRANSMEMBRANE_TRANSPORT	1	1	1	1	1	0.13410916577	0.520431678719	1	1	1	1	1	1	1	1	1	1	1	1	1	1	1	1	1	1	1	1	1	1	0.685628706759	1	0.421254483024	1	1	1	1	1	1	1	1	1	1	1	1	1	1	1
GO_INSULIN_SECRETION	1	0.0753269962032	1	1	1	1	0.000143701364078	1	1	1	0.015094944249	1	1	1	1	1	1	1	0.0133503478254	0.350166504779	0.00954349338321	0.387653937725	1	1	1	0.0356334512238	1	1	1	1	1	1	1	1	1	1	1	1	1	1	1	0.287700865454	1	1	1	1	0.805727441265
GO_INTRINSIC_COMPONENT_OF_PLASMA_MEMBRANE	1	0.891054831599	0.0710501860302	1	1	0.000291601751758	8.10733357248e-05	1	1	1	0.0218617699954	1	1	1	1	0.658978062006	1	1	0.0809613055501	1	0.0089701567269	0.000397061291889	1	1	1	0.0479031667292	1	1	0.0141633403996	0.0698397686599	1	0.353127426088	1	1	1	1	1	1	0.183089140014	0.00459111889467	1	0.0429682705725	1	1	1	1	1
GO_ION_TRANSMEMBRANE_TRANSPORT	1	1	1	1	1	0.105709538977	0.0781367582884	1	1	1	1	1	1	1	1	1	1	1	1	1	1	1	1	1	1	1	1	1	1	0.736701860886	1	0.114045049963	1	1	1	1	1	1	1	0.41985871842	1	1	1	1	1	1	1
GO_ION_TRANSMEMBRANE_TRANSPORTER_ACTIVITY	1	1	1	1	1	0.0575792494273	1	1	1	1	1	1	1	1	1	1	1	1	1	1	1	1	1	1	1	1	1	1	1	1	1	1	1	1	1	1	1	1	1	1	1	1	1	1	1	1	1
GO_ION_TRANSPORT	1	1	1	1	1	0.195637834363	0.244425489853	1	1	1	1	1	1	1	1	1	1	1	1	1	1	1	1	1	1	1	1	1	1	1	1	1	1	1	1	1	1	1	1	1	1	1	1	1	1	1	1
GO_KIDNEY_EPITHELIUM_DEVELOPMENT	1	1	1	1	1	1	1	1	1	1	1	1	1	1	1	1	1	1	1	1	1	0.497293033568	1	1	1	1	1	1	1	1	1	1	1	1	1	1	1	1	1	1	1	1	1	1	1	1	1
GO_LIGAND_GATED_CATION_CHANNEL_ACTIVITY	1	1	0.0546241759512	1	1	0.194377253373	0.0441281297949	1	1	1	1	1	1	1	1	1	1	1	1	1	1	1	1	1	1	1	1	1	1	1	1	0.00483403958252	1	1	1	1	1	1	0.107378974041	0.169462304756	1	1	1	1	1	1	1
GO_LIGAND_GATED_ION_CHANNEL_ACTIVITY	1	1	0.475639333286	1	1	0.463978918732	0.853969263084	1	1	1	1	1	1	1	1	1	1	1	1	1	1	1	1	1	1	1	1	1	1	1	1	0.0833586275043	1	1	1	1	1	1	0.18036908274	0.536721547297	1	1	1	1	1	1	1
GO_MEMBRANE_DEPOLARIZATION	1	1	1	1	1	0.00277488287227	0.0513600878938	1	1	1	1	1	1	1	1	1	1	1	1	1	1	0.023838088697	1	1	1	1	1	1	1	0.00160264679846	1	1	1	1	1	1	1	1	1	0.0213557406594	1	1	1	1	1	1	1
GO_MEMBRANE_DEPOLARIZATION_DURING_ACTION_POTENTIAL	1	1	1	1	1	0.00565294396948	0.00909004198425	1	1	1	1	1	1	1	1	1	1	1	1	1	1	1	1	1	1	1	1	1	1	0.279214493066	1	1	1	1	1	1	1	1	1	0.391935786051	1	1	1	1	1	1	1
GO_MEMBRANE_DEPOLARIZATION_DURING_CARDIAC_MUSCLE_CELL_ACTION_POTENTIAL	1	1	1	1	1	1	0.00256321590613	1	1	1	1	1	1	1	1	1	1	1	1	1	1	1	1	1	1	1	1	1	1	0.58890030125	1	1	1	1	1	1	1	1	1	1	1	1	1	1	1	1	1
GO_METAL_ION_TRANSMEMBRANE_TRANSPORTER_ACTIVITY	1	1	0.0459181796573	1	1	0.000119053346299	0.0021872458434	1	1	1	1	1	1	1	1	1	1	1	1	1	1	0.00203937241922	1	1	1	0.433320914881	1	1	1	0.906646453989	1	1	1	1	1	1	1	1	0.126222089461	0.0276655785764	0.892195738547	1	1	1	1	1	1
GO_METAL_ION_TRANSPORT	1	1	1	1	1	0.0510100908778	0.0768343111415	1	1	1	1	1	1	1	1	1	1	1	1	1	1	1	1	1	1	1	1	1	1	0.0232527068192	1	0.104832030863	1	1	1	1	1	1	1	0.242330981203	1	1	1	1	1	1	1
GO_METENCEPHALON_DEVELOPMENT	1	1	1	1	1	1	1	1	1	1	1	1	1	1	1	1	1	1	1	1	1	1	1	1	1	1	1	1	1	1	1	1	1	1	1	1	1	1	1	1	1	1	1	1	1	0.42961725274	1
GO_MICROTUBULE_BINDING	1	1	1	1	1	1	1	1	1	1	1	1	1	1	1	1	1	1	1	1	1	1	1	1	1	1	1	1	1	1	1	1	1	1	1	1	1	1	1	0.0618343604252	1	1	1	1	1	1	1
GO_MONOVALENT_INORGANIC_CATION_TRANSMEMBRANE_TRANSPORTER_ACTIVITY	1	1	0.00910292404944	1	1	0.0224202068051	1	1	1	1	1	1	1	1	1	1	1	1	1	1	1	0.0714861675692	1	1	1	1	1	1	1	1	1	1	1	1	1	1	1	1	1	0.14351756605	1	1	1	1	1	1	1
GO_MONOVALENT_INORGANIC_CATION_TRANSPORT	1	1	0.288830493908	1	1	0.000869088212248	0.497749941888	1	1	1	0.248801879413	1	1	1	1	1	1	1	1	1	1	0.408435490445	1	1	1	0.626029698077	1	1	1	1	1	0.172510064005	1	1	1	1	1	1	1	0.0533140736299	1	1	1	1	1	1	1
GO_MULTICELLULAR_ORGANISMAL_SIGNALING	1	1	1	1	1	0.054758821181	0.0213197140565	1	1	1	1	1	1	1	1	1	1	1	1	1	1	0.0436782471468	1	1	1	0.8385268348	1	1	1	1	1	1	1	1	0.639185675152	1	1	1	0.345369798722	0.0234242412894	1	0.988647040378	1	1	1	1	1
GO_NEURAL_NUCLEUS_DEVELOPMENT	1	1	1	1	1	1	1	1	1	1	1	1	1	1	1	1	1	1	1	1	1	1	1	1	1	1	1	1	1	1	1	0.536171119274	1	1	1	1	1	1	1	1	1	1	1	1	1	1	1
GO_NEUROGENESIS	0.0403468912093	0.0	0.110156085962	0.0264743777038	1.65957069775e-05	0.0	0.0	5.28268469382e-05	1	1	0.000274037736735	1	1	1	1	0.314435422357	1	0.778349601848	4.67747086632e-05	1.24266779222e-05	0.0	1.40238263646e-06	1	0.000382696083769	0.303981332287	4.60655663792e-06	0.00573863592643	1	0.0	1	0.013373718845	0.137193144664	3.90902569869e-06	1	0.0	1	1	0.0014249075723	0.0	0.0	0.000439206759793	0.0	1	1	1	0.0639451694787	0.949548938681
GO_NEURONAL_DENSE_CORE_VESICLE	1	1	1	1	1	1	1	1	1	1	1	1	1	1	1	1	1	1	1	1	0.0110782309522	0.637300418441	1	1	1	1	1	1	1	1	1	1	1	1	1	1	1	1	1	1	1	1	1	1	1	1	1
GO_NEURON_DEVELOPMENT	1	7.9069567831e-06	1	1	4.78441949958e-05	1.49282790487e-05	1.6264459926e-05	0.00124634388578	1	0.461935692094	0.000359342951367	1	1	1	1	0.18525016674	1	0.389503074434	1.66752384673e-05	2.10310772797e-05	2.27020254066e-05	4.10228835958e-05	0.115351412435	0.0356820768961	1	1.72134224773e-05	0.708478880331	1	1.05418801288e-05	1	0.102713371683	1	2.02534642764e-05	1	2.62429272928e-05	1	1	0.000993657023474	8.03028940943e-06	2.17055442531e-06	0.000377241195752	1.06679070078e-05	1	1	1	1	1
GO_NEURON_DIFFERENTIATION	1	0.0	0.348674509372	0.0225809772912	0.0	0.0	0.0	0.000126081896048	1	1	0.00109287103552	1	1	1	1	0.873049172972	1	1	0.0	0.0	0.0	0.0	1	0.000199432732865	1	0.0	0.000350037936138	1	0.0	1	0.00260723007315	0.175814500175	0.0	1	0.0	1	1	0.000728796447882	0.0	0.0	5.68631869474e-05	0.0	1	1	1	0.0834912234089	1
GO_NEURON_PROJECTION	0.000145133295145	2.18121695639e-05	4.39340262404e-05	0.011819525583	4.59152422223e-05	2.3842731057e-05	2.13147256012e-05	1.01122371361e-05	0.00523227516069	0.0415873175119	1.91257520977e-05	1	1	0.734435247736	0.0984164702371	0.143097693177	1	0.0463832680406	2.82729639611e-05	3.70762626751e-05	2.02698036272e-05	2.92788177463e-05	0.187979781774	0.000125313528162	0.0235192188225	2.46193653728e-05	0.0731215354885	1	1.71229248647e-05	0.000189648173964	0.000353487319186	2.59057781626e-05	2.43010249473e-05	1	1.86572843552e-05	1	1	2.55306664612e-05	1.87064424371e-05	1.20745074486e-05	2.31115321969e-05	1.1072982228e-05	1	1	1	1.43567577746e-05	2.78413374866e-05
GO_NEURON_PROJECTION_GUIDANCE	1	0.612403033219	1	1	1	0.0	0.00600228495676	0.371697721987	1	1	0.0199056436095	1	1	1	1	1	1	1	0.00427359267796	1	1	1	1	1	1	0.0134017527602	1	1	0.336597275483	1	1	1	1	1	1	1	1	1	0.0235996679	0.000416448297826	1	1	1	1	1	1	1
GO_NEURON_PROJECTION_TERMINUS	1	5.05253972278e-05	1	1	1	0.161499569335	0.0480709191505	1	1	1	1	1	1	1	1	1	1	1	1	1	1	0.861928834572	1	1	1	1	1	1	1	1	1	1	1	1	1	1	1	1	1	1	1	1	1	1	1	1	1
GO_NEURON_RECOGNITION	1	1	1	1	1	1	1	1	1	1	1	1	1	1	1	1	1	1	1	1	1	1	1	1	1	0.292198002837	1	1	1	1	1	1	1	1	1	1	1	1	0.166222578962	1	1	1	1	1	1	1	1
GO_NEURON_SPINE	1	0.337667218379	1	1	1	1	1	1	1	1	1	1	1	1	1	1	1	1	0.0558869358979	1	1	1	1	1	1	1	1	1	1	1	1	1	1	1	1	1	1	1	1	0.381251025507	1	1	1	1	1	1	1
GO_NEURON_TO_NEURON_SYNAPSE	1	0.0	1	1	1.56027198557e-05	1	5.00588077462e-05	0.113497660702	1	1	0.0299507305729	1	1	1	1	1	1	1	0.0	9.10382878953e-05	0.0284124256018	5.24718650052e-05	1	1	1	0.00714653186312	1	1	0.0	0.134145631526	0.31428337819	1	0.0128996059143	1	0.00087199871815	1	1	0.135222970733	0.00178919340189	0.0	0.376241854306	0.000193839098128	1	1	1	1	0.0777366609361
GO_NEUROTRANSMITTER_RECEPTOR_TRANSPORT	1	1	1	1	1	1	1	1	1	1	1	1	1	1	1	1	1	1	1	1	1	0.791582715131	1	1	1	1	1	1	1	1	1	1	1	1	1	1	1	1	1	1	1	1	1	1	1	1	1
GO_NEUROTRANSMITTER_SECRETION	1	0.00542021083003	1	1	1	0.0320356060797	0.0016356289541	1	1	1	1	1	1	1	1	1	1	1	0.34046671426	1	0.0206601027544	0.951647311794	1	1	1	1	1	1	3.09073619835e-05	1	1	1	0.312124811319	1	1	1	1	0.661436529391	0.0461072853494	1	0.00930663671801	0.000366928821481	1	1	1	1	1
GO_NEUROTRANSMITTER_TRANSPORT	1	0.000682400770988	1	1	1	0.00142989664849	0.000110929277132	1	1	1	1	1	1	1	1	1	1	1	0.0370151258267	0.160720483881	0.0294306604126	0.201425053429	1	1	1	1	1	1	5.43753807318e-05	1	1	1	0.882249236493	1	1	1	1	0.47802026777	1	1	0.00858079272749	0.00455646180179	1	1	1	1	1
GO_PANCREATIC_A_CELL_DIFFERENTIATION	1	1	1	1	1	1	1	1	1	1	1	1	1	1	1	1	1	1	1	1	1	1	1	1	1	1	1	1	1	1	1	1	1	1	0.832167369851	1	1	1	1	1	1	1	1	1	1	1	1
GO_PASSIVE_TRANSMEMBRANE_TRANSPORTER_ACTIVITY	1	1	0.0365486994141	1	1	0.0	0.001597305289	1	1	1	0.0198446347726	1	1	1	1	1	1	1	1	1	0.831484361934	0.00547765220354	1	1	1	1	1	1	1	0.737113948412	1	1	1	1	1	1	1	1	0.197832788692	0.0235855762686	1	1	1	1	1	1	1
GO_PEPTIDE_HORMONE_SECRETION	1	0.153046259243	1	1	1	1	0.000164669230344	0.522984586484	1	1	0.00430022061475	1	1	1	1	1	1	1	0.000788495161662	0.754991560396	0.00603976750915	0.212981043754	1	1	1	0.463041869357	1	1	1	1	1	1	1	1	1	1	1	1	0.92823167675	1	0.263046055268	0.74458121199	1	1	1	1	0.957198843356
GO_PEPTIDE_SECRETION	1	1	1	1	1	1	0.150616208059	1	1	1	0.0136508887157	1	1	1	1	1	1	1	0.0440346760737	1	0.999729506772	1	1	1	1	1	1	1	1	1	1	1	1	1	1	1	1	1	1	1	1	1	1	1	1	1	1
GO_PERIKARYON	1	0.000105357189996	1	1	1	0.00620246649918	0.0133429453696	0.000628098977195	1	1	0.157297348735	1	1	1	1	1	1	1	0.0895881244515	1	0.194361065346	0.00496756150739	1	1	1	3.39088601703e-05	1	1	2.63447983841e-05	1	1	0.29411017887	1	1	1	1	1	0.176445802481	1	0.00156183280095	0.0160096997545	1	1	1	1	1	1
GO_PERINUCLEAR_REGION_OF_CYTOPLASM	1	1	1	1	1	1	1	1	1	1	1	1	1	1	1	1	1	1	1	1	1	1	1	1	1	1	1	1	1	1	1	1	1	1	1	1	1	1	1	1	1	1	1	1	1	1	0.409085294664
GO_PLASMA_MEMBRANE_PROTEIN_COMPLEX	1	1	1	1	1	0.0443001431679	0.159612533368	1	1	1	1	1	1	1	1	1	1	1	1	1	1	0.0304189244093	1	1	1	0.853438654332	1	1	1	1	1	1	1	1	1	1	1	1	1	0.786584664592	0.371533479587	1	1	1	1	1	1
GO_PLASMA_MEMBRANE_REGION	1	1	1	1	1	1	1	1	1	1	1	1	1	1	1	1	1	1	1	1	1	0.322173339789	1	1	1	1	1	1	0.00114204368435	1	1	1	0.751413771609	1	1	1	1	1	1	1	1	1	1	1	1	1	1
GO_POSTSYNAPSE	0.752662794324	5.03232030269e-06	1	1	0.00222990083605	0.00059179051876	1.49660539598e-05	0.000221934214106	0.0846240411116	1	0.0	1	1	1	1	1	1	1	1.61301976076e-05	2.24268727207e-05	6.58792800132e-05	1.23075045102e-05	1	1	1	7.02749698134e-05	1	1	4.63818839336e-06	0.000112408091738	1	0.0409912012426	1.0117551863e-06	1	4.71900005095e-06	1	1	0.000785722661126	8.3826639562e-06	4.48398228148e-06	0.000365106168618	3.47698597292e-06	1	1	1	1	0.178337924446
GO_POSTSYNAPTIC_MEMBRANE	1	1	1	1	1	1	0.104367020735	1	0.412752733383	1	0.0153768238472	1	1	1	1	1	1	1	0.000535320132944	1	0.0049015402205	5.88244442934e-05	1	1	1	0.0559146969295	1	1	5.07083822142e-05	0.00365964229828	1	1	0.00104907241869	1	1	1	1	0.0470847204486	0.00301741720137	1.05008083205e-05	0.160562956821	0.0229751627908	1	1	1	1	1
GO_POTASSIUM_CHANNEL_ACTIVITY	1	1	0.000658742451514	1	1	7.18049945547e-06	0.0203622625666	1	1	1	0.086014660431	1	1	1	1	1	1	1	1	1	1	0.000926619679794	1	0.0131915598849	1	1	1	1	1	1	1	1	1	1	1	1	1	1	0.0353688000114	0.0117792285051	1	1	1	1	1	1	1
GO_POTASSIUM_CHANNEL_COMPLEX	1	1	0.0194521098399	1	1	0.451065003521	0.0939866349784	1	1	1	0.0978792556266	1	1	1	1	1	1	1	1	1	1	0.0438910469188	1	1	1	0.0667903256454	1	1	1	1	1	0.16809249014	1	1	1	1	1	1	1	0.00473197212336	1	1	1	1	1	1	1
GO_POTASSIUM_ION_TRANSMEMBRANE_TRANSPORTER_ACTIVITY	1	1	0.010641325837	1	1	0.000825970759875	0.0885462706878	1	1	1	0.157297348735	1	1	1	1	1	1	1	1	1	1	0.000650166835939	1	0.159660408112	1	1	1	1	1	1	1	1	1	1	1	1	1	1	0.0107022323939	0.0106099325861	1	1	1	1	1	0.436143524291	1
GO_POTASSIUM_ION_TRANSPORT	1	1	0.113864846752	0.841301834565	1	0.000618439121993	0.0490230033924	1	1	1	0.00173570026549	1	1	1	1	1	1	1	1	1	1	0.0161169646181	1	1	1	1	1	1	1	1	1	1	1	1	1	1	1	1	0.434945404578	0.0128598049775	1	1	1	1	1	1	1
GO_PRESYNAPSE	1	0.0	1	1	0.0011125717099	0.0	0.0	1	1	1	1	1	1	1	1	1	1	1	0.000148478791913	0.121547593096	7.42077885992e-05	0.0	1	1	1	0.856860829196	1	1	0.000123225626922	1	1	1	0.168775705357	1	8.27784997581e-05	1	1	0.187492283295	0.0137388852704	0.000268544060104	0.00137211673092	0.00597132297521	1	1	1	1	1
GO_PRESYNAPTIC_MEMBRANE	1	1	1	1	1	1	1	1	1	1	1	1	1	1	1	1	1	1	1	1	1	1	1	1	1	1	1	1	0.00306283067687	1	1	1	1	1	1	1	1	1	1	1	1	1	1	1	1	1	1
GO_PROTEIN_KINASE_ACTIVITY	1	1	1	1	1	1	1	1	1	1	1	1	1	1	1	1	1	1	1	1	1	1	1	1	1	1	1	1	1	1	1	1	1	1	1	1	1	1	0.21636321326	1	1	1	1	1	1	1	1
GO_REGULATION_OF_BLOOD_CIRCULATION	1	1	1	1	1	1	0.369766126722	1	1	1	1	1	1	1	1	1	1	1	1	1	1	0.120900067081	1	1	1	0.0356694096986	1	1	1	0.0766870471766	1	0.112871301653	1	1	1	1	1	1	0.311429345483	0.141023084113	1	1	1	1	1	1	1
GO_REGULATION_OF_CATION_TRANSMEMBRANE_TRANSPORT	1	1	1	1	1	1	0.864302512021	1	1	1	1	1	1	1	1	1	1	1	1	1	1	1	1	1	1	1	1	1	1	1	1	1	1	1	1	1	1	1	1	1	1	1	1	1	1	1	1
GO_REGULATION_OF_CELLULAR_COMPONENT_MOVEMENT	1	1	1	1	1	1	1	1	1	1	1	1	1	1	1	1	1	1	0.437724562665	1	1	1	1	1	1	1	1	1	1	1	1	1	1	1	1	1	1	1	1	1	1	1	1	1	1	1	1
GO_REGULATION_OF_CELLULAR_LOCALIZATION	1	1	1	1	1	1	0.0227331009587	1	1	1	1	1	1	1	1	1	1	1	1	1	1	1	1	1	1	1	1	1	1	1	1	1	1	1	1	1	1	1	1	1	1	0.104148974441	1	1	1	1	1
GO_REGULATION_OF_CELL_DEVELOPMENT	1	1	1	1	0.196123197132	0.3707155207	0.00969073891647	1	1	1	1	1	1	1	1	1	1	1	1	0.00569629966561	0.450623569667	1	1	1	1	0.00653972819006	1	1	0.0539946106188	1	1	0.0557146937719	0.0457173394775	1	0.00100463985312	1	1	1	0.303440909973	0.0421382294318	1	0.00536360525302	1	1	1	1	1
GO_REGULATION_OF_CELL_PROJECTION_ORGANIZATION	1	1	1	1	0.990273797424	0.0783225307928	0.0908536406105	1	1	1	1	1	1	1	1	1	1	1	1	0.0823068038272	1	1	1	1	1	0.036051069193	1	1	0.00833501959546	1	1	1	1	1	0.263777764274	1	1	1	1	0.169945190096	1	0.99869709245	1	1	1	1	1
GO_REGULATION_OF_CYTOSOLIC_CALCIUM_ION_CONCENTRATION	1	1	1	1	1	1	1	1	1	1	1	1	1	1	1	1	1	1	1	1	1	1	1	1	1	1	1	1	1	0.0906948049028	1	1	1	1	1	1	1	1	1	1	1	1	1	1	1	1	1
GO_REGULATION_OF_EXOCYTOSIS	1	1	1	1	1	1	1	1	1	1	1	1	1	1	1	1	1	1	1	1	0.546319316393	0.129208520846	1	1	1	1	1	1	1	1	1	1	1	1	1	1	1	1	1	1	1	0.501696524708	1	1	1	0.978839230907	1
GO_REGULATION_OF_HEART_RATE	1	1	1	1	1	1	0.027945018714	1	1	1	1	1	1	1	1	1	1	1	1	1	1	1	1	1	1	1	1	1	1	1	1	1	1	1	1	1	1	1	1	0.108124905723	1	1	1	1	1	1	1
GO_REGULATION_OF_HEART_RATE_BY_CARDIAC_CONDUCTION	1	1	1	1	1	1	0.0150379101889	1	1	1	1	1	1	1	1	1	1	1	1	1	1	1	1	1	1	1	1	1	1	1	1	1	1	1	1	1	1	1	1	1	1	1	1	1	1	1	1
GO_REGULATION_OF_HORMONE_LEVELS	1	0.188196303391	1	1	1	1	0.00307221567436	1	1	1	0.0897835366555	1	1	1	1	1	1	1	0.0582338564185	1	1	1	1	1	1	1	1	1	1	1	1	1	1	1	1	1	1	1	1	1	1	1	1	1	1	1	1
GO_REGULATION_OF_HORMONE_SECRETION	1	1	1	1	1	1	0.00955958029253	1	1	1	1	1	1	1	1	1	1	1	0.302157484682	1	1	1	1	1	1	1	1	1	1	1	1	1	1	1	1	1	1	1	1	1	1	1	1	1	1	1	1
GO_REGULATION_OF_INSULIN_SECRETION	1	1	1	1	1	1	0.00278829494181	1	1	1	0.777862002029	1	1	1	1	1	1	1	0.500589236226	1	1	1	1	1	1	1	1	1	1	1	1	1	1	1	1	1	1	1	1	1	1	1	1	1	1	1	1
GO_REGULATION_OF_ION_TRANSMEMBRANE_TRANSPORT	1	1	1	1	1	0.0466254496471	0.0102960418362	1	1	1	1	1	1	1	1	1	1	1	1	1	1	1	1	1	1	1	1	1	1	0.18871749621	1	1	1	1	1	1	1	1	1	0.129137438041	1	1	1	1	1	1	1
GO_REGULATION_OF_ION_TRANSPORT	1	1	0.419537489048	1	1	0.000173073834926	0.000237429719725	1	1	1	1	1	1	1	1	1	1	1	1	1	1	0.548434682036	1	1	1	1	1	1	1	0.0921022680471	1	1	1	1	1	1	1	0.101353375131	1	0.175887344027	0.181654881256	1	1	1	1	1	1
GO_REGULATION_OF_MEMBRANE_POTENTIAL	1	1	1	1	1	0.0	0.000245079361796	0.103714680827	1	1	0.00485902954397	1	1	1	1	1	1	1	0.0120771429309	1	1	0.000977592262069	1	1	1	0.0445287646553	1	1	1	0.0462271003562	1	0.0668886235003	1	1	1	1	1	1	0.0111783775784	3.73661499157e-05	0.378714884584	0.182524569735	1	1	1	1	1
GO_REGULATION_OF_NERVOUS_SYSTEM_DEVELOPMENT	1	0.430159842163	1	1	0.0318320777622	0.193153463861	0.00147001791008	1	1	1	1	1	1	1	1	1	1	1	0.565438506132	0.000830750484331	0.0839281234033	1	1	1	1	0.000260838328838	1	1	0.000200369592384	1	1	0.030373409353	0.0255196426357	1	0.000119329950968	1	1	1	0.0163535379086	0.000806990578767	1	3.87045452996e-05	1	1	1	1	1
GO_REGULATION_OF_NEURON_DIFFERENTIATION	1	0.403381693098	1	1	0.0283644453274	0.00062612121771	0.00079877149684	1	1	1	1	1	1	1	1	1	1	1	0.510177728876	0.00231477506862	0.146882050134	0.651671414799	1	0.336111609889	1	0.00360298939154	1	1	0.000161976425223	1	0.267766376967	0.0306135418628	0.00282562014267	1	0.0	1	1	1	0.0024046364307	0.00177771706111	0.86832433613	0.000198293347398	1	1	1	1	1
GO_REGULATION_OF_NEURON_PROJECTION_DEVELOPMENT	1	1	1	1	0.110832682526	0.0104090778905	0.0346489627762	1	1	1	1	1	1	1	1	1	1	1	1	0.356205035558	1	1	1	1	1	0.680861887772	1	1	0.00217197248891	1	1	0.843730943966	1	1	0.029335837655	1	1	1	0.0450266256168	0.409860465647	1	0.066160125845	1	1	1	1	1
GO_REGULATION_OF_NEUROTRANSMITTER_LEVELS	1	0.00695498471491	1	1	1	0.361805903323	0.0307129158287	1	1	1	1	1	1	1	1	1	1	1	0.315029176304	1	0.232437020799	1	1	1	1	1	1	1	0.000498354396337	1	1	1	1	1	1	1	1	1	1	1	0.07775980751	0.039645978407	1	1	1	1	1
GO_REGULATION_OF_NEUROTRANSMITTER_TRANSPORT	1	0.291052061278	1	1	1	1	1	1	1	1	1	1	1	1	1	1	1	1	1	1	1	1	1	1	1	1	1	1	0.0732376648259	1	1	1	1	1	1	1	1	1	1	1	1	0.00633305073957	1	1	1	0.635851646232	1
GO_REGULATION_OF_PEPTIDE_HORMONE_SECRETION	1	1	1	1	1	1	0.00620902258178	1	1	1	0.70171573904	1	1	1	1	1	1	1	0.088301005784	1	0.313564752829	1	1	1	1	1	1	1	1	1	1	1	1	1	1	1	1	1	1	1	1	1	1	1	1	1	1
GO_REGULATION_OF_REGULATED_SECRETORY_PATHWAY	1	0.861159937524	1	1	1	1	0.862080629733	1	1	1	1	1	1	1	1	1	1	1	1	1	1	0.374327922735	1	1	1	1	1	1	1	1	1	1	1	1	1	1	1	1	1	1	1	0.286120369864	1	1	1	0.0530004224893	1
GO_REGULATION_OF_SECRETION	1	1	1	1	1	0.918131130073	0.00399500195478	1	1	1	1	1	1	1	1	1	1	1	0.336335824173	1	0.458570424075	0.651730935904	1	1	1	1	1	1	1	1	0.294770023747	1	1	1	1	1	1	1	1	1	0.17998232089	0.0407757187589	1	1	1	1	1
GO_REGULATION_OF_SYNAPSE_STRUCTURE_OR_ACTIVITY	1	1	1	1	1	1	1	1	1	1	1	1	1	1	1	1	1	1	0.412002086999	1	1	1	1	1	1	1	1	1	1	1	1	1	1	1	1	1	1	1	1	1	1	1	1	1	1	1	1
GO_REGULATION_OF_SYNAPTIC_PLASTICITY	1	1	1	1	1	1	1	1	1	1	1	1	1	1	1	1	1	1	1	1	1	1	1	1	1	1	1	1	0.307878596134	1	1	1	1	1	1	1	1	1	1	1	1	1	1	1	1	1	1
GO_REGULATION_OF_SYNAPTIC_VESICLE_CYCLE	1	0.0181208982808	1	1	0.0103792441457	1	4.64874784223e-07	1	1	1	1	0.520657572066	1	1	1	1	1	1	0.194910623913	0.563490863463	0.0310549030043	1	1	1	1	1	1	1	0.000415846369833	1	1	0.840986281515	1	1	1	1	1	1	0.0198373169569	0.0448355886821	0.028208057263	0.00323509742638	1	1	1	0.42961725274	1
GO_REGULATION_OF_SYNAPTIC_VESICLE_EXOCYTOSIS	1	0.599958139854	1	1	1	1	0.117551469043	1	1	1	1	1	1	1	1	1	1	1	1	1	1	1	1	1	1	1	1	1	1	1	1	1	1	1	1	1	1	1	1	1	1	0.046236949653	1	1	1	0.502944458247	1
GO_REGULATION_OF_SYSTEM_PROCESS	1	1	1	1	1	0.0563606977324	1	1	1	1	1	1	1	1	1	1	1	1	1	1	1	1	1	0.511208179443	1	0.00244869473784	1	1	0.410707073817	1	1	0.104146902221	1	1	1	1	1	1	0.406626871735	0.272872946833	1	0.0816388254506	1	1	1	1	1
GO_REGULATION_OF_TRANSMEMBRANE_TRANSPORT	1	1	1	1	1	0.37394088546	0.0312145916659	1	1	1	1	1	1	1	1	1	1	1	1	1	1	1	1	1	1	1	1	1	1	0.4004066561	1	1	1	1	1	1	1	1	1	0.134243821119	1	1	1	1	1	1	1
GO_REGULATION_OF_TRANSPORT	1	0.0274364004866	0.033811845337	0.922243046473	1	0.0	0.0	1	1	1	0.000960945352919	1	1	1	1	0.337124574515	1	1	0.00592243007164	0.105734199048	0.046105826804	0.00603816186184	1	1	1	1	1	1	2.05827282113e-05	0.374939357965	0.163278293199	0.977194084378	1	1	0.00173466986176	1	1	0.0489001443489	0.0363455096737	0.0	0.0	0.0	1	1	1	0.178519515231	1
GO_REGULATION_OF_TRANS_SYNAPTIC_SIGNALING	1	0.000110734145496	1	1	1	0.000571231283162	0.000468653224127	0.161744560534	1	1	1	1	1	1	1	1	1	1	0.000860651090333	0.0340362647645	0.333088415339	0.00177336820505	1	1	1	0.00371250512571	1	1	1.17705750796e-05	0.374283434504	1	1	0.0762420671351	1	0.00231175044157	1	1	1	0.0039124117434	0.000449057201208	1	2.28686905979e-05	1	1	1	1	0.0125110576938
GO_REGULATION_OF_VESICLE_MEDIATED_TRANSPORT	1	1	1	1	1	1	1	1	1	1	1	1	1	1	1	1	1	1	1	1	1	1	1	1	1	1	1	1	1	1	1	1	1	1	1	1	1	1	1	1	1	0.272006270053	1	1	1	1	1
GO_RENAL_SYSTEM_PROCESS	1	1	1	1	1	1	1	1	1	1	1	1	1	1	1	1	1	1	1	1	1	1	1	1	1	1	1	1	1	0.0354558152274	1	1	1	1	1	1	1	1	1	1	1	1	1	1	1	1	1
GO_SIGNAL_RELEASE	1	0.0177018389201	1	1	1	0.132656848369	8.54649096982e-06	1	1	1	0.0995634020184	1	1	1	1	1	1	1	0.0057047968856	1	0.0189746880749	0.994168706184	1	1	1	1	1	1	1	1	1	1	1	1	1	1	1	0.973024367688	0.0210313174581	1	0.00260245811865	0.00446165960294	1	1	1	1	1
GO_SITE_OF_POLARIZED_GROWTH	1	1	1	1	1	1	1	1	1	1	1	1	1	1	1	1	1	1	1	1	1	0.0876066202678	1	1	1	1	1	1	1	1	1	1	1	1	0.255942677151	1	1	1	1	1	1	1	1	1	1	1	1
GO_SODIUM_CHANNEL_ACTIVITY	1	1	0.474587556635	1	1	1	1	1	1	1	1	1	1	1	1	1	1	1	1	1	1	1	1	1	1	1	1	1	1	1	1	1	1	1	1	1	1	1	1	1	1	1	1	1	1	1	1
GO_SOMATODENDRITIC_COMPARTMENT	0.183495692207	0.0	0.48183610413	1	0.000162731741685	0.0	0.0	0.0002707906375	1	1	0.0	1	1	1	1	1	1	1	0.0	3.94263693853e-05	0.0	0.0	1	0.785878777277	1	0.0	1	1	0.0	0.0339149600222	0.0336329382386	0.0	0.0	1	0.0	1	1	4.66771088048e-06	0.0	0.0	0.0	0.0	1	0.0948821904939	1	1	1.73764708524e-05
GO_SYNAPSE	0.000121118238498	5.4629148778e-06	0.000759676147197	0.508987653584	2.98870033431e-05	3.43674682102e-06	8.85288362173e-06	0.0	0.336016867057	1	3.1806970946e-06	1	1	1	1	0.0344483475599	0.255171244639	1	1.24467400856e-05	1.89214544786e-05	3.2745106946e-06	8.32724662558e-06	0.0261461977332	1	1	5.56094170689e-06	0.941886915398	0.0471283849383	1.32966174959e-07	1.42027292931e-05	4.21046465826e-05	0.000238177324627	6.92909702449e-06	1	3.78391283307e-06	1	0.412783506876	9.69136586049e-06	4.50219981163e-06	0.0	1.07659245359e-05	0.0	1	0.0167661690713	0.0840404059833	0.158159479446	1.35573679345e-05
GO_SYNAPSE_ASSEMBLY	1	1	1	1	1	1	1	1	1	1	1	1	0.786148922362	1	1	1	1	1	1	1	1	1	1	1	1	1	1	1	0.0289463436013	1	1	1	1	1	1	1	1	1	1	1	1	1	1	1	1	1	1
GO_SYNAPSE_ORGANIZATION	0.0532881780433	0.000242299046971	1	1	1	0.0155267286705	0.644779207843	0.0707530708231	1	1	1	1	1	1	1	1	1	1	0.000323665983718	0.952043827246	1	0.18147030375	1	1	1	0.0293977916025	1	0.650400514485	0.111417047123	0.193134389874	1	1	1	1	0.000852052266887	1	1	1	0.648245349536	0.000579159519732	1	0.461853939017	1	1	1	1	1
GO_SYNAPTIC_MEMBRANE	1	0.003951402701	1	1	0.171981104395	0.125468660066	0.00108150135287	0.0519236575963	1	1	0.00232868464639	1	1	1	1	1	1	1	4.6758320789e-05	0.646472150856	0.00367503452406	1.00380935466e-05	1	1	1	0.0177245436423	1	1	4.93311125194e-06	0.00643697959156	1	0.760520496753	0.000914851279559	1	0.055676363264	1	1	0.00293721125034	0.00458965034872	9.25284782349e-06	0.0399218317328	0.00321535503955	1	1	1	1	1
GO_SYNAPTIC_SIGNALING	0.163108435904	0.0	0.241521561579	1	0.203709042397	0.0	0.0	0.00240644297851	1	1	0.0790423667964	1	1	1	1	1	1	1	0.0	3.21939096248e-05	8.11015718789e-05	0.0	0.0394964457249	1	1	4.1624375962e-05	1	0.0134686773837	0.0	1	1	0.0733990944148	0.000344039257849	1	0.000460934396794	1	1	0.000153575770359	0.0	0.0	0.0156935446718	0.0	1	1	1	0.692944007945	0.0462272164348
GO_SYNAPTIC_VESICLE_EXOCYTOSIS	1	0.0355340489519	1	1	1	1	0.0226864479856	1	1	1	1	1	1	1	1	1	1	1	1	1	0.481868289693	0.569948326014	1	1	1	1	1	1	0.00890444150466	1	1	1	1	1	1	1	1	1	1	1	0.470649970686	0.000784789285406	1	1	1	0.677362683708	1
GO_SYNAPTIC_VESICLE_LOCALIZATION	1	1	1	1	0.0541814866025	1	0.0401456631522	1	1	1	1	1	1	1	1	1	1	1	0.0333313395492	0.0831828083275	0.234666030755	1	1	1	1	1	1	1	1	1	1	1	1	1	1	1	1	1	1	1	1	1	1	1	1	1	1
GO_SYNAPTIC_VESICLE_MEMBRANE	1	0.637404044219	1	1	1	1	1	1	1	1	1	1	1	1	1	1	1	1	0.0756590819945	1	1	1	1	1	1	1	1	1	1	1	1	1	1	1	1	1	1	1	1	0.108124905723	1	1	1	1	1	1	1
GO_TAXIS	1	1	1	1	1	0.00029831893847	1	1	1	1	1	1	1	1	1	1	1	1	0.0824242187938	1	1	1	1	1	1	0.0979706548996	1	1	1	1	1	1	1	1	1	1	1	1	1	0.266487991896	1	1	1	1	1	1	1
GO_TRANSMEMBRANE_TRANSPORT	1	1	1	1	1	1	0.217981584258	1	1	1	1	1	1	1	1	1	1	1	1	1	1	1	1	1	1	1	1	1	1	1	1	1	1	1	1	1	1	1	1	1	1	1	1	1	1	1	1
GO_TRANSPORTER_ACTIVITY	1	1	1	1	1	0.561636172087	1	1	1	1	1	1	1	1	1	1	1	1	1	1	1	1	1	1	1	1	1	1	1	1	1	1	1	1	1	1	1	1	1	1	1	1	1	1	1	1	1
GO_TRANSPORTER_COMPLEX	1	1	0.0695508680247	1	1	0.00673851627402	0.348638203205	1	1	1	1	1	1	1	1	1	1	1	1	1	1	0.109131517527	1	1	1	0.000959135609354	1	1	1	1	1	0.0734277699528	1	1	1	1	1	1	1	0.0375803886721	1	1	1	1	1	1	1
GO_TRANSPORT_VESICLE	1	0.241928343811	1	1	1	1	0.0627759338773	1	1	1	1	1	1	1	1	1	1	1	1	1	1	1	1	1	1	1	1	1	1	1	1	1	1	1	1	1	1	1	1	0.0110468079884	1	0.689645537426	1	1	1	1	1
GO_TRANSPORT_VESICLE_MEMBRANE	1	0.058738647407	1	1	1	0.370051419842	0.00457775289174	1	1	1	1	1	1	1	1	1	1	1	0.0689090352779	1	1	0.300306797309	1	1	1	1	1	1	1	1	1	1	1	1	1	1	1	0.147812282568	1	0.153271789338	1	1	1	1	1	1	1
GO_TUBULIN_BINDING	1	1	1	1	1	0.740025017024	1	1	1	1	1	1	1	1	1	1	1	1	1	1	1	1	1	1	1	1	1	1	1	1	1	1	1	1	1	1	1	1	1	0.0156660913516	1	1	1	1	1	1	1
GO_VESICLE_MEDIATED_TRANSPORT_IN_SYNAPSE	1	3.88092657122e-05	1	1	0.174389286937	0.734358558482	8.83948115504e-06	1	1	1	1	1	1	1	1	1	1	1	0.00309953704854	0.0152426176483	0.00260393397747	0.000539251905229	1	1	1	1	1	1	0.0	1	1	0.323662329855	0.561657484275	1	0.247440761434	1	1	0.0477984706493	0.0199401357209	0.000404203720387	0.000672064504252	0.0	1	1	1	0.901819011095	1
GO_VOLTAGE_GATED_CATION_CHANNEL_ACTIVITY	1	1	0.505280420511	1	1	0.00125332940455	0.144198867719	1	1	1	0.412788304329	1	1	1	1	1	1	1	1	1	1	0.00101118064504	1	0.645017658703	1	0.430515310785	1	1	1	1	1	1	1	1	1	1	1	1	1	0.585759356843	1	1	1	1	1	1	1
GO_VOLTAGE_GATED_ION_CHANNEL_ACTIVITY	1	1	0.0118270188498	1	1	0.0	0.0106197396119	1	1	1	1	1	1	1	1	1	1	1	1	1	0.609410218408	0.000530194093584	1	0.156954967946	1	0.0790547687137	1	1	1	1	1	1	1	1	1	1	1	1	0.200378321445	0.0625938183896	1	1	1	1	1	1	1
GO_VOLTAGE_GATED_POTASSIUM_CHANNEL_ACTIVITY	1	1	0.151562399064	1	1	0.0192806371563	1	1	1	1	0.493930310041	1	1	1	1	1	1	1	1	1	1	0.157681805086	1	0.189438116068	1	1	1	1	1	1	1	1	1	1	1	1	1	1	1	0.994014066068	1	1	1	1	1	1	1
