Gene	baseMean	log2FoldChange	lfcSE	stat	pvalue	padj	wt_0_24h_24hpi_1	wt_0_24h_24hpi_2	wt_0_24h_24hpi_3	wt_100_24h_24hpi_1	wt_100_24h_24hpi_2	wt_100_24h_24hpi_3
AK126532	16.4361134896042	-21.8432472790735	3.91070322964071	-5.58550367962344	2.33023853826392e-08	2.96631849022487e-06	0	98.6166809376254	0	0	0	0
TSNAX-DISC1	3.72735635330265	-5.6141180409293	1.67628255488588	-3.34914780599832	0.000810605399015407	0.0423123151533677	5.81934489841802	5.61233143547462	10.9324617859233	0	0	0
HV535469	7.06603539186822	-4.59204069605154	1.28703423386208	-3.56792428300213	0.000359820441899444	0.0216269234424103	11.638689796836	10.42290123731	18.4485292637455	0.78964273141372	0	1.09644932190407
MUC5AC	3076.35999396236	-1.94758163689657	0.332998646476924	-5.84861727668173	4.95676106009982e-09	7.24458166495034e-07	3887.32239214324	5893.74976888199	4877.24451424501	1386.61263636249	1609.53329918577	803.697352955686
CR627206	32.4509790689975	-1.86364534607641	0.523658751100944	-3.55889277541579	0.000372421525580199	0.0221332804856112	61.1031214333893	45.7004131174362	47.146241451794	16.5824973596881	18.6913544421573	5.48224660952037
BC010924	72.1708470266116	-1.65865788193518	0.410877893529499	-4.03686328239049	5.41706156801075e-05	0.00419153105091843	154.212639808078	102.625489105822	73.794117054982	26.0582101366528	40.1517984313009	36.1828276228344
ATP13A4	63.8570125899777	-1.60077879841052	0.341715197529274	-4.68454083981263	2.80588219204678e-06	0.000272723455819088	101.838535722315	93.0043495021508	94.2924829035881	26.8478528680665	40.8440708180475	26.3147837256978
ARHGEF26-AS1	92.3674403328541	-1.39633573714343	0.409128120303949	-3.41295469034508	0.000642626255730078	0.035221274032806	136.754605112824	162.757611628764	103.175108104651	60.0128475874427	62.9967871939376	28.5076823695059
AX747756	245.051070169057	-1.39114359693525	0.358007428740101	-3.88579533623356	0.000101995410168567	0.00727803142680253	407.354142889262	400.880816819616	258.279409692437	146.873548042952	170.299007139656	86.6194964304218
IFNE	134.521320651532	-1.38772511654771	0.293910173172971	-4.72159606306318	2.34001063261876e-06	0.000229392788403152	203.677071444631	229.30382722082	151.004628418065	69.4885603644074	69.2272386746567	84.4265977866137
SLITRK6	76.6890269128923	-1.28023237613069	0.351910255727459	-3.63795131086541	0.000274815359881725	0.0172687320567717	107.657880620733	138.704762619587	79.9436268095638	46.5889211534095	47.7667946855131	39.4721755885467
DPCR1	346.192641428606	-1.24764782874355	0.356115565414778	-3.50349142220273	0.000459201444759311	0.0264154627013002	590.66350718943	441.770660135216	431.832240543968	221.889607527255	269.293958444415	121.705874731352
TSIX	83.088844665117	-1.23923508973749	0.36381668036884	-3.40620745723133	0.000658721036496627	0.0359064781580616	154.212639808078	116.255436877689	81.9934633944244	41.0614220335134	56.7663357132185	48.2437701637792
AX747833	74.9683896441936	-1.21078589755138	0.33955078906859	-3.56584621956745	0.000362684006626285	0.0216852064689189	125.115915315988	101.021965838543	90.1928097338668	46.5889211534095	53.9972461662322	32.8934796571222
LINC00842	164.360525726197	-1.19168569761715	0.252429597089592	-4.72086360457247	2.34845386738821e-06	0.000229392788403152	215.315761241467	266.184862368225	204.300379624441	101.074269620956	109.379037105958	89.908844396134
MALAT1	5873.62098515019	-1.18783525833676	0.306603954370102	-3.8741680966806	0.000106989547122571	0.00753932412241231	10064.557001814	8556.40015419788	5873.46509448727	3574.71264510991	4427.0819132443	2745.5091020478
DKFZp564E1082	230.760513960242	-1.18224237410227	0.296920884599973	-3.98167469996273	6.84313954799069e-05	0.00517325618472813	352.070366354291	385.64734578047	224.798745473047	141.346048923056	150.223107924005	130.477469306585
C14orf105	1162.56898823447	-1.16797934944588	0.317192433690694	-3.68224215141533	0.000231191654442041	0.0149073285418167	1614.868209311	1855.27642024118	1358.35837690096	800.697729653512	886.800927422353	459.412265877807
LOC100506123	106.728983527376	-1.16536147251227	0.272000877807682	-4.28440335158125	1.83230236772876e-05	0.00155832577662311	145.483622460451	144.317094055062	153.054465002926	54.4853484675467	76.1499625421224	66.8834086361485
AK057596	505.074575390369	-1.08578635510996	0.299973979639477	-3.61960179484535	0.000295056723023185	0.0183074345973914	896.179114356376	695.929097998853	471.46241451794	312.698521639833	353.751189627496	300.427114201716
CATSPERB	96.420098993742	-1.06576787423409	0.251270559926604	-4.24151510047737	2.22015949250945e-05	0.00185618504011457	136.754605112824	128.281861382277	127.089868261358	61.5921330502702	62.3045148071911	62.4976113485322
GABRE	406.641472554256	-1.03772802377439	0.271426651141579	-3.82323555704595	0.000131711839992516	0.00902363303782061	526.650713306831	509.118637360912	603.335234810639	201.358896510499	261.678962190202	337.706391146455
UCP2	1106.72819162049	1.00666494951521	0.286578314508872	3.51270455072776	0.000443570420811578	0.0255909005059452	794.34057863406	575.664852952968	837.699884346369	1261.84908479912	1264.08937819923	1906.72537079118
ITPRIP	391.161629772941	1.01539453035434	0.256864973380582	3.95302838293134	7.71682794420454e-05	0.00574568800630566	241.502813284348	242.132013359048	291.760073911827	536.95705736133	622.352875685164	412.264945035932
PDE6B	197.675105604246	1.01751627295591	0.258737315098641	3.9326228324198	8.40240199546574e-05	0.006209280665638	139.664277562033	106.634297274018	146.904955248344	238.472104886943	256.14078309623	298.234215557908
MATN2	714.482149099997	1.0393313746436	0.236112643973203	4.40184547999707	1.07333989695213e-05	0.000953967094899211	485.915299017905	405.691386621451	513.142425076773	1008.37376801532	1093.09809867283	780.671917195701
FAM46C	449.895446101644	1.06242145855189	0.254650594666867	4.17207530947158	3.0183783330406e-05	0.002481484287051	293.87691737011	243.735536626326	336.85647877876	641.189897907941	688.118752426088	495.595093500641
HCP5	75.7345800849325	1.06807672037347	0.318666765672519	3.35170414812285	0.000803157984138547	0.0422589604934338	37.8257418397172	61.7356457902208	44.4131260053132	107.391411472266	101.071768464999	101.969786937079
UNC93A	173.711017535107	1.07859281532454	0.317256198425882	3.39975332452494	0.000674466702845151	0.0365601717413123	142.573950011242	95.4096344030685	101.12527151979	187.145327345052	216.681257051676	299.330664879812
AMPD3	189.544571259351	1.07892437374492	0.272228564744531	3.9633033174069	7.39197663577136e-05	0.00554566885933098	110.567553069942	113.048390343132	140.072166632142	270.057814143492	296.292581527531	207.22892183987
KIAA1324	1521.17821155721	1.08466591128389	0.277499354203047	3.90871508295562	9.27883166903796e-05	0.0066992995196905	1163.8689796836	1026.25489105822	739.99100713468	1913.30433821544	2533.71693549244	1749.9331177589
GADD45G	464.456127543968	1.08603390003665	0.279809724881095	3.88133007349246	0.000103886728358948	0.00737334186061296	299.696262268528	238.123205190852	353.938450319265	557.487768378086	552.433364623761	785.057714483317
SIDT1	279.377812248214	1.11173922395218	0.294789345836152	3.77130055633048	0.000162398928257824	0.0107526619243461	171.670674503332	179.594605935188	179.019061744493	419.300290380685	462.437954346707	264.244286578882
CRISPLD2	235.366918442339	1.11809065678044	0.224615298604547	4.97780277535293	6.43101350834957e-07	6.74948550708752e-05	133.844932663615	167.568181430599	141.438724355382	345.863516359209	327.444838931126	296.0413169141
LRIG1	1231.38849388394	1.11813546837469	0.276024765352282	4.05085198405169	5.10314821957549e-05	0.00399291627230352	771.063199040388	784.122877699168	775.521507938931	1820.12649590862	2071.97125353248	1165.52562918403
FAIM2	140.965172860194	1.12146808913962	0.330518693010172	3.39305495530658	0.000691177702728125	0.0370587697079583	122.206242866779	72.96030866117	76.5272325014628	196.621040122016	151.607652697498	225.868560312239
CD99L2	347.285944598502	1.13744938860328	0.322363568667229	3.52846754149646	0.000417973202868827	0.024399494869245	200.767398995422	217.277402716232	232.314812950869	537.746700092743	591.892890668315	303.716462167428
YPEL1	124.721402036682	1.1681073419897	0.321623301492075	3.63191142112719	0.000281329695502243	0.0175674166598382	78.5611561286433	65.744453958417	86.0931365641456	127.132479757609	181.375365327601	209.421820483678
QDPR	544.731328343041	1.16916799277947	0.306685745861563	3.81226714497266	0.000137697932104567	0.00936868240812145	360.799383701918	279.814810140092	366.237469828429	593.811334023117	640.351957740575	1027.37301462412
TMEM198	119.89756770953	1.18399374569588	0.276071604690307	4.2887197581369	1.79705940541011e-05	0.00153496879342627	64.0127938825983	64.9426923247777	88.1429731490062	165.035330865467	158.530376564964	178.721239470364
PLTP	509.075188912	1.18708194167812	0.306229360822027	3.87644717832272	0.000105992806907066	0.00749585689277175	285.147900022483	250.951391329079	393.568624293237	623.817757816839	589.816073508075	911.149386502285
SOX4	5989.26964195216	1.20020109011614	0.16870591319113	7.11416136763627	1.12595354437976e-12	3.52637926732652e-10	3546.89071558579	3453.98911771781	3894.68951123516	7933.54052251364	9198.91547508839	7907.59250957218
NINJ1	897.766179048429	1.20029951649064	0.353372040161829	3.39670200262859	0.000682031967244112	0.0366680456285929	517.921695959204	542.79262597376	571.22112831449	866.238076360851	987.180423500605	1901.24312418166
SLC7A4	285.622905284391	1.20227274718968	0.311437814945041	3.86039424082733	0.000113204230111428	0.00789269492695614	136.754605112824	143.515332421422	234.36464953573	369.552798301621	361.366185881708	468.183860453039
PPP1R3C	891.1252163493	1.20802496772725	0.250701259914925	4.81858355293944	1.44580977469936e-06	0.000146293705972272	622.669904130729	406.49314825509	590.352936439856	1156.03695878969	1183.09350894988	1388.10484153056
FAM110B	117.030634542777	1.24062120651433	0.31603167575766	3.92562297288726	8.65055618339269e-05	0.0063451347232164	75.6514836794343	60.9338841565816	73.1108381933617	127.132479757609	159.22264895171	206.132472517966
SRM	516.284515159374	1.24607344813076	0.348761589094271	3.57285173337692	0.000353114712901716	0.0213067474014182	302.605934717737	326.316984891167	289.026958465346	522.743488195883	570.432446679171	1086.58127800694
GRHL3	226.261020062215	1.2505052657859	0.208971990236583	5.98408075824022	2.17615329382322e-09	3.51948201970705e-07	119.29657041757	143.515332421422	135.2892146008	314.277807102661	318.445297903421	326.741897927414
CTSL2	198.678002046561	1.251614845672	0.29080687579762	4.3039382828865	1.67788422984732e-05	0.00143961242298313	133.844932663615	108.237820541296	112.741012167334	235.313533961289	242.295335361299	359.635377584536
MMP11	100.504221887465	1.26042650151295	0.265529928421587	4.74683403488794	2.06625358450247e-06	0.000204870600380996	52.3741040857622	59.3303608893031	63.5449341306789	135.81854980316	138.454477349313	153.50290506657
CCDC85B	303.043778335692	1.26160636122484	0.334295398923901	3.77392678836132	0.000160697937466462	0.0107119290680769	177.49001940175	135.49771608503	221.382351164946	364.025299181725	347.520738146777	572.346546033927
SFTPA2	255.374599108842	1.27586005155986	0.208577344018693	6.11696374581084	9.53750534686756e-10	1.65819858730341e-07	148.39329490966	141.911809154144	157.154138172647	331.649947193762	381.442085097359	371.696320125481
AGT	568.484416825015	1.30692810756874	0.262708936631377	4.97481404449733	6.53103041935797e-07	6.81818842351069e-05	311.334952065364	292.642996278319	375.803373891112	649.875967953492	780.190979863381	1001.05823089842
HSPA2	55.2343662791108	1.31963746630103	0.394322414930246	3.34659511185655	0.000818106084189025	0.042591163976606	23.2773795936721	29.6651804446516	39.6301739739718	86.8607004555092	92.76449982404	59.20826338282
PODXL2	133.696273868887	1.34645736164962	0.255846663823416	5.2627512961394	1.41915493507158e-07	1.60007691565128e-05	90.1998459254794	65.744453958417	74.4773959166021	180.038542762328	191.067178742053	200.650225908445
NNMT	253.289431134477	1.36364089427363	0.386893170897357	3.52459282522565	0.000424134183468218	0.0246135046294453	136.754605112824	157.145280193289	130.506262569459	269.268171412079	260.294417416709	565.767850102502
RCOR2	331.622174318517	1.38222175425377	0.345241512525204	4.0036371760272	6.23760051793365e-05	0.00477031379144763	192.038381647795	141.911809154144	218.649235718465	554.329197452431	572.509263839411	310.295158098853
STMN3	136.29887477691	1.3865192130371	0.276094286452952	5.02190476612189	5.11615508519328e-07	5.42725032182519e-05	61.1031214333893	68.9515004929739	92.2426463187274	186.355684613638	206.297171250477	202.843124552254
SMAD9	33.2310853483405	1.38733540940421	0.40529720249279	3.42300761236784	0.00061932342895247	0.0341337166945843	14.5483622460451	19.2422792073416	19.8150869869859	51.3267775418918	42.9208879782872	51.5331181294915
PRRT3	79.7844707354047	1.38817359775163	0.365579980373645	3.79718166277275	0.000146350538953334	0.00982191321118444	52.3741040857622	44.898651483797	37.5803373891112	123.973908831954	139.839022122807	80.0408004989974
FAM126A	107.194153822689	1.38933934612885	0.3568035394917	3.89384967455227	9.8665806003496e-05	0.00707918188456356	75.6514836794343	64.9426923247777	40.9967316972122	186.355684613638	150.223107924005	124.995222697064
GOLGA7B	515.618056216625	1.40575727150829	0.261983375217568	5.36582624886351	8.05794841005289e-08	9.52044192088345e-06	226.954451038303	254.960199497276	360.087960073847	706.730244615279	835.572770803107	709.402711271936
NOXO1	226.933048397572	1.41883889816361	0.392267382595907	3.61701982146506	0.000298014490389728	0.0183753872183742	96.0191908238974	79.3744017302839	192.001360115277	311.908878908419	314.983935969688	367.310522837865
CYP27A1	378.256432143076	1.44178229616363	0.309545839776657	4.65773436723913	3.19708361731378e-06	0.000306221635209797	145.483622460451	189.215745538859	269.89515033998	454.834213294303	614.737879430952	595.371981793912
TUBB3	2191.40204016007	1.44306382802105	0.276130712383424	5.22601711184256	1.73200337307423e-07	1.90917086894568e-05	1207.51406642174	975.743908138945	1352.20886714638	2537.12209603228	2960.84899811507	4114.97430510599
MEX3A	391.644925989136	1.45134117886755	0.423630065874623	3.42596358422088	0.000612622511123668	0.0340067782058639	203.677071444631	198.03512350889	227.531860919528	692.516675449832	764.960987354957	263.147837256978
PCBP4	740.690691977083	1.4545850561356	0.197200705352012	7.37616558490043	1.62913377214738e-13	5.74007829611429e-11	395.715453092426	377.629729444078	414.066990141843	971.260559638876	1050.86948308129	1234.60193646399
SLC25A34	36.8809214612405	1.47047661578568	0.400536203558768	3.67127016913947	0.000241348051357478	0.0155115257372456	20.3677071444631	22.4493257418985	16.3986926788849	52.9060630047192	60.9199700336979	48.2437701637792
MSI1	34.0923011509217	1.47277818986765	0.443963682193113	3.31733934314706	0.000908791642484757	0.0465749815529006	14.5483622460451	14.4317094055062	23.9147601567071	48.9578493476506	58.8431528734582	43.8579728761629
MAD2L2	227.597295651353	1.47793944453638	0.40129085128425	3.68296321684516	0.000230538435201954	0.0149073285418167	104.748208171524	99.4184425712647	154.421022726166	248.737460395322	250.602604002257	507.656036041586
CTXN1	243.780432415056	1.48031393519287	0.441812175554591	3.35055034038996	0.000806511486011675	0.0423123151533677	136.754605112824	96.2113960367078	153.054465002926	230.575677572806	261.678962190202	584.407488574871
ASRGL1	140.673098189083	1.48335743580524	0.255328198353933	5.80961071032598	6.26182745482724e-09	8.95305199356495e-07	72.7418112302253	68.9515004929739	79.9436268095638	183.197113687983	211.143077957703	228.061458956047
MS4A8	342.180123191386	1.51294733608441	0.458160068736021	3.3022243519789	0.000959213148431298	0.0484046921526802	174.580346952541	162.757611628764	194.734475561758	284.271383308939	360.673913494962	876.063008201355
MRPL34	490.251501124868	1.52377986834653	0.460891122176396	3.30616016457644	0.000945840058771139	0.0480988922670447	229.864123487512	237.321443557212	290.393516188586	496.68527805923	415.36343204794	1271.88121340873
AMBP	60.1944416053512	1.53451014151932	0.349377959862954	4.39212061951832	1.12250391067323e-05	0.000993189446703742	23.2773795936721	36.8810351474046	30.0642699112889	78.1746304099583	101.764040851745	91.0052937180381
BAI2	50.5020666102145	1.53468530136182	0.438233804119706	3.50197836619333	0.000461817115559224	0.0264645145544828	29.0967244920901	16.0352326727846	33.48066421939	79.7539158727857	86.5340483433209	58.1118140609159
LEFTY1	46.0200258147609	1.55963590952839	0.46705345263255	3.33930923909778	0.000839870123680491	0.0435075792360443	20.3677071444631	28.0616571773731	20.4983658486061	48.1682066162369	58.1508804867116	100.873337615175
SAP30	190.854641972348	1.56727657354096	0.429021805029991	3.65313966601628	0.000259053231510129	0.0164353032505671	78.5611561286433	93.8061111357901	114.107569890574	206.096752898981	193.143995902292	459.412265877807
DPYSL3	674.031004099495	1.5698307949155	0.28037413536114	5.59905710593974	2.15520799773103e-08	2.77937313746608e-06	305.515607166946	399.277293552337	312.258439760433	1090.49661208235	1197.63122907156	739.006842963346
PLCG2	185.07648223674	1.58755500544695	0.287529960832181	5.5213550645372	3.36395228598272e-08	4.17447437451101e-06	75.6514836794343	80.9779249975624	116.840685337055	305.59173705711	287.985312886572	243.411749462704
NREP	841.876622943727	1.59655190697647	0.28388552008844	5.62392864024588	1.86662783687594e-08	2.47184119794626e-06	410.263815338471	359.990973504015	483.761434027104	1044.69733366035	1090.32900912584	1662.21717200658
LTBP2	64.9584704171892	1.61542639369386	0.365791593821063	4.41624799744328	1.00428858207585e-05	0.000896634299227987	43.6450867381352	33.6739886128477	22.5482024334667	87.6503431869229	102.456313238492	99.7768882932707
EVA1A	62.8591972899253	1.6292343958243	0.40908672396467	3.98261371093775	6.81614944319398e-05	0.00517267094860233	23.2773795936721	39.2863200483223	27.3311544648081	76.5953449471308	82.3804140228415	128.284570662777
SAMD14	36.3920827456358	1.63160105276451	0.407091558095568	4.00794617406799	6.1249074753894e-05	0.0047023560076618	23.2773795936721	14.4317094055062	17.7652504021253	52.9060630047192	59.5354252602048	50.4366688075874
SHF	436.867439251991	1.65077120464908	0.280440234215452	5.88635653249689	3.9480215734913e-09	6.08581356769976e-07	192.038381647795	160.352326727846	278.094496679423	657.772395267629	686.041935265848	646.905099923404
C14orf132	434.861859861157	1.66319554524668	0.347232895921122	4.78985592892816	1.66901102669658e-06	0.000168016615141582	180.399691850959	186.008699004302	257.596130830817	746.212381185965	824.496412615162	414.45784367974
KCTD12	367.269174502014	1.67330693596928	0.265941566319112	6.29200977917617	3.13381735624949e-10	6.00323788894744e-08	162.941657155705	139.506524253226	221.382351164946	554.329197452431	605.738338403246	519.716978582531
EPHB3	312.664107026483	1.68300257522841	0.379412220847749	4.43581540802233	9.17244228473699e-06	0.000826399354886509	128.025587765197	158.748803460568	157.154138172647	576.439193932016	594.661980215301	260.95493861317
MPP2	34.260474542932	1.68334160388894	0.499336655373563	3.37115568379333	0.000748535435968595	0.0399171694245847	14.5483622460451	9.62113960367078	23.9147601567071	56.8542766617878	56.7663357132185	43.8579728761629
MLLT11	60.4889966558812	1.69519583630884	0.492602946959304	3.44130266936647	0.000578920563336978	0.0324508001000054	23.2773795936721	27.2598955437339	33.48066421939	73.436774021476	57.4586080999651	148.02065845705
SMOC2	185.285100876281	1.70989137193863	0.484499821448391	3.52918885878426	0.000416835542586598	0.024399494869245	69.8321387810163	46.5021747510754	142.122003217002	315.067449834074	349.597555307016	188.589283367501
KCNJ11	64.8579967255929	1.71518038671168	0.374272240963289	4.58270798362498	4.58992809042636e-06	0.000429212659489111	17.4580346952541	34.4757502464869	34.8472219426304	91.5985568439915	119.763122907156	91.0052937180381
GPC2	76.4298003768878	1.72585976617953	0.483793567140263	3.5673474874443	0.000360613137324666	0.0216269234424103	40.7354142889262	28.0616571773731	38.9468951123516	116.077481517817	174.452641460135	60.3047127047241
DRD2	32.6557243344224	1.74448928033242	0.453825679314613	3.84396335387417	0.000121063091757715	0.00835208343871148	8.72901734762704	16.8369943064239	17.0819715405051	43.4303502277546	61.6122424204445	48.2437701637792
CACNG4	58.9234348516741	1.75247651764582	0.453274785457613	3.86625635016642	0.000110518769696439	0.00776030549779517	17.4580346952541	22.4493257418985	38.2636162507314	68.6989176329936	121.147667680649	85.5230471085178
DLL4	195.725398159852	1.75984052121309	0.30726678994445	5.72740230576577	1.01980129408829e-08	1.37819858449699e-06	84.3805010270614	84.1849715321193	98.3921560733093	314.277807102661	373.827088843146	219.289864380815
RGS5	310.077673669184	1.7626662223077	0.492657367866027	3.57787447682512	0.000346399725634598	0.0209656840076572	113.477225519151	203.647454944365	104.541665827891	242.420318544012	422.286155915406	774.093221264276
CPLX1	85.1083889978953	1.7873770024433	0.425650185354327	4.19916885729867	2.67896494353988e-05	0.00221165930129646	20.3677071444631	36.0792735137654	53.9790300679961	123.973908831954	170.991279526402	105.259134902791
H1FX-AS1	19.7042218588891	1.81078155869464	0.526091284658355	3.44195315813028	0.000577530246703805	0.0324508001000054	8.72901734762704	7.21585470275308	10.249182924303	30.0064237937214	34.6136193373284	27.4112330476018
HMGB3	782.395356754763	1.81098617760232	0.29106046929766	6.22202727141992	4.90771701838192e-10	9.04992191492464e-08	320.063969412991	459.40941607528	260.329246277297	1198.67766628603	1382.46795633289	1073.42388614409
TFPI2	395.87855454525	1.82195279921131	0.461906721843917	3.94441715837807	7.99943006400251e-05	0.00593371257867795	250.231830631975	121.066006679524	156.470859311027	426.407074963409	416.747976821433	1004.34757886413
COL16A1	219.519241222269	1.87592379595901	0.277097645511757	6.76990160812973	1.28870006226014e-11	3.48319738745956e-09	66.9224663318073	98.6166809376254	110.007896720853	304.012451594282	385.595719417838	351.960232331208
SYNGR3	49.5725690282465	1.87998981008967	0.524296686983186	3.58573658152824	0.000336128120421087	0.020532953387085	11.638689796836	16.8369943064239	32.1141064961496	58.4335621246153	64.3813319674308	114.030729478024
G0S2	63.3024582468709	1.90272526239793	0.451912592995362	4.21038336149544	2.54937717373149e-05	0.00211351937037378	34.9160693905081	19.2422792073416	28.0144333264283	84.491772261268	70.6117834481499	142.53841184753
C9orf16	2227.59013145973	1.97189427190776	0.449813083199112	4.38380817623949	1.16622473290494e-05	0.00102726697343515	1009.65633987553	689.515004929739	1016.71894609086	2214.94786161548	2319.80476798775	6114.89786825902
FAM65C	98.9942171165695	1.97381530458955	0.405844396796354	4.86347802303152	1.15340837427535e-06	0.000117916583589777	34.9160693905081	40.0880816819616	44.4131260053132	163.45604540264	214.604439891436	96.4875403275585
PTP4A3	61.1267255140362	2.01618884023286	0.490243899177501	4.11262402982574	3.9118718068077e-05	0.00313760742358223	17.4580346952541	26.4581339100946	26.6478756031879	67.1196321701662	73.3808729951361	155.695803710378
LOC100188947	54.0207378677493	2.03431693525815	0.594844393120255	3.4199144495372	0.000626408320307402	0.0344280294372851	26.1870520428811	19.2422792073416	19.1318081253657	41.8510647649272	60.9199700336979	156.792253032283
KCNF1	59.7849091706087	2.04212599983702	0.354111040698641	5.76690858270904	8.07388184067639e-09	1.11402631187682e-06	23.2773795936721	20.0440408409808	26.6478756031879	109.760339666507	93.4567722107866	85.5230471085178
SLC38A5	85.5797114241583	2.04789311651445	0.312808490635269	6.54679517284034	5.87848998091276e-11	1.364570421334e-08	29.0967244920901	34.4757502464869	34.8472219426304	123.973908831954	160.607193725204	130.477469306585
SFRP1	350.042343170405	2.09341464361583	0.269892120750906	7.75648669472617	8.73144654776162e-15	3.3130802275747e-12	98.9288632731064	149.929425490536	143.488560940243	540.115628286984	672.196487530917	495.595093500641
TMEM158	91.2647446001255	2.14852344577019	0.473494041299104	4.53759341907531	5.68998270484101e-06	0.000524621723127187	32.0063969412991	25.6563722764554	42.3632894204526	93.9674850382327	121.147667680649	232.447256243664
PROX1	453.210942073174	2.14899359247806	0.396727924751241	5.41679437822669	6.06770525595699e-08	7.25587226698712e-06	160.031984706496	188.413983905219	151.687907279685	747.002023917379	1073.02219945718	399.107553173083
STARD9	27.7965884882921	2.16491703922624	0.620138308024461	3.49102290765248	0.000481174994948993	0.0273546018783664	2.90967244920901	17.6387559400631	7.51606747782224	49.7474920790644	56.0740633264719	32.8934796571222
HGFAC	27.1864356180653	2.19469109953459	0.513672351468693	4.27255057286913	1.9324970566095e-05	0.00163648495381811	5.81934489841802	13.6299477718669	8.19934633944244	37.9028511078586	52.6127013927391	44.954422198067
SSTR5-AS1	16.0333140096867	2.20971380925257	0.67107134087436	3.29281504761248	0.000991897005552902	0.0495471387761122	5.81934489841802	7.21585470275308	4.09967316972122	24.4789246738253	17.3068096686642	37.2792769447385
SBK1	150.336676562938	2.21560002000636	0.396189858040321	5.592268391133	2.24122013742095e-08	2.87152691762681e-06	52.3741040857622	52.11450618655	55.3455877912365	277.164598726216	324.67574938414	140.345513203721
GNG4	21.6116057498172	2.256551838783	0.63000143986764	3.58182012926365	0.000341208693442623	0.0207150422471274	0	10.42290123731	8.88262520106264	30.7960665251351	34.6136193373284	44.954422198067
RBP1	411.944722002176	2.26844976969854	0.415872880140926	5.45467107383831	4.90635799432694e-08	5.97576232012746e-06	151.302967358869	144.317094055062	129.822983707839	454.044570562889	474.898857308145	1117.28185902025
TP73	64.4464710192145	2.27491111634867	0.434618514346426	5.23427107050341	1.65637220881813e-07	1.83606067708936e-05	14.5483622460451	16.0352326727846	32.7973853577698	109.760339666507	122.532212454142	91.0052937180381
RIMBP2	255.685014972188	2.28561993984508	0.313647189957157	7.28723232035744	3.16387072184444e-13	1.04043888687854e-10	78.5611561286433	97.013157670347	84.043299979285	420.879575843513	545.510640756295	308.102259455045
HEYL	27.248692010273	2.30580449538777	0.473872179118587	4.86587859974524	1.13949450521559e-06	0.000117100865012546	8.72901734762704	10.42290123731	8.19934633944244	48.9578493476506	42.2286155915406	44.954422198067
RAB26	561.854971705514	2.32216287708794	0.384107108467844	6.04561286655373	1.48843108125837e-09	2.53174428140594e-07	168.761002054123	121.066006679524	269.89515033998	724.102384706381	862.571393886223	1224.73389256685
LOC145837	25.8240709830671	2.32997273222398	0.614023363859437	3.79459947188159	0.000147881986310347	0.00989104905725238	2.90967244920901	15.2334710391454	5.46623089296163	37.1132083764448	47.0745222987666	47.1473208418752
SEPT3	26.2025869118162	2.36219758695723	0.664864349982505	3.55290156107692	0.000381007011771853	0.0225755235713827	8.72901734762704	2.40528490091769	14.3488560940243	47.3785638848232	47.0745222987666	37.2792769447385
VSTM2L	777.881487210278	2.36967670014252	0.369463608983895	6.41382978599611	1.41908647701626e-10	2.89659960680273e-08	215.315761241467	174.784036133352	363.504354381948	1074.70375745407	1126.32717323666	1712.65384081416
IL17C	14.8622685411296	2.37021905640011	0.705898401176255	3.35773399181888	0.00078584199104044	0.0416813127022014	5.81934489841802	6.41409306911385	2.73311544648081	17.3721400911018	22.8449887626367	33.9899289790263
PPP1R14A	46.2734891586241	2.38558667343267	0.575485813714533	4.14534401471108	3.39303915502803e-05	0.00274377276917451	11.638689796836	16.0352326727846	15.7154138172647	43.4303502277546	58.1508804867116	132.670367950393
P2RX6	39.0332236548809	2.40061292503881	0.527167991504886	4.55379113247348	5.26876698468311e-06	0.000488065921947335	20.3677071444631	5.61233143547462	14.3488560940243	60.0128475874427	76.842234928869	57.0153647390118
AKR1B1	923.020841268454	2.42558498695268	0.275827207293231	8.79385688872254	1.44511622179425e-18	8.14673947777782e-16	267.689865327229	287.832426476484	310.891882037192	1355.81656983736	1257.85892671851	2058.03537721395
FJX1	160.352363992169	2.45180626182837	0.297506072422356	8.24119737074696	1.70495705836739e-16	7.64556993605612e-14	32.0063969412991	53.7180294538285	56.7121455144769	278.743884189043	241.603062974552	299.330664879812
LINC00930	19.3456977889262	2.45896907535923	0.671651899441983	3.66107663419425	0.000251157614816527	0.0160375109965854	2.90967244920901	9.62113960367078	4.09967316972122	21.3203537481704	40.8440708180475	37.2792769447385
DPYSL4	126.141677625738	2.47364738891418	0.531329707662155	4.65557892442755	3.23071615003527e-06	0.000307948117663506	37.8257418397172	13.6299477718669	63.5449341306789	185.566041882224	219.450346598662	236.83305353128
VWCE	21.9600229657437	2.48648067947729	0.577284188861867	4.30720384769149	1.65331232916663e-05	0.00143076778801696	5.81934489841802	4.00880816819616	9.56590406268285	33.95463745079	42.2286155915406	36.1828276228344
NPSR1-AS1	84.46682040803	2.5006622724513	0.354585193328434	7.05235954433965	1.75908945808195e-12	5.42321782772108e-10	14.5483622460451	24.8546106428162	32.1141064961496	157.928546282744	144.684928830033	132.670367950393
TSPAN11	25.6934645575758	2.50909420029571	0.690850174913256	3.63189341395297	0.000281349331737311	0.0175674166598382	2.90967244920901	8.81937797003154	9.56590406268285	50.5371348104781	63.6890595806842	18.6396384723693
MDK	2280.15027451354	2.529381801981	0.477369134839104	5.29858681130173	1.1670238862951e-07	1.3310143526294e-05	549.928092900503	748.845365819042	718.809362424454	2133.61466027987	2515.71785343703	7013.98631222036
JAM3	24.2003184920685	2.53205560840226	0.562783815259909	4.4991620934104	6.82218257277504e-06	0.000623187427515853	2.90967244920901	9.62113960367078	6.83278861620203	37.9028511078586	35.3058917240749	52.6295674513955
TUBA1A	2812.22629733972	2.54232171941344	0.620951452317161	4.094235885795	4.23562926039855e-05	0.00338353040230461	611.031214333893	1027.05665269186	832.233653453408	1971.73790034006	2201.42618985408	10229.872173365
NPTXR	156.483300092687	2.54384996233708	0.384931465256337	6.60857890804809	3.88026698768239e-11	9.45204295481004e-09	43.6450867381352	33.6739886128477	59.4452609609577	287.429954234594	331.598473251606	183.10703675798
LRRC10B	76.1269928175032	2.56974071122176	0.43911067013044	5.85214818500858	4.85263962634554e-09	7.14533078115103e-07	11.638689796836	16.0352326727846	34.1639430810102	134.239264340332	122.532212454142	138.152614559913
MEX3B	69.7336466256327	2.58474803257205	0.429286447207854	6.02103339013766	1.73306998535532e-09	2.87354654462569e-07	5.81934489841802	23.2510873755377	25.2813178799475	121.604980637713	134.993115415581	107.452033546599
DPEP1	51.2474935800536	2.60897242919647	0.382133722285668	6.82738077548181	8.64789424857411e-12	2.43759430598023e-09	14.5483622460451	14.4317094055062	14.3488560940243	77.3849876785446	91.3799550505469	95.3910910056544
BAI1	29.397187776926	2.63343196937102	0.663403191949763	3.96957988946553	7.19994641113855e-05	0.00542221918466315	11.638689796836	3.20704653455693	10.9324617859233	67.1196321701662	56.0740633264719	27.4112330476018
CYGB	36.9521079976095	2.63864806779415	0.603829339584232	4.36985733354892	1.24327736936478e-05	0.00109027136777495	2.90967244920901	10.42290123731	14.3488560940243	43.4303502277546	51.9204290059925	98.6804389713666
PCDHB16	41.4721574080331	2.65863571482877	0.454996544607587	5.84319979203736	5.12075399983112e-09	7.42923508607852e-07	5.81934489841802	10.42290123731	15.0321349556445	68.6989176329936	83.0726864095881	65.7869593142444
LRRN2	89.8263698310799	2.6689946251839	0.411925403124748	6.47931544143108	9.21396939121738e-11	2.0427059557091e-08	34.9160693905081	23.2510873755377	19.1318081253657	144.504619848711	204.220354090237	112.93428015612
DOCK8	20.8630027731268	2.68077881894815	0.683815516767273	3.92032463905103	8.84297639893142e-05	0.00643840469842494	8.72901734762704	5.61233143547462	4.09967316972122	27.6374955994802	56.0740633264719	23.0254357599855
RASL11B	121.556270182267	2.76965750824223	0.426733664188683	6.4903656324091	8.56283058078001e-11	1.91992284306103e-08	43.6450867381352	28.0616571773731	25.2813178799475	170.562829985364	153.684469857738	308.102259455045
CADPS	1022.41342310726	2.77383984955542	0.273601312211286	10.1382549196743	3.73715816527852e-24	3.51132703614812e-21	302.605934717737	239.72672845813	245.297111321653	1652.72223684892	2285.19114865042	1408.93737864673
LMX1B	20.5864745688417	2.78736454752008	0.676620448219591	4.11953932940475	3.79630624908616e-05	0.00305734361635588	0	5.61233143547462	7.51606747782224	39.482136570686	45.6899775252734	25.2183344037937
LINC00261	379.046504844973	2.79256415539815	0.309830902655296	9.01318794047163	2.00151864147218e-19	1.23412388484023e-16	122.206242866779	101.823727472182	69.0111650236405	667.248108044593	776.729617929648	537.260167732996
DYNC1I1	13.1539425883973	2.82352875593758	0.820837506098409	3.4398145003855	0.000582113016796786	0.0325373142618056	2.90967244920901	3.20704653455693	3.41639430810102	11.0549982397921	22.1527163758902	36.1828276228344
PPP1R16B	38.2789287674174	2.86015384329413	0.5867741646472	4.87436907692384	1.09156748004514e-06	0.000112762921197752	11.638689796836	11.2246628709492	6.14950975458183	90.8089141125778	74.7654177686293	35.0863783009304
CHRNA3	12.3145896039141	2.86208512460639	0.736631667612866	3.88536802101012	0.000102174988861401	0.00727803142680253	2.90967244920901	4.00880816819616	2.04983658486061	19.741068285343	22.1527163758902	23.0254357599855
CDKN1C	932.463524444578	2.90588770779388	0.331263203484599	8.77214153949634	1.75299853894153e-18	9.60789282551536e-16	171.670674503332	199.638646776169	282.194169849144	1198.67766628603	1574.91967984844	2167.68030940435
LIMD2	78.2751435252853	2.9157784401128	0.482637868918432	6.0413378806079	1.52841530836173e-09	2.57753525207566e-07	11.638689796836	21.6475641082592	19.1318081253657	95.5467705010601	110.071309492704	211.614719127486
NEURL	653.421091505039	2.92390837929585	0.29672916368427	9.85379510052808	6.60035760668892e-23	5.42631899739913e-20	130.935260214406	145.118855688701	176.969225159633	1131.55803411586	1475.23245615693	860.712717694698
MAP6	19.5616827604506	2.93348854157516	0.641939132933495	4.56973004304922	4.88352857750821e-06	0.000454513690390634	0	6.41409306911385	4.78295203134142	32.3753519879625	33.2290745638352	40.5686249104507
SEMA6B	18.7054613117749	2.93497172749922	0.694454124564368	4.22630037562284	2.37564829103351e-05	0.00197780238102878	2.90967244920901	2.40528490091769	6.83278861620203	41.0614220335134	35.9981641108215	23.0254357599855
C10orf10	1489.77767797627	2.95858856982439	0.244110463260204	12.1198761016268	8.28843435655988e-34	1.67538503217011e-30	384.07676329559	286.228903209206	353.255171457645	2162.83144134218	2662.4795994273	3089.79418912568
TUBB4A	23.867360880091	2.99437478337531	0.757349218596864	3.95375701175605	7.6933541022511e-05	0.00574568800630566	0	3.20704653455693	10.249182924303	28.4271383308939	44.3054327517803	57.0153647390118
GRASP	49.1336571521709	3.01662223635431	0.548081801323313	5.50396351251008	3.713464358266e-08	4.57939782830916e-06	5.81934489841802	6.41409306911385	17.7652504021253	69.4885603644074	82.3804140228415	112.93428015612
AK5	18.5873083284211	3.0231082076254	0.914988524625421	3.30398483288411	0.000953209890891471	0.0482250880953324	11.638689796836	2.40528490091769	1.36655772324041	15.7928546282744	27.6908954698627	52.6295674513955
PTCHD2	9.51542805110867	3.03386374755434	0.9058145811402	3.34932094351522	0.000810098979876231	0.0423123151533677	0	1.60352326727846	3.41639430810102	21.3203537481704	18.6913544421573	12.0609425409448
SERPINI1	89.3904309212736	3.07698275523612	0.424507862591836	7.24835280187646	4.21870568714804e-13	1.36457839201833e-10	23.2773795936721	16.0352326727846	19.1318081253657	127.132479757609	125.993574387875	224.772110990335
NPTX1	12.1352752970346	3.09039342481465	0.932655237939405	3.31354320342694	0.000921218737802671	0.0470895515947785	5.81934489841802	0	3.41639430810102	22.8996392109979	24.2295335361299	16.4467398285611
GAL	14.4073458533077	3.13334901996469	0.922424672448947	3.3968616772207	0.000681634131805699	0.0366680456285929	5.81934489841802	1.60352326727846	2.73311544648081	17.3721400911018	11.7686305746916	47.1473208418752
RGAG4	66.8184882266469	3.18653222941014	0.513174738699677	6.20944872985063	5.31707930065235e-10	9.71400848899736e-08	17.4580346952541	16.0352326727846	8.19934633944244	125.553194294781	161.29946611195	72.3656552456689
SCGN	69.0649218625668	3.19804311463036	0.502682624708624	6.36195276589096	1.99204708212341e-10	3.9615679188175e-08	5.81934489841802	14.4317094055062	17.0819715405051	86.0710577240955	110.071309492704	180.914138114172
TMPRSS11E	12.5501853623875	3.2134602746637	0.787777774335689	4.07914564151486	4.52015133513026e-05	0.00356748423973821	0	3.20704653455693	2.73311544648081	19.741068285343	27.6908954698627	21.9289864380815
NEUROG3	1902.58512955218	3.25932067400762	0.301273750942426	10.8184687972716	2.81439962118236e-27	3.96649420896779e-24	331.702659209827	364.80154330585	380.586325922453	2439.99604006839	3217.68205359804	4680.74215520849
SEPT5-GP1BB	39.1401242035031	3.30415188483138	0.486479877382946	6.79196003461913	1.10620197286229e-11	3.03145432313136e-09	2.90967244920901	8.01761633639231	8.19934633944244	66.3299894387525	67.150421514417	82.2336991428055
RGS16	66.4675165043341	3.38746081724814	0.460544747093073	7.35533482605016	1.90449123784789e-13	6.36907061253843e-11	8.72901734762704	16.0352326727846	8.88262520106264	133.449621608919	143.992656443286	87.7159457523259
LAPTM5	47.720031601385	3.39713718440817	0.484351866579315	7.01377948308551	2.31964905129371e-12	6.93469627743579e-10	2.90967244920901	7.21585470275308	11.6157406475435	76.5953449471308	89.3031378903072	98.6804389713666
TMOD1	84.6682746389362	3.40664961851982	0.599541478687548	5.68209163105327	1.33057335854696e-08	1.78595530187007e-06	11.638689796836	16.0352326727846	15.0321349556445	78.1746304099583	103.148585625239	283.980374373155
ANKRD65	40.9523078810008	3.41126359514017	0.557356307645162	6.12043597309017	9.33196750705887e-10	1.64400938287302e-07	8.72901734762704	5.61233143547462	7.51606747782224	53.695705736133	61.6122424204445	108.548482868503
ZCCHC18	9.91088744935006	3.42157085713673	0.897140584103163	3.8138625292012	0.000136811589539509	0.00934058641247074	2.90967244920901	0.801761633639231	2.04983658486061	18.1617828225156	17.9990820554107	17.5431891504652
IGFBPL1	97.5950064282409	3.49267265658023	0.418364755758618	8.34839122680635	6.91990324782066e-17	3.33016124348169e-14	23.2773795936721	12.8281861382277	15.0321349556445	127.132479757609	186.913544421573	220.386313702719
LRFN1	15.7387633481425	3.4968408346194	0.865387884588918	4.040778588298	5.3274037786662e-05	0.00413838598255365	2.90967244920901	0	4.78295203134142	26.8478528680665	26.9986230831161	32.8934796571222
SLC38A3	17.8517666588674	3.55496381821097	0.857248512200606	4.14694661771436	3.36938581014259e-05	0.00273585808312442	0	6.41409306911385	0.683278861620203	29.2167810623076	34.6136193373284	36.1828276228344
TMEM59L	8.01695752807955	3.5929708983615	1.0759888310736	3.33922694604226	0.000840118984792097	0.0435075792360443	0	0.801761633639231	2.04983658486061	9.47571277696464	13.8454477349313	21.9289864380815
CRLF1	24.3747331500474	3.59711288584239	0.649939669221701	5.53453352085726	3.12057749122002e-08	3.89696927083938e-06	5.81934489841802	2.40528490091769	4.09967316972122	32.3753519879625	53.3049737794857	48.2437701637792
PTGDR2	13.6206797369568	3.59800635959778	0.888377972261226	4.05008506732739	5.1199017631787e-05	0.00399291627230352	0	0.801761633639231	4.09967316972122	18.9514255539293	30.459985016849	27.4112330476018
SLC16A12	8.04250799959944	3.60255941630058	1.0490670563296	3.43406019144759	0.000594612141758455	0.0331420682741132	0	0.801761633639231	2.04983658486061	10.2653555083784	18.6913544421573	16.4467398285611
CD52	226.085491104207	3.64904575635194	0.560683826738609	6.50820584138791	7.60536592574163e-11	1.72484454115871e-08	43.6450867381352	36.0792735137654	22.5482024334667	247.947817663908	233.295794333593	772.996771942372
BCRP3	20.3510569330443	3.65384257227383	0.780794533252446	4.67964671455054	2.87369659303394e-06	0.000277945624888003	0	2.40528490091769	4.78295203134142	26.0582101366528	31.8445297903421	57.0153647390118
CACNA1H	371.03192410489	3.68069753359457	0.560840381541272	6.56282545753834	5.27976369295056e-11	1.24017877887628e-08	23.2773795936721	47.3039363847146	86.0931365641456	683.830605404282	1063.33038604273	322.356100639798
NOTUM	21.010147275653	3.6959252561589	1.03163822953152	3.58257880559281	0.000340218932996212	0.0207150422471274	0	0	7.51606747782224	33.95463745079	29.7677126301024	54.8224660952037
ADORA2A	76.7844615454732	3.70495115088537	0.392457640947873	9.44038480671973	3.71412863807815e-21	2.36398297283613e-18	8.72901734762704	11.2246628709492	11.6157406475435	138.977120728815	164.068555658936	126.091672018968
FAM167A	63.9666843166347	3.70548885048089	0.416479601564528	8.89716768014814	5.72899126442406e-19	3.32466843053974e-16	8.72901734762704	8.81937797003154	9.56590406268285	123.18426610054	131.531753481848	101.969786937079
BHMT	16.0752002182108	3.783677522793	0.924684688784099	4.09185700670387	4.27932508837287e-05	0.00340465174672118	0	4.81056980183539	0.683278861620203	33.95463745079	39.4595260445543	17.5431891504652
SSTR1	29.7255242549604	3.87805466180884	0.752024990254021	5.15681621231616	2.51184127589325e-07	2.73818454224585e-05	0	2.40528490091769	6.83278861620203	47.3785638848232	84.4572311830812	37.2792769447385
SYT5	11.2248344567984	3.8797810116365	0.988654053821292	3.92430597602931	8.69801280799193e-05	0.00635631447090699	2.90967244920901	2.40528490091769	0	19.741068285343	21.4604439891436	20.8325371161774
CDH5	23.4336841722554	3.88402441736676	0.817852510633222	4.74905238642547	2.04372002737148e-06	0.000203659797273064	0	3.20704653455693	4.09967316972122	41.8510647649272	70.6117834481499	20.8325371161774
TUBA3FP	33.6696518485143	3.93932909308824	0.755544066542218	5.21389720008888	1.84913968166141e-07	2.02696528104785e-05	0	4.81056980183539	5.46623089296163	69.4885603644074	94.8413169842797	27.4112330476018
RUNDC3A	54.8152155135436	3.96845945108566	0.568427043677579	6.98147545094044	2.92095953576916e-12	8.60200785078528e-10	11.638689796836	2.40528490091769	8.19934633944244	78.964273141372	98.3026789180125	129.381019984681
SCN1B	25.2292814913196	4.00504412372714	0.81128289418947	4.93668010556104	7.94636526628099e-07	8.25209121415738e-05	0	1.60352326727846	5.46623089296163	37.9028511078586	31.8445297903421	74.558553889477
VASH2	70.4359422487665	4.00683282383031	0.447640277320489	8.95101050293027	3.52242854497677e-19	2.10609204911929e-16	8.72901734762704	9.62113960367078	6.83278861620203	120.025695174885	163.37628327219	114.030729478024
CHRNB2	17.7430875724672	4.04948500407791	1.10429597162963	3.66702868444047	0.000245385277601714	0.0157197951699981	0	1.60352326727846	3.41639430810102	37.1132083764448	58.8431528734582	5.48224660952037
TMEM61	100.740577964665	4.0574315948608	0.594777921705326	6.82175892344403	8.99324967828263e-12	2.49923675214359e-09	8.72901734762704	6.41409306911385	17.7652504021253	138.187477997401	119.763122907156	313.584506064565
OSBPL6	12.3326549041176	4.06241381517657	0.943889885470917	4.30390650192187	1.67812506860331e-05	0.00143961242298313	2.90967244920901	1.60352326727846	0.683278861620203	16.5824973596881	26.9986230831161	25.2183344037937
SPON2	575.22885681493	4.10733522910738	0.349139025911754	11.7641825298141	5.97018099340553e-32	1.07088764709895e-28	34.9160693905081	57.7268376220247	88.8262520106264	932.568065799603	1097.25173299331	1240.08418307351
TMEM35	34.1653146492963	4.10946665623348	0.635637922606918	6.46510617141828	1.0122771019701e-10	2.21924883321911e-08	5.81934489841802	3.20704653455693	3.41639430810102	45.009635690582	60.9199700336979	86.6194964304218
FAM105A	85.355167434496	4.11107191694668	0.434291548563561	9.46615684911264	2.90329297146559e-21	1.90949578733292e-18	14.5483622460451	11.2246628709492	5.46623089296163	146.873548042952	164.068555658936	169.949644895131
SYP	92.2672032438693	4.1171659739876	0.3984811057554	10.3321485373383	5.04184198218214e-25	5.85179906767269e-22	8.72901734762704	10.42290123731	10.249182924303	150.032118968607	204.220354090237	169.949644895131
DSCAML1	29.3865618790919	4.19423248281131	0.688365006239692	6.09303559128173	1.10789417745221e-09	1.90085739263561e-07	0	2.40528490091769	4.78295203134142	56.8542766617878	70.6117834481499	41.6650742323548
SLC1A2	6.51714890230558	4.22507866382829	1.24714201433947	3.38780877818958	0.00070453364611466	0.037672502361757	0	0	1.36655772324041	15.0032118968607	11.7686305746916	10.9644932190407
CSF1R	115.613159123715	4.25334168208055	0.513112863904566	8.28929068297854	1.13925812263256e-16	5.35207190896741e-14	2.90967244920901	17.6387559400631	10.249182924303	276.374955994802	245.064424908285	141.441962525626
FLJ38723	9.77773166829499	4.28016553149462	1.17216638532624	3.65149997907793	0.000260713120286481	0.0164875980011941	0	1.60352326727846	0.683278861620203	22.1099964795842	27.6908954698627	6.57869593142444
AK092048	68.5232346788251	4.28325709270947	0.645632687295259	6.63420111310235	3.26264734330205e-11	8.0469118413366e-09	5.81934489841802	4.81056980183539	8.88262520106264	62.3817757816839	112.148126652944	217.096965737007
ARHGEF25	19.2757287181499	4.29941950040325	0.811214450476176	5.29997893637068	1.15816041569929e-07	1.32858506756759e-05	0	1.60352326727846	2.73311544648081	26.8478528680665	44.9977051385269	39.4721755885467
POM121L9P	21.3822283526901	4.30826329878229	0.909750170101061	4.73565539240701	2.18348329635806e-06	0.000215411544602205	0	0	4.78295203134142	41.0614220335134	48.4590670722597	33.9899289790263
KCNK3	130.212317821908	4.30999361628406	0.540914959024354	7.96796898362355	1.6130333330767e-15	6.36535213898729e-13	0	14.4317094055062	17.7652504021253	289.009239697422	295.600309140784	164.467398285611
BEX1	12.9222769932692	4.31725501378901	1.07679622886829	4.00935190711656	6.08856232803545e-05	0.00469271184744014	0	0.801761633639231	2.04983658486061	11.8446409712058	20.0758992156505	42.7615235542589
NHLH1	13.8581476608986	4.39807915062719	1.03627749268391	4.24411335928601	2.19459398367953e-05	0.00184261846348854	0	1.60352326727846	1.36655772324041	11.0549982397921	31.8445297903421	37.2792769447385
RASD1	17.5714201151641	4.40200984468149	0.87256119552384	5.04492964764351	4.53688269015005e-07	4.86506697605166e-05	0	2.40528490091769	1.36655772324041	33.1649947193762	23.5372611493833	44.954422198067
WNT9A	51.7180381303407	4.42323355609814	1.13181693648816	3.90808214075917	9.30316795091581e-05	0.0066992995196905	5.81934489841802	0.801761633639231	7.51606747782224	131.870336146091	159.914921338457	4.3857972876163
MAFA	7.59981909284661	4.44411904302849	1.22612539605439	3.62452246509978	0.000289495856929964	0.0180190623125714	0	0	1.36655772324041	11.0549982397921	14.5377201216779	18.6396384723693
abParts	79.2204273084109	4.44739954387179	0.537155847856245	8.27953295420888	1.23659310969257e-16	5.67423689473119e-14	8.72901734762704	4.81056980183539	8.19934633944244	187.145327345052	176.529458620375	89.908844396134
SOCS1	71.7358631357617	4.47191990878028	0.558362043190801	8.00899696409371	1.15647763611403e-15	4.65682862003386e-13	5.81934489841802	5.61233143547462	6.83278861620203	93.177842306819	112.84039903969	206.132472517966
SDPR	27.6918170109882	4.49139897049769	0.764386194235456	5.87582429453742	4.20744415687185e-09	6.33718172971286e-07	2.90967244920901	3.20704653455693	1.36655772324041	35.5339229136174	46.38224991202	76.7514525332852
MYT1	9.29845820096415	4.54575361411652	1.24216920166161	3.65952851514577	0.000252679726098279	0.0160826570182102	2.90967244920901	0.801761633639231	0	13.4239264340332	27.6908954698627	10.9644932190407
C2CD4A	157.915341993221	4.58819942690465	0.378630046616014	12.1178957346662	8.49113087106638e-34	1.67538503217011e-30	5.81934489841802	14.4317094055062	13.6655772324041	255.054602246632	308.753484488969	349.7673336874
LTF	25.8156372988992	4.63155884335552	0.735866534700322	6.29402021283887	3.09347517270179e-10	5.9840547678999e-08	2.90967244920901	2.40528490091769	1.36655772324041	45.7992784219958	57.4586080999651	44.954422198067
LOC728392	12.8186240877616	4.7026784678635	1.05630574567601	4.45200500623416	8.50721821565944e-06	0.000773529597295744	0	0	2.04983658486061	18.9514255539293	26.3063506963696	29.60413169141
AL110171	24.3049885730119	4.7733001622808	1.03972478062673	4.59092660983183	4.41282496147796e-06	0.000414616425309151	2.90967244920901	0.801761633639231	2.04983658486061	16.5824973596881	26.9986230831161	96.4875403275585
CPE	352.782018675628	4.80210787849858	0.329681977810772	14.5658792463774	4.6298905002712e-48	3.04507898202837e-44	32.0063969412991	22.4493257418985	22.5482024334667	531.429558241434	701.271927774273	806.986700921398
CNIH2	62.3005318479591	4.85028850278257	0.690460817234287	7.02471216572564	2.14507991151084e-12	6.51147257446469e-10	0	3.20704653455693	6.83278861620203	69.4885603644074	110.071309492704	184.203486079884
SDK2	18.5144361567995	4.90570106744155	1.1316884707508	4.33485114873262	1.45858785061559e-05	0.00126781484055049	0	0	2.73311544648081	30.0064237937214	62.9967871939376	15.350290506657
MUC15	14.8163070853182	4.91324852334847	1.03053396161935	4.76767259142817	1.86366323368787e-06	0.000186659590172057	0	0	2.04983658486061	22.1099964795842	31.8445297903421	32.8934796571222
CIB4	12.5074004539397	4.91341536254149	1.4247382090513	3.4486443413441	0.000563408256260041	0.0317617380121911	2.90967244920901	0.801761633639231	0	7.10678458272348	8.30726864095881	55.9189154171078
CHGB	75.4364615173889	4.91824305534492	0.482219163408801	10.1991862384272	1.99940678538567e-24	1.97251476412224e-21	2.90967244920901	4.81056980183539	5.46623089296163	140.556406191642	158.530376564964	140.345513203721
CLCNKA	27.392902944689	4.99126751763641	0.775487754850223	6.43629443072304	1.22425448456189e-10	2.59739411127857e-08	2.90967244920901	1.60352326727846	1.36655772324041	56.0646339303741	57.4586080999651	44.954422198067
NKD1	53.7816206246056	4.99777346854472	0.747413296452657	6.6867601797626	2.28165322423656e-11	5.92359207465943e-09	0	1.60352326727846	6.14950975458183	106.601768740852	150.223107924005	58.1118140609159
PDE2A	16.0266883799918	5.0303787459527	1.09278109724788	4.603281259734	4.15885970911331e-06	0.000392624214930693	0	0.801761633639231	1.36655772324041	32.3753519879625	48.4590670722597	13.1573918628489
MMP2	11.7807761157671	5.06827806183488	1.14653565002413	4.42051501994571	9.84659409359283e-06	0.000883105218457637	0	0.801761633639231	0.683278861620203	14.213569165447	29.7677126301024	25.2183344037937
SCN3A	16.9753356779243	5.0907584587012	0.969243695988281	5.25229978773341	1.5021170828279e-07	1.68399273643621e-05	0	0.801761633639231	1.36655772324041	28.4271383308939	39.4595260445543	31.7970303352181
IGFN1	23.3117476039731	5.17628492177124	1.16519691813138	4.44241212899225	8.89559658781627e-06	0.000805133102175242	0	2.40528490091769	0.683278861620203	35.5339229136174	91.3799550505469	9.86804389713666
KIF1A	50.5942100109948	5.31905322219182	0.824576255126778	6.45065048759379	1.11371080164863e-10	2.38854650297056e-08	5.81934489841802	0.801761633639231	2.73311544648081	86.8607004555092	161.29946611195	46.0508715199711
LINGO1	4.31283319381639	5.32498792944419	1.56405893103884	3.40459545594447	0.00066262136965923	0.0360170309772624	0	0	0	6.31714185130976	9.69181341445194	9.86804389713666
GLT8D2	48.7308517664649	5.33326590134646	0.717395881502864	7.43420200597453	1.05201099370996e-13	3.77404162125294e-11	2.90967244920901	4.00880816819616	0.683278861620203	78.964273141372	77.5345073156155	128.284570662777
SUSD2	1261.97859988851	5.35359604636215	0.260690609751258	20.5362059318913	1.02244674774374e-93	2.01738967797317e-89	46.5547591873442	72.96030866117	56.0288666528567	2242.58535721496	2797.47271484288	2356.26959277185
AMER3	4.5048968282091	5.40020702440582	1.63016135384343	3.31268252168643	0.000924058088311664	0.0471126360219056	0	0	0	6.31714185130976	15.2299925084245	5.48224660952037
PRELP	38.6567545098498	5.50509950286571	0.747301974181642	7.36663315909778	1.74991147246107e-13	6.05745671282972e-11	2.90967244920901	1.60352326727846	1.36655772324041	67.9092749015799	80.3035968626018	77.8479018551892
DLL1	169.023373196391	5.53290623978638	0.581548636157611	9.51409030264986	1.83309668793292e-21	1.24720106033119e-18	5.81934489841802	1.60352326727846	12.9822983707839	300.853880668627	413.286614887701	279.594577085539
ARL9	5.02445249449104	5.54467149741979	1.53743927134059	3.60643285284694	0.000310435141225611	0.0190223471165296	0	0	0	6.31714185130976	11.7686305746916	12.0609425409448
SCG2	186.391215946772	5.57515558904209	0.451772952046526	12.3406139384545	5.47369019677878e-35	1.54287687532346e-31	11.638689796836	3.20704653455693	10.249182924303	312.698521639833	368.288909749174	412.264945035932
CPA1	5.19720270366429	5.58573829248319	1.63061427334471	3.42554237614132	0.000613573211762583	0.0340067782058639	0	0	0	3.9482136570686	9.69181341445194	17.5431891504652
BAALC	5.22654096206979	5.59533135053768	1.54643861331786	3.61820462988375	0.000296653807613417	0.018348828457744	0	0	0	6.31714185130976	9.69181341445194	15.350290506657
CSH2	5.30144586965865	5.62304572258626	1.49037605094218	3.7729039721428	0.000161358404880677	0.0107197396858607	0	0	0	11.8446409712058	8.99954102770537	10.9644932190407
HSPB7	5.34500472763581	5.64769766638448	1.6030681437169	3.52305526656505	0.000426602392923757	0.0246841402192922	0	0	0	7.8964273141372	18.6913544421573	5.48224660952037
GABBR2	5.37880003666233	5.65109998902093	1.5106803944609	3.74076476383846	0.00018346117016019	0.0119074748303642	0	0	0	14.213569165447	10.3840858011985	7.67514525332852
SH3RF3	38.8443090605006	5.66108257197919	0.970397379778306	5.8337776770095	5.41863113711285e-09	7.80401539900538e-07	0	0	3.41639430810102	84.491772261268	110.071309492704	35.0863783009304
HOPX	33.7102612950817	5.66523247184337	0.963469970873266	5.88003014427999	4.10191773499053e-09	6.27402626582157e-07	0	3.20704653455693	0	58.4335621246153	40.8440708180475	99.7768882932707
NTRK1	5.66937823637483	5.71626316658465	1.48527206496456	3.8486303630312	0.000118780080925462	0.00822333254996594	0	0	0	8.68607004555092	11.0763581879451	14.253841184753
RAB39B	5.70250428166594	5.72121697120301	1.52741733929783	3.74568025647341	0.000179905613539296	0.0117152398044352	0	0	0	12.6342837026195	6.2304514807191	15.350290506657
TMEM8C	5.68493736341729	5.72401027964476	1.50586549305505	3.80114313399404	0.000144030066699785	0.00969917148823704	0	0	0	7.10678458272348	13.8454477349313	13.1573918628489
RGS4	231.34901642142	5.79882391429618	0.517627478811304	11.2026972130861	3.95505325558385e-29	6.00285813737885e-26	17.4580346952541	9.62113960367078	2.73311544648081	374.290654690103	494.974756523796	489.016397569217
MYBPC2	5.95502442854907	5.8027169371637	1.52352503219784	3.80874407346803	0.000139674432127052	0.00943806924759884	0	0	0	11.8446409712058	17.3068096686642	6.57869593142444
GTF2IRD1P1	26.5352075938248	5.81416512074384	1.64504135834638	3.5343580216052	0.000408766977735448	0.0240041108264825	0	0.801761633639231	1.36655772324041	1.57928546282744	4.1536343204794	151.310006422762
WIF1	6.13535021149355	5.82464421487502	1.54857975593396	3.76128138867613	0.000169045128189761	0.0110444682924244	0	0	0	12.6342837026195	5.53817909397254	18.6396384723693
NEUROD2	12.4914115891727	5.88708226306864	1.34929977241691	4.36306474173899	1.28252968443976e-05	0.00111971651343721	0	0.801761633639231	0	19.741068285343	40.1517984313009	14.253841184753
NKAIN1	6.43458122821268	5.89879825128099	1.56496977848645	3.76927294850765	0.000163723768364726	0.010768112245348	0	0	0	4.73785638848232	15.2299925084245	18.6396384723693
SLC6A17	6.75777702759043	5.98530794440664	1.57104811331933	3.80975470685032	0.000139104734029235	0.00943187459495135	0	0	0	18.1617828225156	17.9990820554107	4.3857972876163
LSP1	7.05214301418854	6.03616326100237	1.41515481727348	4.26537307955605	1.99568438293201e-05	0.00168277130596715	0	0	0	14.213569165447	13.8454477349313	14.253841184753
LYPD8	7.25916348930555	6.06460137181708	1.66460644357272	3.64326438554491	0.000269202073866054	0.0169700514998438	0	0	0	5.52749911989604	6.2304514807191	31.7970303352181
TMEM196	7.23291026534164	6.06471911522355	1.57240237119511	3.85697657693944	0.000114798158075938	0.00797564245421247	0	0	0	4.73785638848232	14.5377201216779	24.1218850818896
HES6	1717.17460229898	6.14783404802406	0.376972926478644	16.3084232744559	8.59836822207753e-60	8.48272016949059e-56	29.0967244920901	49.7092212856323	58.7619820993375	2498.42960219301	2930.38901309822	4736.6610706256
HECW2	25.10132043262	6.16079928468427	1.13166601862136	5.44400837641973	5.20947686181842e-08	6.26757243661824e-06	0	1.60352326727846	0	38.6924938392723	79.6113244758552	30.7005810133141
C1QL1	26.9293075558227	6.28663711772568	1.05482956535348	5.95986055398343	2.52453265741319e-09	4.04971982629428e-07	0	0	1.36655772324041	41.0614220335134	58.8431528734582	60.3047127047241
FFAR2	17.4629496562359	6.37828342905288	1.26568633672416	5.03938712458659	4.67024969817147e-07	4.9810106375471e-05	0	0.801761633639231	0	32.3753519879625	46.38224991202	25.2183344037937
PMP22	178.97241744676	6.3966837688523	0.610275872247976	10.4816265229196	1.04923473908075e-25	1.29390316480014e-22	2.90967244920901	4.81056980183539	4.09967316972122	227.417106647151	277.601227085373	556.996255527269
PCSK1	29.4092963610736	6.41090823472536	1.11209528090893	5.76471130197195	8.17977380739959e-09	1.12079942356807e-06	0	0.801761633639231	0.683278861620203	41.0614220335134	95.5335893710263	38.3757262666426
ARHGAP9	31.4250469577465	6.48357065734797	1.06005735623662	6.11624514390968	9.58059089516944e-10	1.65819858730341e-07	0	1.60352326727846	0	42.6407074963409	66.4581491276705	77.8479018551892
FLT1	19.211433101636	6.53719187743836	1.30856526437123	4.99569418158102	5.86245005918172e-07	6.18566856244463e-05	0	0	0.683278861620203	42.6407074963409	53.3049737794857	18.6396384723693
ZCCHC12	10.2374086320159	6.57414927911898	1.35541549572409	4.85028340007796	1.23285197417109e-06	0.0001253886716617	0	0	0	23.6892819424116	17.9990820554107	19.7360877942733
CD200	10.3021278883092	6.57748259549125	1.40674452770812	4.67567668893467	2.9298589072734e-06	0.000281995346826397	0	0	0	11.8446409712058	21.4604439891436	28.5076823695059
LOC400891	81.0338950408643	6.64690966688162	0.76900947074176	8.643469189619	5.4531431418066e-18	2.90799911705368e-15	0	1.60352326727846	2.04983658486061	109.760339666507	189.682633968559	183.10703675798
ADAMTSL2	39.5171391511021	6.83383574346502	1.01794759272689	6.71334731993271	1.9020963195737e-11	5.0040349975345e-09	0	0.801761633639231	0.683278861620203	68.6989176329936	93.4567722107866	73.4621045675729
PDZRN3	45.9196746842187	7.00952079957824	1.05217762224898	6.66191777068565	2.70277246340782e-11	6.83697480455123e-09	2.90967244920901	0	0.683278861620203	97.9156986953013	116.99403336017	57.0153647390118
HIF1A-AS2	479.94749025338	7.04165552017892	2.02439684107143	3.4783968129747	0.000504422602270046	0.0285179437403733	2.90967244920901	4.00880816819616	14.3488560940243	13.4239264340332	11.7686305746916	2833.22504780013
DACH1	28.8934038345101	7.07967224310793	1.26343845056111	5.60349595183188	2.10071025082903e-08	2.72691539204655e-06	2.90967244920901	0	0	34.7442801822037	69.9195110614033	65.7869593142444
TMEM200A	14.7721186755478	7.10260051185578	1.33552036467019	5.31822703700198	1.04783269590104e-07	1.20905186683177e-05	0	0	0	19.741068285343	35.9981641108215	32.8934796571222
ENPP2	14.8007876702179	7.10778874191646	1.3420656358041	5.29615583045446	1.18265923546301e-07	1.34109479166211e-05	0	0	0	19.741068285343	39.4595260445543	29.60413169141
SSTR2	71.6647455137216	7.14562080937205	0.87915792845231	8.12780113574289	4.37147607588356e-16	1.83518286070763e-13	2.90967244920901	0	1.36655772324041	122.394623369127	164.068555658936	139.249063881817
TAGLN3	30.7335547478531	7.16015990886093	1.3066848589787	5.47963792467701	4.26197103235832e-08	5.22316462356907e-06	2.90967244920901	0	0	41.8510647649272	38.7672536578078	100.873337615175
CDH22	15.3860869814562	7.16843648566879	1.3663524936496	5.24640348591271	1.5509703768375e-07	1.72893765567122e-05	0	0	0	42.6407074963409	33.2290745638352	16.4467398285611
ATOH8	71.7981320460832	7.18574120241763	0.880899386391385	8.15727801997241	3.42659031930786e-16	1.46978377370138e-13	0	0	2.04983658486061	149.242476237193	125.993574387875	153.50290506657
RGS9	15.6758016106151	7.19108156909013	1.34722956757405	5.33768092845459	9.41429414030974e-08	1.09913276735178e-05	0	0	0	19.741068285343	43.6131603650337	30.7005810133141
DNAJC12	76.8829879117346	7.20646934720579	1.04364926856141	6.90506817212581	5.01793245068622e-12	1.45601213506603e-09	2.90967244920901	0	1.36655772324041	69.4885603644074	102.456313238492	285.076823695059
OLFML2B	123.629023079785	7.23458625878369	0.74198947574837	9.75025454570887	1.84006307241494e-22	1.38652039850727e-19	0	4.00880816819616	0	239.261747618357	287.985312886572	210.518269805582
CELF3	152.001016869568	7.26899080989246	0.710553313947902	10.2300427951075	1.45455088246436e-24	1.51051281378444e-21	2.90967244920901	0	3.41639430810102	255.844244978045	398.748894766023	251.086894716033
KLK12	230.559077279086	7.29596515374841	0.682188913704705	10.6949336278815	1.07496589244058e-26	1.41401013491634e-23	2.90967244920901	1.60352326727846	4.09967316972122	275.585313263388	376.596178390133	722.560103134785
ELFN1	16.9164929651319	7.30444341350807	1.31018941283282	5.57510489854654	2.47380754471332e-08	3.12889081184222e-06	0	0	0	34.7442801822037	41.536343204794	25.2183344037937
SCG3	33.1007601914389	7.30488721319937	1.21289222753361	6.02270098478055	1.71530163840581e-09	2.8681878497784e-07	0	0.801761633639231	0	52.1164202733055	80.9958692493484	64.6905099923404
VWA5B2	326.173374551237	7.3359348079352	0.544314471801312	13.4773833656457	2.12510600703083e-41	8.38609332494505e-38	5.81934489841802	4.81056980183539	2.73311544648081	585.91490670898	863.263666272969	494.498644178737
KIT	17.9206647680166	7.3879521587908	1.31021254371526	5.63874326667748	1.71295700197053e-08	2.28367260850544e-06	0	0	0	38.6924938392723	43.6131603650337	25.2183344037937
ABCC8	36.6041847445282	7.43338859412685	1.23749416019793	6.00680700823502	1.89212514629678e-09	3.11112677179849e-07	2.90967244920901	0	0	60.0128475874427	99.6872236915057	57.0153647390118
CAMK2B	60.5459844189361	7.45856823261829	0.999451797654461	7.46265927993951	8.47934143158129e-14	3.09825714419501e-11	0	0	1.36655772324041	116.867124249231	134.300843028834	110.741381512311
CABP7	293.333316014623	7.52019534464175	0.593660921206432	12.6674926309101	8.95306195649511e-37	2.94421442439342e-33	0	4.00880816819616	3.41639430810102	510.898847224677	795.420972371806	446.254874014958
CELA3B	181.484245412558	7.57090367900486	0.761971490352343	9.93594087818692	2.90421121404595e-23	2.49143441149307e-20	0	1.60352326727846	2.73311544648081	237.68246215553	286.600768113079	560.285603492982
KCNH6	20.5887904902683	7.58870862933755	1.42082234619659	5.34106790314202	9.24006347841727e-08	1.0852124553134e-05	0	0	0	47.3785638848232	62.9967871939376	13.1573918628489
PGA3	21.3828634090279	7.62964179240042	1.48596669911351	5.13446350914327	2.82949983942924e-07	3.06751985339441e-05	0	0	0	29.2167810623076	12.4609029614382	86.6194964304218
SPARC	69.6295235001209	7.65097891675631	1.03999770335591	7.35672674282628	1.88474611599982e-13	6.36907061253843e-11	0	0.801761633639231	0.683278861620203	88.4399859183366	137.06993257582	190.782182011309
CBFA2T3	77.2008222837229	7.77267643284091	0.99184330168803	7.83659719192789	4.62920061233618e-15	1.79095602513736e-12	2.90967244920901	0.801761633639231	0	143.714977117297	176.529458620375	139.249063881817
CA8	23.7690302598651	7.78906421944498	1.26406731187838	6.1619062104142	7.18744198188538e-10	1.28923107040528e-07	0	0	0	43.4303502277546	49.8436118457528	49.3402194856833
CSH1	23.9665343474219	7.79583325604897	1.38920795610434	5.61171077504502	2.00336076150951e-08	2.6177689526718e-06	0	0	0	19.741068285343	42.9208879782872	81.1372498209015
IGHG1	47.2335015418043	7.81942414641846	1.18621128517147	6.59193201427696	4.34139405585054e-11	1.04463470873155e-08	0	0.801761633639231	0	103.443197815197	83.7649587963346	95.3910910056544
GNAO1	24.3127308927789	7.82833137921643	1.35600536553269	5.77308289347451	7.78341261676648e-09	1.08151066437619e-06	0	0	0	44.2199929591683	77.5345073156155	24.1218850818896
OR51E1	25.1042205972893	7.87024649424094	1.28118883802297	6.14292464987885	8.10157212200099e-10	1.44010918503785e-07	0	0	0	38.6924938392723	63.6890595806842	48.2437701637792
GDF10	26.5028057863809	7.94257043515904	1.26671015453752	6.27023507051531	3.60503439249692e-10	6.77437462841493e-08	0	0	0	52.9060630047192	43.6131603650337	62.4976113485322
MAPK4	27.3597443629036	7.99717094539773	1.27594511982329	6.26764491760061	3.6654944459391e-10	6.82300668988909e-08	0	0	0	62.3817757816839	62.3045148071911	39.4721755885467
CLPS	28.0206103480548	8.0209086331921	1.35902227124189	5.90196996982434	3.59186555943876e-09	5.5804015238808e-07	0	0	0	28.4271383308939	44.3054327517803	95.3910910056544
CHRNA1	28.0718721092041	8.0273869070378	1.25979811522565	6.37196294391975	1.86623984592998e-10	3.75742636735146e-08	0	0	0	47.3785638848232	57.4586080999651	63.5940606704363
FLJ00385	28.6151982513265	8.05445710868621	1.25514969512077	6.4171286819388	1.38868537872287e-10	2.88422644290327e-08	0	0	0	53.695705736133	53.3049737794857	64.6905099923404
JA760600	2002.76347913469	8.05870150188223	2.441643157435	3.30052386129514	0.000965045069555573	0.0485747557841863	0	18.4405175737023	25.9645967415677	30.0064237937214	32.5368021770887	11909.632534522
CYMP	289.802354371066	8.07111818280189	0.805124719043973	10.0246806387782	1.18742854533945e-23	1.06496148309512e-20	0	0.801761633639231	4.09967316972122	340.336017239313	392.518443285304	1001.05823089842
DKFZp686O16217	31.2771204159863	8.18646116456692	1.2468527921511	6.56569982928252	5.17890491902641e-11	1.23114425249771e-08	0	0	0	61.5921330502702	65.7658767409239	60.3047127047241
LZTS1	36.6420743438684	8.4188387696219	1.28684444121593	6.54223502078228	6.06061583559623e-11	1.39048850060639e-08	0	0	0	76.5953449471308	98.3026789180125	44.954422198067
BTBD17	37.1497648293012	8.42900296752635	1.26918954162987	6.64124836444993	3.11037409709101e-11	7.7684545961649e-09	0	0	0	57.6439193932016	64.3813319674308	100.873337615175
TOX	38.9782241203348	8.50247596007866	1.26377165954563	6.72785775488554	1.72179112874145e-11	4.59090010286453e-09	0	0	0	54.4853484675467	92.76449982404	86.6194964304218
CELA3A	750.963246345599	8.63277035856047	0.618390308190449	13.9600673623458	2.73175533251702e-44	1.34750661164734e-40	0	5.61233143547462	3.41639430810102	1012.32198167239	1172.01715076194	2312.41161989569
ACTN3	45.7102228808785	8.73373171726251	1.2725928934837	6.86294239264066	6.74564349876053e-12	1.92896075179774e-09	0	0	0	59.223204856029	121.839940067396	93.1981923618463
SPINK4	954.799216354122	8.9046171663397	1.41575316829838	6.28966783598464	3.18145974808676e-10	6.03590214322114e-08	2.90967244920901	8.81937797003154	0	957.046990473429	942.182718362078	3817.83653886998
GFRA1	52.0616015094234	8.92283786887571	1.2380520839862	7.20715871673711	5.71313991938384e-13	1.81816070563488e-10	0	0	0	93.177842306819	125.993574387875	93.1981923618463
ST18	72.8537855060326	9.40853854260506	1.25130986200676	7.51895180264651	5.52171344692424e-14	2.05564015134457e-11	0	0	0	147.663190774366	189.682633968559	99.7768882932707
GGT5	149.229811113382	9.4883377791792	1.16915525643327	8.1155498612949	4.83590098216542e-16	1.98785754748137e-13	0	0	0.683278861620203	250.316745858149	319.829842676914	324.548999283606
CHGA	683.753299539973	10.0510127339376	0.817114946886929	12.3006105471822	8.98920777021285e-35	2.21707573142587e-31	0	0.801761633639231	2.04983658486061	888.348072840435	1461.387008422	1749.9331177589
PAX4	140.964574696819	10.3558134681951	1.2661380658314	8.17905546611539	2.86077411217554e-16	1.2543540890519e-13	0	0	0	175.300686373846	245.064424908285	425.422336898781
NKX2-2	150.807496339777	10.454907900702	1.22776599194853	8.51539134433065	1.66028653512216e-17	8.29253642724472e-15	0	0	0	222.679250258669	356.520279174482	325.64544860551
RFX6	159.84310175195	10.5387558146937	1.22224518820381	8.62245637487946	6.5532932705541e-18	3.40271130319218e-15	0	0	0	246.368532201081	366.212092588934	346.477985721687
PGA4	179.843501781542	10.707404724751	1.25763122009515	8.51394634107511	1.68111832694637e-17	8.29253642724472e-15	0	0	0	248.737460395322	288.677585273319	541.645965020612
PGA5	426.614053901428	11.9544273119167	1.23725853158606	9.66202859526226	4.37120937271579e-22	3.08029757618055e-19	0	0	0	712.257743735175	642.428774900814	1204.99780477258
NEUROD1	441.817275860436	12.0051977055041	1.23166319922175	9.74714330434639	1.89732151232559e-22	1.38652039850727e-19	0	0	0	617.500615965529	872.263207300675	1161.13983189641
HEPACAM2	450.294029492154	12.0325977831661	1.23185354648224	9.76788013276991	1.5465405942276e-22	1.22059169858819e-19	0	0	0	634.083113325217	873.647752074168	1194.03331155354
KIF19	880.822576853823	12.0518053084933	1.17634396899602	10.2451371589717	1.24448245757892e-24	1.36416018724942e-21	0	0	0.683278861620203	1783.01328753218	2198.6571003071	1302.58179442204
INSM1	1425.91511783571	13.6959114245876	1.21698077478872	11.2540080404847	2.21301981350495e-29	3.63875782835552e-26	0	0	0	2277.32963739717	2676.32504716223	3601.83602245488
AK128361	16.2639982749104	20.8392946626193	3.9091062157114	5.33096148138989	9.76941406622953e-08	1.13388417023985e-05	0	0	0	0	0	97.5839896494626
AX747264	19.7360877942733	21.1069179384856	3.90869322024244	5.39999348866178	6.66433157956151e-08	7.92132086724868e-06	0	0	0	0	0	118.41652676564
AK129879	29.2386485841086	21.6557225186573	3.90806457705778	5.54129085936472	3.00250022310075e-08	3.77339693643318e-06	0	0	0	0	0	175.431891504652
IPO11-LRRC70	36.1828276228344	21.9488577629263	3.90781402850967	5.61665872602871	1.94685408129983e-08	2.5608918585418e-06	0	0	0	0	0	217.096965737007
ANKS1B	51.7158596831421	22.439910498341	3.90749719731888	5.74278351721866	9.31327613287819e-09	1.26731207846772e-06	0	0	0	0	0	310.295158098853
CDRT4	56.1016569707584	22.5627918447465	3.90743950407487	5.77431635760883	7.72661471232706e-09	1.08123287155266e-06	0	0	0	0	0	336.609941824551
AK027332	57.5635893999639	22.6054057346956	3.90742229961453	5.78524766491855	7.24055733501755e-09	1.02779450918871e-06	0	0	0	0	0	345.381536399783
AK027252	70.3554981555114	22.8775086978606	3.90730168146654	5.85506586460299	4.76821008774128e-09	7.07380099558069e-07	0	0	0	0	0	422.132988933068
BC007880	115.85814501453	22.8861468007828	3.90708877407455	5.85759580192894	4.69615921178872e-09	7.01969071271237e-07	0	0	0	0	0	695.148870087183
RAD51L3-RFFL	75.2895201040797	22.9693445206616	3.90726613187869	5.87862299249565	4.13693371241171e-09	6.27891069843042e-07	0	0	0	0	0	451.737120624478
DQ588114	83.3301484647096	23.113339762427	3.9072172212037	5.91555023790218	3.30767927617392e-09	5.1796682379514e-07	0	0	0	0	0	499.980890788258
AK026392	84.4265977866137	23.1267338181138	3.90721127129472	5.91898728078001	3.23930012883813e-09	5.11317046736841e-07	0	0	0	0	0	506.559586719682
TBC1D3C	91.9190014862915	23.2507533231637	3.90717442807741	5.95078457620962	2.66860138583532e-09	4.24630435031586e-07	0	0	0	0	0	551.514008917749
AF086346	104.162685580887	23.4246852480238	3.90712562644521	5.99537549790435	2.03015784633751e-09	3.31049954265169e-07	0	0	0	0	0	624.976113485322
AK027840	172.508026646241	24.125581988962	3.90698047628811	6.17499425333268	6.61658772996191e-10	1.19772378440255e-07	0	0	0	0	0	1035.04815987745
AK097012	260.772197059519	24.7034047763163	3.90690560251232	6.32301040507117	2.56516020916606e-10	5.01120555317382e-08	0	0	0	0	0	1564.63318235711
BC041654	425.970561559733	24.8504651305296	3.90684882819672	6.36074397124802	2.00778871766129e-10	3.9615679188175e-08	0	0	0	0	0	2555.8233693584
TUBB2C	335.878975609948	25.0559584240914	3.90687287988703	6.41330270894708	1.42400365850623e-10	2.89659960680273e-08	0	0	0	0	0	2015.27385365969
AL832937	345.564277953434	25.0964738448003	3.90686969566531	6.42367823852558	1.3302022379237e-10	2.7921511017524e-08	0	0	0	0	0	2073.3856677206
E10222	379.919690039762	25.2275999092831	3.90685970979573	6.4572576911399	1.06617266195716e-10	2.31172008715129e-08	0	0	0	0	0	2279.51814023857
AK293147	714.153991666853	26.1043208081855	3.90681270146608	6.68174361120243	2.3611586220307e-11	6.05039230795944e-09	0	0	0	0	0	4284.92395000112
