	ARX	ASCL1	ASCL2	ETV1	FEV	GATA2	HMBOX1	LMX1A	LMX1B	MAFA	MAFB	NEUROD1	NEUROG3	NR4A3	ONECUT1	PBX3	RFX6	SIX2	SMAD9	SOX4	SPIB	TFCP2L1
KEGG_DILATED_CARDIOMYOPATHY	0.00844020121082778	0.03577344059847509	0.03327036325939681	0.08148544530496693	5.047901922239362e-05	0.024748819067157535	0.006118124808867309	1	0.056092803686795256	2.951951483698423e-06	0.0010269542490186634	1	0.0019322089145648036	0.0003551294407891925	0.00011391946775629602	0.01763876510567597	0.03700870481025753	0.009823620216765971	0.0014706331271451267	0.0006395758147468289	0.009413476236407758	0.0001515238055946888
REACTOME_CARDIAC_CONDUCTION	0.0006636352481483865	0.0008176670231736516	9.633064360681232e-05	7.42518227803135e-06	1.969118212929999e-06	0.08823304356938166	1	0.0411637628461099	0.022724023158815387	0.0001179167086030608	0.00015159958192290102	0.00011546961097874675	6.857896457379553e-07	0.0009371148439530907	0.0010901411742068046	0.06556435482413059	0.00012669453121150198	0.0037713215203155626	1.8717025022207956e-05	0.000160206184634748	0.0007908979012518635	0.000580390745384296
REACTOME_DOPAMINE_NEUROTRANSMITTER_RELEASE_CYCLE	1.3688791797972222e-05	1	1	0.06487473885582584	0.0008380841994800603	0.032002328455345896	0.0008153443139961025	1.2982637443981204e-05	1.251042573202632e-06	0.0005644695545332645	0.0006334335467351737	0.014483744594407377	0.004268981044827647	0.0003219632231522551	1	0.00010804753254767263	0.040374532533125285	0.004268981044827647	0.0002470930468918553	0.01222126875733831	0.004144968761743195	0.006813841184163838
REACTOME_G_ALPHA_I_SIGNALLING_EVENTS	0.01092768558968904	0.0435304317430093	1	0.002896793197564529	2.5130587413269012e-06	0.02695401193022806	0.005425189578530887	0.02402774749915304	0.0020985984481779463	0.0015063985324811346	0.02602913933858164	0.015803666118042736	0.014363007870633715	0.00030285530809504024	0.0213220823538931	0.005157082092369203	0.025781264025648287	0.0007737356333827883	0.0037211270317372147	0.0009913738209588185	0.013307402613821018	2.0155965677060017e-05
REACTOME_G_ALPHA_Z_SIGNALLING_EVENTS	0.0005254611591222202	0.056760000723394155	0.053943633217810705	0.0017266959720424468	2.393703575354067e-07	0.0002928676023656873	4.137413039062565e-05	0.0004999186782155274	0.0009753382587346371	1.549086065466554e-05	0.009887173830857465	1	0.032062741463877664	0.0006682287418635635	0.0007172475874018813	1.3836778846476605e-05	0.0005254611591222202	0.0006226689752070191	0.000487504467601374	0.000501711203007349	0.004849219397871751	1.5942329876672545e-05
REACTOME_INSULIN_PROCESSING	0.0004992697155842274	1	1	0.0013467810300173966	0.00013447884061823512	1.6995828960864046e-05	0.02003061040378218	1.4733994339044543e-06	0.008881114762877562	0.0768795381857812	0.011489328310482438	0.01968079150456603	0.006758378689411204	0.05934298295661977	1	1	1	0.006758378689411204	0.005824901227502344	0.0002282447457442327	0.05666540828613886	0.0010781882234091045
REACTOME_INTEGRATION_OF_ENERGY_METABOLISM	1.9545395144149325e-05	2.531519527637638e-05	0.001549954420946742	0.04711475217372307	1.5296168442979763e-08	7.015734178716926e-06	2.6906645107183103e-05	2.3392049669501702e-06	5.7288658153464844e-05	2.2394633965028277e-06	1.9941747187779413e-05	0.001759960290005802	0.0009698231741023244	2.971804607598827e-05	3.639205494621045e-06	0.0012538857036193951	0.0001315804162631551	0.00017019631527093182	0.00011741369665929646	2.992077881347477e-06	0.0009119151462397834	0.0005290244512711206
REACTOME_MUSCLE_CONTRACTION	0.002327702749450933	0.006154754578061916	0.001107826966216252	5.083299047137224e-06	1.790478528107542e-06	1	1	1	1	0.00020688393299117536	0.0010106352171846966	0.0013104864673155747	4.345861678378693e-05	0.0033181230474430556	0.007999214608851002	1	0.0006027180090039108	0.0029914792473142438	4.91246643707921e-06	0.0001222277608694533	0.0007420588419443375	0.0028188400573090355
REACTOME_NEURONAL_SYSTEM	6.08592577444611e-08	8.458422851020941e-11	1.0634847458224073e-07	8.807266027588412e-11	2.1711887843167688e-10	5.765557253845088e-09	3.005862192484443e-08	2.1187779308817767e-09	9.398465562360236e-06	5.390309737451915e-07	1.4759919508833264e-08	1.60343472055402e-07	5.075442729429724e-07	3.563641270964979e-08	0.00018386268922743199	2.8336739070766725e-06	1.3001639875831472e-08	5.075442729429724e-07	1.896957702030022e-09	8.036198373417847e-10	9.864007466386937e-08	3.647568413978064e-08
REACTOME_NEUROTRANSMITTER_RECEPTORS_AND_POSTSYNAPTIC_SIGNAL_TRANSMISSION	0.0001411611278320235	3.94788192705775e-05	3.1405392996508574e-05	9.646175811517388e-05	3.6112661482956554e-05	0.0009634833922665953	6.226015076049585e-06	0.0001281509354146282	0.017328391999488657	0.00020688393299117536	0.010382083048516844	0.006154754578061916	0.0029914792473142438	5.059177021582428e-05	0.0303904551194647	9.28406057507658e-05	3.0108617706137153e-05	0.009985074303449637	2.558386864481843e-05	7.693391529062232e-06	0.0001786991183363451	4.683512935255152e-07
REACTOME_PEPTIDE_HORMONE_METABOLISM	3.584653453070352e-05	1	1	0.000228508218213741	7.521908410801359e-06	1.5289551328345752e-06	1	4.094684014077643e-08	0.014620651817833452	0.018785621764509042	0.021134760579915257	0.03577344059847509	0.009823620216765971	1	0.041063063310151415	0.07783287428156604	1	0.04152764236750339	0.0351638909488341	0.00012039968424137903	0.0018321264898967238	0.0001515238055946888
REACTOME_PHASE_0_RAPID_DEPOLARISATION	0.00027926835752634105	0.004605077822093073	0.04242510544994604	0.00010298282514142887	0.0011245707143722194	1	0.04543964064278305	0.019974115486087962	1	0.03447925015390929	1	1	2.0933699705905084e-06	0.023591146145514608	0.00042902586843629464	1	0.002706515122310127	1	0.01968775692837743	0.0018558380891007253	0.0029812133679653074	0.03486735781131012
REACTOME_POTASSIUM_CHANNELS	0.0005867543867726921	6.004114982971487e-10	1.5404159822596242e-05	2.853650649115025e-11	5.451472376849509e-07	4.74298191255329e-06	1.976352768540135e-05	0.0005497631127929781	0.0013091351440194243	1.3950383503935626e-06	5.315425877228108e-11	1.3224488415453095e-07	2.3406021589789106e-06	0.004104299016130075	0.05718408519863272	0.00014341795980621352	1.6700491378696114e-06	0.00012223182816561984	1.589728504391985e-08	3.439113549497108e-08	2.1285715088303903e-06	6.711942003023719e-05
REACTOME_REGULATION_OF_GENE_EXPRESSION_IN_ENDOCRINE_COMMITTED_NEUROG3_PROGENITOR_CELLS	1	1	1	1	1	1	1	1	0.002464371725894976	1	1	1.955485662286094e-08	0.002024500590286693	1	1	1	1.808869672936808e-07	1	1	1	1	1
REACTOME_REGULATION_OF_INSULIN_SECRETION	1.2499062367110625e-05	3.7421863966491387e-05	0.0032068726158419603	0.013737859264463692	2.3550364880442487e-08	4.689241703037528e-05	0.00042079644501380464	1.1905913926968381e-06	0.00024416519496639477	6.811291778374695e-06	8.724298968476596e-06	0.0035555751217245524	0.0001321875091336855	0.00014561014737834999	4.220569337021196e-06	0.00022063929679438932	1.2499062367110625e-05	0.0001321875091336855	1.1086701953266775e-05	5.548941198196822e-06	0.0008704295043918675	0.002171067197550891
REACTOME_SEROTONIN_NEUROTRANSMITTER_RELEASE_CYCLE	3.688639560350815e-06	1	1	1	0.004439512326945283	0.020140248809193517	0.009153978207722568	9.20353773284921e-05	7.2035761842226265e-06	0.003301742973261801	0.00023453186315280927	0.00899010781268439	0.0020742233986794645	0.00011784883382226496	1	0.0009579993655051133	1	0.0020742233986794645	0.0017787563257144479	0.05488891255119377	0.026849696478203455	0.0033433072278805653
REACTOME_TRANSMISSION_ACROSS_CHEMICAL_SYNAPSES	3.908625056947557e-08	1.0312452616512147e-05	4.664291511591312e-05	3.33028536965152e-05	8.736548710031045e-07	0.0001201410114711754	1.7861158898568874e-06	3.298131223683498e-08	0.00010874351429546181	5.8677735720324975e-05	0.0002924378997516408	0.0014455891616709238	0.00014826398191580825	8.83694443176708e-08	0.0004680751146458606	1.6638731190621314e-06	1.1201186315146217e-06	3.695284566984647e-05	8.990675939291037e-07	4.700425231374261e-06	7.517645954191465e-06	1.8427298165146766e-07
WP_CALCIUM_REGULATION_IN_THE_CARDIAC_CELL	9.024643304988977e-06	0.0014001176427729245	1	4.018768622549018e-06	4.25133950265888e-09	1.7679209214471747e-05	0.0014694405123519827	4.805082485459522e-05	3.2471156926838773e-05	1.120388946962425e-05	0.0014616760309085208	1	0.00036533768148594437	2.44517933001287e-06	5.6297002106742156e-06	4.749755980737458e-05	5.270705805604514e-05	3.0686423713177646e-07	7.71743405669767e-06	4.291242616694113e-06	6.606273862741485e-05	3.3589067316430743e-07
WP_PHOSPHODIESTERASES_IN_NEURONAL_FUNCTION	0.03937291013533195	0.06983322784042201	0.0664250314115773	1	0.0034788266273886315	0.0005098391280431436	4.643686358218879e-06	0.006468784253177429	0.055139299598102376	0.002208444700363743	0.014814708750311989	0.06983322784042201	0.04320401964594245	0.00013410559890170148	0.010780603496390984	0.02181247126515906	1	0.0010723332512806438	1	0.02737043639894332	0.007375907654348479	0.013572134060086172
WP_SUDDEN_INFANT_DEATH_SYNDROME_SIDS_SUSCEPTIBILITY_PATHWAYS	0.07636850644630822	0.009824044487668382	0.0016724128867645627	0.00018307992177146737	2.4319978944031817e-06	0.0008659276645126557	0.042692954205529876	0.007190594984014531	0.0011798091725242488	2.131873569766185e-05	2.886343348440512e-05	6.807696664168361e-07	0.0005817064606227218	0.002714567179170513	1	1	2.7460868268214256e-06	0.08633150719392457	0.006984200453132194	0.0001748014727803726	0.0023097117489803143	0.00010790078665068314
WP_SYNAPTIC_VESICLE_PATHWAY	5.461821153129875e-07	0.0653727923580032	1	0.0003434899863948848	5.202108877611078e-05	0.003745950343898019	0.0664544695365421	5.025966716143415e-07	1.5372223070020397e-06	0.01175140917839701	3.1222233909389274e-06	0.0653727923580032	9.941216730857683e-05	1.0172396659346994e-05	0.0009723034557798105	2.2136124425475856e-05	0.035788882863908356	9.941216730857683e-05	0.0007079714950199989	0.0007754707021210283	0.0064550456691936375	0.0019020761808676845
