	ARX	ASCL1	ASCL2	ETV1	FEV	FOXD4L5	FOXJ1	GATA2	HMBOX1	LMX1A	LMX1B	MAFA	MAFB	NEUROD1	NEUROG3	NR4A3	ONECUT1	PAX4	PAX6	PBX3	POU2F2	POU5F1	RFX6	SIX2	SMAD9	SOX4	SPIB	TFCP2L1	ZNF519	ZNF846
KEGG_MATURITY_ONSET_DIABETES_OF_THE_YOUNG	1	1	1	1	1	1	1	1	1	1	1	1	1	1	1	1	1	1	1	1	1	1	0.124498202575	1	1	1	1	1	1	1
KEGG_TYPE_II_DIABETES_MELLITUS	1	1	1	1	1	1	1	1	1	1	1	1	1	1	1	1	1	1	1	1	1	1	1	1	0.337326812611	1	1	1	1	1
NABA_MATRISOME	1	1	1	1	1	1	1	1	1	1	1	0.561394748835	1	1	1	1	1	1	1	1	1	1	1	1	1	1	1	1	1	1
REACTOME_CARDIAC_CONDUCTION	1	1	1	0.233670733912	0.0122422578651	1	1	1	1	1	1	1	0.408475559114	1	0.118351684629	1	1	1	1	1	1	1	1	1	0.0441299103983	1	0.540976810932	1	1	1
REACTOME_G_ALPHA_I_SIGNALLING_EVENTS	1	1	1	1	0.927415783675	1	1	1	1	1	1	1	1	1	1	0.151022276927	1	1	1	1	1	1	1	1	1	1	1	0.147019034772	1	1
REACTOME_G_ALPHA_Z_SIGNALLING_EVENTS	1	1	1	1	0.418507434841	1	1	1	1	1	1	1	1	1	1	1	1	1	1	1	1	1	1	1	1	1	1	1	1	1
REACTOME_HIGHLY_CALCIUM_PERMEABLE_NICOTINIC_ACETYLCHOLINE_RECEPTORS	1	1	1	0.67442201316	1	1	1	1	1	1	1	1	1	1	1	1	1	1	1	1	1	1	1	1	1	1	1	1	1	1
REACTOME_INSULIN_PROCESSING	1	1	1	1	1	1	1	1	1	0.657003280456	1	1	1	1	1	1	1	1	1	1	1	1	1	1	1	1	1	1	1	1
REACTOME_INTEGRATION_OF_ENERGY_METABOLISM	1	1	1	1	0.00922805052292	1	1	1	1	0.0883452453699	1	1	1	1	1	1	0.674061785485	1	1	1	1	1	1	1	1	1	1	1	1	1
REACTOME_ION_CHANNEL_TRANSPORT	1	1	1	1	1	1	1	0.170681897314	1	1	1	1	1	1	1	1	1	1	1	1	1	1	1	1	1	1	1	1	1	1
REACTOME_MUSCLE_CONTRACTION	1	1	1	0.081913104221	0.0279128944137	1	1	1	1	1	1	1	1	1	1	1	1	1	1	1	1	1	1	1	0.027439533187	1	1	1	1	0.904052064979
REACTOME_NEURONAL_SYSTEM	3.43021536561e-05	5.61327824955e-06	6.92684560404e-05	3.97106947658e-06	6.37233472922e-06	0.0130700769945	0.018306611691	0.00237537474916	0.00422777741635	8.18322085094e-07	0.0374011839744	1.90243698128e-05	2.19471452465e-05	0.0272121696059	0.000270685535843	0.000521538342968	1	0.188839071463	0.189265654293	0.047295089591	0.117974470679	0.249927993773	2.78876202253e-06	4.31705827408e-06	4.78039508423e-06	1.49781578473e-06	8.98696719842e-06	6.14767818853e-05	0.800481061357	0.664364200967
REACTOME_NEUROTRANSMITTER_RECEPTORS_AND_POSTSYNAPTIC_SIGNAL_TRANSMISSION	1	1	1	1	0.441853277697	1	1	1	1	0.712268653795	1	1	1	1	1	1	1	1	1	1	1	1	0.323488998283	1	0.126281384987	1	1	0.533783889547	1	1
REACTOME_PEPTIDE_HORMONE_METABOLISM	1	1	1	1	0.979951297768	1	1	1	1	0.00103683648688	1	1	1	1	1	1	1	1	1	1	1	1	1	1	1	1	1	1	1	1
REACTOME_PHASE_0_RAPID_DEPOLARISATION	1	1	1	0.0933080937834	1	1	1	1	1	1	1	1	1	1	0.075483759758	1	1	1	1	1	1	1	1	1	1	1	1	1	1	1
REACTOME_PHASE_2_PLATEAU_PHASE	1	1	1	1	1	1	1	1	1	1	1	1	1	1	1	1	1	1	1	1	1	1	1	0.584109071153	1	1	1	1	1	1
REACTOME_POTASSIUM_CHANNELS	1	3.91879913586e-05	0.579649715194	6.48238760903e-06	0.0279284450536	1	1	1	1	1	1	0.178480460593	2.1398348466e-05	0.025750179262	0.00250783499162	1	1	1	0.878837331502	1	1	1	0.346715263812	1	0.0387522079023	0.000181426060254	0.516115092044	1	1	0.235680448115
REACTOME_PRESYNAPTIC_DEPOLARIZATION_AND_CALCIUM_CHANNEL_OPENING	1	1	1	1	1	1	1	1	1	0.784738242097	1	1	1	1	1	1	1	1	1	1	1	1	0.352284461598	0.0291333293394	1	1	1	1	1	1
REACTOME_REGULATION_OF_GENE_EXPRESSION_IN_ENDOCRINE_COMMITTED_NEUROG3_PROGENITOR_CELLS	1	1	1	1	1	1	1	1	1	1	1	1	1	0.032566879688	1	1	1	1	1	1	1	1	0.201055280854	1	1	1	1	1	1	1
REACTOME_REGULATION_OF_INSULIN_SECRETION	1	1	1	1	0.02690025188	1	1	1	1	0.091397736929	1	1	1	1	1	1	1	1	1	1	1	1	1	1	1	1	1	1	1	1
REACTOME_STIMULI_SENSING_CHANNELS	1	1	1	1	1	1	1	0.998697351155	1	1	1	1	1	1	1	1	1	1	1	1	1	1	1	1	1	1	1	1	1	1
REACTOME_SYNTHESIS_SECRETION_AND_INACTIVATION_OF_GLUCOSE_DEPENDENT_INSULINOTROPIC_POLYPEPTIDE_GIP_	1	1	1	1	1	1	1	1	1	0.0692326048771	1	1	1	1	1	1	1	1	1	1	1	1	1	1	1	1	1	1	1	1
REACTOME_TRANSMISSION_ACROSS_CHEMICAL_SYNAPSES	0.00106395159351	1	1	0.20491962415	0.00156168449374	1	1	1	1	2.81120446495e-05	1	0.332706140443	1	1	1	0.0215994366479	1	1	1	0.450682183475	1	1	0.00245417570111	0.00253255933868	9.13690153267e-05	0.146946414029	0.0277316327707	0.105701334594	1	1
WP_CALCIUM_REGULATION_IN_THE_CARDIAC_CELL	0.125879070264	1	1	0.226402563033	0.00261448249177	1	1	1	1	1	0.638480850386	1	1	1	1	0.914504364008	1	1	1	1	1	1	1	0.571753035799	1	1	1	0.354604275409	1	1
WP_NICOTINE_ACTIVITY_ON_DOPAMINERGIC_NEURONS	1	1	1	1	1	1	1	1	1	1	1	1	1	1	1	0.197989063612	1	1	1	1	1	1	1	1	1	1	1	1	1	1
