	AEBP1	ARNT2	ARX	ASCL1	ASCL2	E2F7	ETV1	FEV	FOXJ1	FOXP2	GATA2	HIC1	HLF	INSM1	ISL1	LMX1A	LMX1B	MAFA	MAFB	MYT1	NEUROD1	NEUROD2	NEUROG3	NFAT5	NHLH1	NR4A3	ONECUT1	PAX4	PAX6	PBX3	POU5F1	RFX6	SETBP1	SIX2	SMAD9	SOX4	SPIB	ST18	TFCP2L1	TP73	ZFP69B	ZNF492	ZNF519	ZNF846
GO_ACTION_POTENTIAL	1	1	1	1	1	1	0.00268366857502	0.660923254949	1	1	1	1	1	1	1	1	1	1	0.759014032629	1	1	1	0.929857179485	1	1	1	1	1	1	1	1	1	1	1	1	1	1	1	1	1	1	1	1	1
GO_ADULT_BEHAVIOR	1	1	1	1	1	0.875476345199	1	1	0.317086374451	1	1	1	1	1	1	1	1	0.130045429536	0.684811235065	1	1	1	0.851835126936	1	1	0.000247045010743	0.187838213347	1	0.000740570007998	1	1	1	1	0.239272352906	1	0.0016506621466	1	1	0.16632371635	1	1	1	1	1
GO_ALCOHOL_BINDING	1	1	1	1	1	1	1	1	1	1	1	1	1	1	1	1	1	1	1	1	1	1	1	1	1	1	1	1	1	1	1	1	1	1	1	0.18019606105	1	1	1	1	1	1	1	1
GO_AXON	1	0.0516432844558	0.0	1	0.066184473503	0.0	0.0	0.0	0.0157786398874	1	0.0	1	1	1	0.0448584274987	0.0	0.000136801594627	0.0	0.0	1	0.207279323893	0.104564458807	0.0	1	1	0.0	0.00642514278789	0.174700135314	0.00570836505857	0.00063528282394	1	0.0	1	0.0	0.0	0.0	9.38814968876e-06	1	0.0	1	1	0.883639626008	0.00344790443231	0.259222819401
GO_AXON_DEVELOPMENT	1	1	0.00381673164982	1	1	1	0.000123335343663	0.0113513549129	1	1	0.717819673621	1	1	1	1	1	1	0.761773335779	1	1	1	1	0.00015169507768	1	1	0.00932955268122	1	1	1	1	1	1	1	1	1	0.00144738264485	1	1	1	1	1	1	1	1
GO_BEHAVIOR	1	1	1	1	1	0.0046225790833	1	0.0244183985046	1	1	0.167401951824	1	1	1	1	0.0276308935744	1	0.000422861460279	3.69172020912e-05	1	1	1	1	1	1	2.55242656593e-05	0.0275665418992	0.740639455618	0.000330804510053	1	1	1	1	0.00074181387697	0.460075057627	8.66986903812e-05	0.0405357807542	1	7.7224819249e-05	1	1	1	0.946170201149	0.0651220904025
GO_BIOLOGICAL_ADHESION	1	1	1	1	1	1	1	1	1	1	1	1	1	1	1	1	1	1	0.362814025495	1	1	1	0.30145057328	1	1	1	0.0123694438542	1	1	1	1	1	1	0.0364105917297	1	1	1	1	1	1	1	1	1	1
GO_CALCIUM_CHANNEL_COMPLEX	1	1	1	1	1	1	1	1	1	1	1	1	1	1	1	1	1	1	1	1	1	1	1	1	1	1	1	0.116723379513	1	1	1	1	1	0.528711563432	1	1	1	1	1	1	1	1	1	1
GO_CALCIUM_DEPENDENT_CELL_CELL_ADHESION_VIA_PLASMA_MEMBRANE_CELL_ADHESION_MOLECULES	1	1	1	1	1	1	1	1	1	1	1	1	1	1	1	1	1	1	1	1	1	1	1	1	1	1	1	1	1	1	1	1	0.390728212807	1	1	1	1	1	1	1	1	1	1	1
GO_CALCIUM_ION_BINDING	1	1	1	1	1	1	1	0.282297409263	1	0.653646808134	1	1	1	1	1	1	1	1	1	1	1	1	0.0984698109819	1	1	1	1	1	1	1	1	1	1	1	0.798725851917	0.0452259646629	1	1	1	1	1	1	1	1
GO_CALCIUM_ION_TRANSMEMBRANE_TRANSPORT	1	1	1	1	1	1	1	0.23702276772	1	1	1	1	1	1	1	1	1	1	1	1	1	1	1	1	1	1	0.134127483472	1	1	1	1	1	1	0.00463807673836	1	1	1	1	1	1	1	1	1	1
GO_CALCIUM_ION_TRANSMEMBRANE_TRANSPORTER_ACTIVITY	1	1	1	1	1	1	1	0.0158908554409	1	1	1	1	1	1	1	1	1	1	1	1	1	1	1	1	1	1	0.0177531654732	0.822503738998	1	1	1	1	1	0.00495618434368	1	1	1	1	1	1	1	1	1	1
GO_CARDIAC_CONDUCTION	1	1	1	1	1	1	1	0.000503375759215	1	1	1	1	1	1	1	1	1	1	0.00348353325556	1	1	1	1	1	1	1	1	1	0.0959418494346	1	1	1	1	1	0.00629652716519	0.0347086022976	1	1	0.531356857408	1	1	1	1	1
GO_CATECHOLAMINE_SECRETION	1	1	1	1	1	1	1	1	1	1	1	1	1	1	1	1	1	1	1	1	1	1	1	1	1	1	1	1	1	1	1	1	1	1	1	1	1	1	0.760918263869	1	1	1	1	1
GO_CATION_CHANNEL_ACTIVITY	1	1	0.00338039058743	0.0	0.0021350378073	0.00836004424645	0.0	0.0	1	1	0.0	1	1	1	0.0555028446561	0.0	0.14140534734	0.0	0.0	1	0.000559002810917	1.55399733052e-05	0.0	1	1	0.0311148832717	1.65124555092e-05	0.0463783452299	1.20428147485e-05	1	1	1.66764322712e-05	1	5.70848271586e-06	5.38759183488e-06	8.76154836571e-06	0.0	1	0.00024446747656	1	1	1	0.00330637566111	0.0036193363083
GO_CATION_CHANNEL_COMPLEX	1	1	0.0529956531484	1.44727935237e-05	0.147175814462	1	0.0	0.0	1	1	4.43515046622e-05	1	1	1	1	0.0	0.0780749418494	0.012867460298	0.0	1	0.0564458693743	0.750901899304	7.54803606884e-06	1	1	0.782329776387	0.00451482913061	0.0028126584572	1.8751934761e-05	1	1	1	1	0.000266660146634	0.000242105162544	1.59614010452e-05	1.34461947355e-05	1	0.00415714998193	1	1	1	1	0.00338043459206
GO_CATION_TRANSMEMBRANE_TRANSPORT	1	1	0.219979410217	0.0343760894066	0.0447220336494	0.00127128888826	0.0	0.0	1	1	0.0143141923949	1	1	1	1	0.0069886692718	0.0246731652555	0.0778317949743	0.0	1	1	1	0.000229802811504	1	1	0.053448774486	0.000468968006463	1	1.61141645423e-05	1	1	0.0355933441906	1	0.000195555797161	0.0114265253477	0.000158714790849	9.99980959304e-06	1	0.136287302399	1	1	1	0.0856038218468	0.0897582717875
GO_CATION_TRANSMEMBRANE_TRANSPORTER_ACTIVITY	1	1	0.31728085762	0.0142856985528	0.187817759361	1	0.0	0.0	1	1	0.0185370741605	1	1	1	1	0.0920380976688	1	0.00202130747036	0.0	1	1	0.00411409624126	7.25163014137e-06	1	1	1	0.00488934465369	1	0.00406562905098	1	1	0.206229121084	1	0.0755298346174	0.000683523569325	6.77820677863e-05	0.000592359746666	1	1	1	1	1	0.16420502808	1
GO_CATION_TRANSPORT	1	1	1	0.0321247205192	0.0190688371983	0.105346872511	0.0	0.0	1	1	0.0489379119434	1	1	1	1	0.0218247424504	0.196979669459	0.516519414688	0.000209436844491	1	1	1	0.0013868711821	1	1	0.109439033491	0.00989874715594	1	0.000512559080715	1	1	0.207916238539	1	0.00164306167951	0.166665186545	0.00815409134612	2.60395264822e-05	1	0.933803786268	1	1	1	0.0693014099169	1
GO_CELLULAR_COMPONENT_MORPHOGENESIS	1	1	5.73313616165e-05	1	1	1	0.0	0.000196065970752	1	1	0.77239586524	1	1	1	1	0.102494148891	0.753107009336	0.181837820914	0.494175929811	1	1	1	0.00556545625647	1	1	0.000191156322285	1	0.336471355155	1	0.0731245866724	1	0.0395931068245	1	0.120909212708	4.31755880725e-05	3.90322847169e-05	1	1	1	1	1	1	1	1
GO_CELL_BODY	1	1	0.00183274929861	1	1	0.327596066065	0.000157007999999	9.62165617624e-07	1	1	0.00973104815085	1	1	1	1	0.00476657598531	1	0.0142370593269	0.0	1	0.043587592888	1	7.32116658924e-05	1	1	0.0	1	1	0.0019533012948	0.0103723476198	1	0.000311426912573	1	0.00372159963734	0.000952109349346	0.00032085411543	0.0218188361811	1	0.0233673555781	1	1	1	0.0106671761762	1
GO_CELL_CELL_ADHESION_VIA_PLASMA_MEMBRANE_ADHESION_MOLECULES	1	1	1	1	1	1	1	1	1	1	1	1	1	1	1	1	1	1	1	1	1	1	1	1	1	1	0.122631860791	1	1	1	1	1	1	1	1	1	1	1	1	1	1	1	1	1
GO_CELL_CELL_SIGNALING	1	1	0.000161036148056	0.000379749732877	0.0	0.00431826551992	0.0	0.0	1	1	0.0	1	1	1	1	0.0	1.71667455002e-05	0.0	0.0	1	0.0434744511468	1	0.0	1	0.943891478199	0.0	0.123407735854	0.00224237017797	9.0627121776e-06	0.00143795986015	1	6.3163316697e-06	1	0.0	1.31525140334e-06	0.0	0.0	0.943879230585	0.0	1	1	1	0.00209205118946	0.000472621261396
GO_CELL_JUNCTION_ASSEMBLY	1	1	1	1	1	1	1	1	1	1	1	1	1	1	1	1	1	0.386210242294	1	1	1	1	1	1	1	0.0212825585299	0.993429152301	1	1	1	1	1	1	1	1	1	1	1	0.19714855077	1	1	1	1	1
GO_CELL_JUNCTION_ORGANIZATION	1	1	0.0292359763598	0.148920774795	0.150043461699	1	0.0242297298704	0.40465006976	1	1	1	1	1	1	1	0.000373567623116	1	0.00447563835555	0.000242483829802	1	1	1	0.376724168203	1	1	0.00733134238106	0.00118175357391	1	1	1	1	0.000487645718239	1	1	0.0560617557511	0.0113993435492	1	1	0.00295009937224	1	1	1	1	1
GO_CELL_MORPHOGENESIS	1	1	0.0123106244684	1	1	1	0.000384676053782	0.00879833301275	1	1	1	1	1	1	1	1	1	1	1	1	1	1	0.000795990475159	1	1	0.00280275413089	1	0.368348472857	1	1	1	1	1	1	0.0383573130087	0.00408677845788	1	1	1	1	1	1	1	1
GO_CELL_MORPHOGENESIS_INVOLVED_IN_DIFFERENTIATION	1	1	0.00529241717083	1	1	1	0.00104672417845	0.00336507882198	1	1	1	1	1	1	1	1	1	1	1	1	1	1	0.000264596569455	1	1	0.000602502636315	1	0.0961428400917	1	1	1	0.499759159388	1	1	0.621000872713	0.0304344560183	1	1	1	1	1	1	1	1
GO_CELL_MORPHOGENESIS_INVOLVED_IN_NEURON_DIFFERENTIATION	1	1	0.00314397704953	1	1	1	8.50460403317e-05	7.83559858677e-05	1	1	1	1	1	1	1	1	1	1	1	1	1	1	0.00013664614628	1	1	0.000381153211043	1	0.194618500112	1	0.527460436748	1	0.00617596161546	1	1	0.149621468021	0.012969238039	1	1	1	1	1	1	1	1
GO_CELL_PART_MORPHOGENESIS	1	1	9.51972974281e-05	1	1	1	0.0	0.000315810129268	1	1	0.698183898268	1	1	1	1	0.173336167576	0.472097568718	0.813092809093	0.933397949512	1	1	1	0.00123066127147	1	1	0.0001951281056	1	0.296131057723	1	0.0750977753007	1	0.0112672073663	1	0.16500845174	0.000532140251913	3.65188963616e-05	1	1	0.545413014086	1	1	1	1	1
GO_CELL_PROJECTION_ORGANIZATION	1	1	0.0316242707011	1	1	0.00225996379879	2.28141587777e-06	5.25599619094e-06	1	1	0.12480716626	1	1	1	1	0.0303385116594	5.85984757939e-06	0.0228712820275	0.00155241720939	1	1	1	0.00100202168323	1	0.468509512345	4.34065622845e-06	1	0.259681159234	1	0.0198465428177	1	1.48476680182e-05	1	1	0.00310069282408	4.53281960792e-05	1	1	0.000140814495553	1	1	1	1	1
GO_CENTRAL_NERVOUS_SYSTEM_DEVELOPMENT	1	1	1	1	1	1	1	1	1	1	1	1	1	1	1	1	1	1	1	1	1	1	1	1	1	1	1	1	1	1	1	1	1	1	1	1	1	1	0.106703771343	1	1	1	0.849305300626	1
GO_CHANNEL_INHIBITOR_ACTIVITY	1	1	1	1	1	1	1	1	1	1	0.801736730389	1	1	1	1	1	1	1	1	1	1	1	1	1	1	1	1	1	1	1	1	1	1	1	1	1	1	1	1	1	1	1	1	1
GO_CHANNEL_REGULATOR_ACTIVITY	1	1	1	1	1	1	1	1	1	1	1	1	1	1	1	1	1	1	0.449234002049	1	1	1	1	1	1	1	1	1	1	1	1	1	1	1	1	1	1	1	1	1	1	1	1	1
GO_CHEMICAL_HOMEOSTASIS	1	1	1	1	1	1	1	0.125166470932	1	1	1	1	1	1	1	1	1	1	1	1	1	1	1	1	1	1	1	1	1	1	1	1	1	1	1	1	0.812956708325	1	1	1	1	1	1	1
GO_CHEMICAL_SYNAPTIC_TRANSMISSION_POSTSYNAPTIC	1	1	1	1	1	1	1	1	1	1	1	1	1	1	1	1	1	1	1	1	1	1	0.473521207426	1	1	1	1	1	1	1	1	1	1	1	1	1	1	1	1	1	1	1	1	1
GO_CHONDROITIN_SULFATE_BINDING	1	1	1	1	1	1	1	1	1	1	1	1	1	1	1	1	1	1	1	1	1	1	0.599819406887	1	1	1	1	1	1	1	1	1	1	1	1	1	1	1	1	1	1	1	1	1
GO_CIRCULATORY_SYSTEM_PROCESS	1	1	1	1	1	1	1	1	1	1	1	1	1	1	1	1	1	0.347848954696	0.000261024344408	1	1	1	1	1	1	1	1	1	0.000911599344625	1	1	1	1	0.141030380656	0.000432047411415	0.0204223824079	1	1	0.535487308551	1	1	1	1	1
GO_CYTOSKELETAL_PROTEIN_BINDING	1	1	1	1	1	0.00029497655	0.000199279881241	1.14988516704e-05	1	1	1	1	1	1	0.0748057442232	1	0.188459099813	0.0314875218879	0.00689983881915	1	1	1	1	1	1	1	0.190702013873	1	1	0.281232494272	1	0.000186296894974	1	1	1	0.000701093525181	1	1	0.129781391655	1	1	1	1	0.00129582324328
GO_CYTOSKELETON_ORGANIZATION	1	1	1	1	1	1	1	1	1	1	1	1	1	1	1	1	1	1	1	1	1	1	1	1	1	1	1	1	1	1	1	0.557060750825	1	1	1	1	1	1	1	1	1	1	1	1
GO_DENDRITE_DEVELOPMENT	1	1	1	1	1	1	1	1	1	1	1	1	1	1	1	1	1	1	1	1	1	1	1	1	1	1	1	1	1	1	1	0.515953424255	1	1	1	1	1	1	1	1	1	1	1	1
GO_DENDRITIC_TREE	1	1	4.96928937803e-05	1	1	0.0226860982933	5.1060990645e-05	0.0	1	1	0.0788842880853	1	1	1	1	0.00010640100079	0.0129137034279	4.80998457053e-06	0.0	1	1	1	1	1	1	8.79878983839e-06	0.00239370903161	1	1	0.258426071778	1	1.03969233863e-05	1	0.688862104333	1.20293854116e-05	0.000156621040719	0.00222768872313	1	0.00122338690372	1	1	1	1	0.00920930190535
GO_DENSE_CORE_GRANULE	1	1	1	1	1	1	1	1	1	1	1	1	1	1	1	1	1	0.604519767659	1	1	1	1	1	1	1	1	1	1	1	1	1	1	1	1	1	1	1	1	1	1	1	1	1	1
GO_DEVELOPMENTAL_MATURATION	1	1	0.0509685648366	1	1	1	1	1	1	1	1	1	1	1	1	1	1	1	1	1	1	1	1	1	1	1	1	1	1	1	1	1	1	1	1	1	1	1	1	1	1	1	1	1
GO_DISTAL_AXON	1	1	0.000138412638583	1	1	1	0.028067412925	0.0	1	1	0.499561361365	1	1	1	1	0.0138770654525	1	0.2155696031	0.0	1	1	1	0.00178735041191	1	1	0.000310664010573	1	1	1	0.429065319623	1	0.0	1	0.773740476831	0.000113523080955	0.00019607297431	0.0423062254617	1	1	1	1	1	1	0.99137428012
GO_DIVALENT_INORGANIC_CATION_TRANSMEMBRANE_TRANSPORTER_ACTIVITY	1	1	1	1	1	1	0.922017886714	0.0148828585119	1	1	1	1	1	1	1	1	1	1	1	1	1	1	1	1	1	1	0.16721639063	1	1	1	1	1	1	0.0971179478936	1	1	1	1	1	1	1	1	1	1
GO_DIVALENT_INORGANIC_CATION_TRANSPORT	1	1	1	1	1	1	1	0.146417270436	1	1	1	1	1	1	1	1	1	1	1	1	1	1	1	1	1	1	1	1	1	1	1	1	1	1	1	1	1	1	1	1	1	1	1	1
GO_EXOCYTIC_VESICLE	1	1	0.304475876166	1	1	1	1	1	1	1	1	1	1	1	1	0.9729207451	1	1	1	1	1	1	1	1	1	0.965484488972	1	1	1	1	1	1	1	1	1	0.00403640147388	1	1	1	1	1	1	1	1
GO_EXTRACELLULAR_MATRIX	1	1	1	1	1	1	1	1	1	1	0.114189633616	1	1	1	1	1	1	0.627203583448	1	1	1	1	0.00378794248165	1	1	1	1	1	1	1	1	1	1	1	1	1	1	1	1	1	1	1	1	1
GO_GATED_CHANNEL_ACTIVITY	0.855043250353	1	0.000973411290421	0.0	0.000448264710687	0.043435507048	0.0	0.0	0.22899798031	1	5.6121291554e-06	1	1	1	0.010933819437	0.0	0.0460633845379	8.00519545052e-06	0.0	1	0.000118290020641	1.68162685377e-05	3.72566258877e-06	1	0.401559047538	0.00258539698788	1.44828323486e-05	0.0533709078126	2.79395259091e-05	1	0.377408106749	2.62558549902e-05	1	1.35523753919e-05	1.44788216077e-05	1.84128325678e-05	9.5239085437e-06	1	0.00032331448151	1	1	1	0.00386303830107	0.00436361631787
GO_GLUTAMATERGIC_SYNAPSE	1	1	0.0667786456357	1	1	1	1	0.472347115512	1	1	0.149712761813	1	1	1	1	1	1	1	0.188423123894	1	1	1	0.00014138041233	1	1	0.0125590087107	1	1	1	1	1	0.00455991845225	1	0.02931668212	0.016623539465	1	1	1	0.00691735977515	1	1	1	1	1
GO_HEAD_DEVELOPMENT	1	1	1	1	1	1	1	1	1	1	1	1	1	1	1	1	1	1	1	1	1	1	1	1	1	1	1	1	1	1	1	1	1	1	1	1	1	1	0.0251318295973	1	1	1	1	1
GO_HEART_PROCESS	1	1	1	1	1	1	1	0.981420960703	1	1	1	1	1	1	1	1	1	1	0.0297455072692	1	1	1	1	1	1	1	1	1	0.00131408112869	1	1	1	1	1	0.000233927756259	0.0453837187287	1	1	1	1	1	1	1	1
GO_HINDBRAIN_DEVELOPMENT	1	1	1	1	1	1	1	1	1	1	1	1	1	1	1	1	1	1	1	1	1	1	1	1	1	1	1	1	1	1	1	1	1	1	1	1	1	1	0.259295753656	1	1	1	0.294723337934	1
GO_HOMOPHILIC_CELL_ADHESION_VIA_PLASMA_MEMBRANE_ADHESION_MOLECULES	1	1	1	1	1	1	1	1	1	1	1	1	1	1	1	1	1	1	1	1	1	1	1	1	1	1	0.00471777687483	1	1	1	1	1	0.148947117325	1	1	1	1	1	0.187962484172	1	1	1	1	1
GO_HORMONE_ACTIVITY	1	1	1	1	1	1	1	1	1	1	1	1	1	1	1	1	1	1	0.128154280323	1	1	1	1	1	1	1	1	1	1	1	1	1	1	1	1	1	1	1	1	1	1	1	1	1
GO_HORMONE_TRANSPORT	1	1	0.0294583427886	1	1	1	0.809839593156	5.48913220451e-05	1	1	0.000209369631043	1	1	1	1	7.77796984697e-06	1	0.00101708640766	0.00423796669755	1	1	1	1	1	1	1	1	0.673897415125	0.122152870789	1	1	1	1	0.140217354586	0.361055752526	0.00861420487946	0.00693818350045	1	0.0689192012405	1	1	1	1	1
GO_INORGANIC_ION_TRANSMEMBRANE_TRANSPORT	1	1	0.285459188213	0.0657563498259	0.799043514753	1	0.0	0.0	1	1	0.0515809200927	1	1	1	1	0.00851281273759	0.189595474971	1	0.000146622519652	1	1	1	0.000300340001087	1	1	1	0.0108533736949	1	0.00206319133776	1	1	1	1	0.001743290668	0.249054261905	0.00034683639844	0.000115136858307	1	1	1	1	1	1	1
GO_INSULIN_SECRETION	1	1	0.00559713735598	1	1	1	1	0.0	1	1	0.0927956780309	1	1	1	1	0.0	0.188573022868	0.00132338923519	0.00670957539353	1	1	1	1	1	1	1	1	0.0112570949008	0.144883840191	1	1	1	1	1	0.360114852114	0.336364216636	0.245912369258	1	0.0363452566259	1	1	1	1	1
GO_INTRINSIC_COMPONENT_OF_PLASMA_MEMBRANE	1	1	0.00342678663573	0.000242252247525	0.0181087578336	1	3.26600048139e-05	0.0	1	1	2.49458938546e-05	1	1	1	1	0.000868466980634	0.45974687292	0.00228860557328	8.60882948295e-06	1	0.526028564588	0.350640648616	1.85086205777e-05	1	1	0.061303221791	0.000566073012098	1	0.193342222423	0.909864255002	1	1	1	0.00551020836437	0.00489110097909	0.000444529280014	0.00550987238885	1	0.162050855135	1	1	1	1	1
GO_INTRINSIC_COMPONENT_OF_PRESYNAPTIC_MEMBRANE	1	1	1	1	1	1	1	1	1	1	1	1	1	1	1	1	1	1	0.137726338965	1	1	1	1	1	1	1	1	1	1	1	1	1	1	1	1	1	1	1	1	1	1	1	1	1
GO_INTRINSIC_COMPONENT_OF_SYNAPTIC_MEMBRANE	1	1	1	1	1	1	1	1	1	1	1	1	1	1	1	1	1	0.528724846625	0.0272787080977	1	1	1	1	1	1	1	1	1	1	1	1	1	1	1	1	1	1	1	1	1	1	1	1	1
GO_ION_CHANNEL_REGULATOR_ACTIVITY	1	1	1	1	1	1	1	0.416762759103	1	1	0.901007928327	1	1	1	1	1	1	1	0.0886488858333	1	1	1	1	1	1	1	1	1	1	1	1	1	1	1	1	1	0.957702996236	1	0.55533379261	1	1	1	1	1
GO_ION_TRANSMEMBRANE_TRANSPORT	1	1	0.0340229525299	0.0240928458969	0.123510056299	0.0292834504296	9.89547373864e-06	0.0	1	1	0.000784191483637	1	1	1	1	0.00036625157191	0.0252170960815	0.0162690751166	1.74549926928e-05	1	1	0.279366459296	0.00246216858382	1	1	0.0324483066304	0.000747623921211	1	5.00309275808e-05	1	1	0.830995103498	1	0.00107915301851	0.0205509552793	4.48751152917e-05	2.7242099772e-05	1	0.308561724751	1	1	1	0.45303408881	1
GO_ION_TRANSMEMBRANE_TRANSPORTER_ACTIVITY	1	1	1	0.0805714560217	1	1	0.0	1.20569792772e-06	1	1	0.0246659976659	1	1	1	1	0.0303110744506	1	0.0456949767477	0.000223150230426	1	1	0.0314081930584	0.00363695975659	1	1	1	0.0135965305943	1	0.388867220711	1	1	1	1	1	0.127482819391	0.00302720577193	0.00134717799096	1	1	1	1	1	1	1
GO_ION_TRANSPORT	1	1	1	0.432662987266	1	1	0.0	0.0	1	1	0.0618731265184	1	1	1	1	0.0423261063356	1	1	0.000212213264894	1	1	1	0.0152401565155	1	1	0.0255602154296	0.272176461901	1	0.0410889210449	1	1	1	1	0.0218896988657	0.100802567639	0.00903239485277	1.37340489726e-05	1	1	1	1	1	1	1
GO_LIGAND_GATED_CATION_CHANNEL_ACTIVITY	1	1	1	0.0587692203848	1	1	0.010976209381	0.000378517319059	1	1	1	1	1	1	1	1	1	0.647891887832	1	1	1	1	1	1	1	1	1	1	0.00101135636847	1	1	1	1	1	0.793718076077	0.138734433028	0.29059586857	1	1	1	1	1	1	0.0253328979674
GO_LIGAND_GATED_ION_CHANNEL_ACTIVITY	1	1	1	0.0111176222525	1	1	0.000493970263597	0.00013149735464	1	1	0.165877123982	1	1	1	1	1	1	1	1	1	1	1	0.176524396644	1	1	1	1	1	0.00616814083615	1	1	1	1	1	1	0.00215433354351	0.234336654166	1	0.985060673717	1	1	1	1	0.0994703385253
GO_LOCOMOTORY_BEHAVIOR	1	1	1	1	1	1	1	1	1	1	1	1	1	1	1	1	1	1	1	1	1	1	1	1	1	0.595422090843	1	1	0.0457837525273	1	1	1	1	1	1	1	1	1	1	1	1	1	1	1
GO_MAIN_AXON	1	1	1	1	0.0114368243424	1	1	0.546872733312	1	1	1	1	1	1	1	1	1	1	0.608235084361	1	1	0.143104874368	1	1	1	1	1	1	1	1	1	1	1	1	1	0.370857340464	0.524462067764	1	1	1	1	1	1	1
GO_MEMBRANE_DEPOLARIZATION	1	1	1	1	1	1	0.000700670105677	0.00886705595822	1	1	1	1	1	1	1	0.892665078165	1	1	0.00136071561992	1	1	1	1	1	1	0.360779823969	0.224462378085	1	1	1	1	1	1	1	0.759251307043	0.0647850926735	0.238062410137	1	0.50924822549	1	1	1	1	1
GO_MEMBRANE_DEPOLARIZATION_DURING_ACTION_POTENTIAL	1	1	1	1	1	1	0.00350896674747	0.0657747860082	1	1	1	1	1	1	1	1	1	1	0.831060267973	1	1	0.695989371169	1	1	1	1	1	1	1	1	1	1	1	1	1	1	1	1	1	1	1	1	1	1
GO_MEMBRANE_DEPOLARIZATION_DURING_CARDIAC_MUSCLE_CELL_ACTION_POTENTIAL	1	1	1	1	1	1	0.111493074467	0.00733349885029	1	1	1	1	1	1	1	1	1	1	1	1	1	1	1	1	1	1	1	1	1	1	1	1	1	1	0.369761247854	1	1	1	1	1	1	1	1	1
GO_MEMBRANE_PROTEIN_COMPLEX	1	1	1	1	1	1	0.528316426766	1	1	1	1	1	1	1	1	1	1	1	1	1	1	1	1	1	1	1	1	1	1	1	1	1	1	1	1	1	1	1	1	1	1	1	1	1
GO_METAL_ION_TRANSMEMBRANE_TRANSPORTER_ACTIVITY	1	1	0.0127392361219	0.000419752353662	0.150470578559	1	0.0	0.0	1	1	0.00696396602536	1	1	1	1	0.0712855299531	1	0.0948531210696	0.0	1	1	0.000406353646419	0.0	1	1	1	0.00207891721289	1	0.0134369537106	1	1	0.0423700403937	1	0.00265069847685	0.000271970004979	3.77523350015e-05	0.00011722188596	1	1	1	1	1	0.0430918714712	1
GO_METAL_ION_TRANSPORT	1	1	1	0.0165562395354	0.229251648676	1	0.0	0.0	1	1	0.0269085098197	1	1	1	1	0.036053513475	1	1	0.00241769477701	1	1	1	0.00143550910181	1	1	0.0417803966002	0.00083882380411	1	0.000402566113876	1	1	1	1	0.0215820553994	0.146024749974	0.0127581560245	0.000234210039379	1	1	1	1	1	0.432034669307	1
GO_METENCEPHALON_DEVELOPMENT	1	1	1	1	1	1	1	1	1	1	1	1	1	1	1	1	1	1	1	1	1	1	1	1	1	1	1	1	1	1	1	1	1	1	1	0.0585439604388	1	1	0.307560889667	1	1	1	0.00909565209935	1
GO_MICROTUBULE	1	1	1	1	1	1	1	1	1	1	1	1	1	1	1	1	1	1	1	1	1	1	1	1	1	1	1	1	1	1	1	0.173608491889	1	1	1	1	1	1	1	1	1	1	1	1
GO_MICROTUBULE_BASED_PROCESS	1	1	1	1	1	1	1	1	1	1	1	1	1	1	1	1	1	1	1	1	1	1	1	1	1	1	1	1	1	1	1	0.556148623865	1	1	1	1	1	1	1	1	1	1	1	1
GO_MICROTUBULE_BINDING	1	1	1	1	1	1	0.769322432868	1	1	1	1	1	1	1	1	1	1	1	1	1	1	1	1	1	1	1	1	1	1	1	1	0.0181526472254	1	1	1	0.0429579524122	1	1	0.167190398479	1	1	1	1	0.345105391
GO_MICROTUBULE_CYTOSKELETON_ORGANIZATION	1	1	1	1	1	1	1	1	1	1	1	1	1	1	1	1	1	1	1	1	1	1	1	1	1	1	1	1	1	1	1	0.11960790324	1	1	1	1	1	1	1	1	1	1	1	1
GO_MONOVALENT_INORGANIC_CATION_TRANSMEMBRANE_TRANSPORTER_ACTIVITY	1	1	1	0.00727229958267	1	1	0.0233488021813	1	1	1	1	1	1	1	1	1	1	1	0.00590633661906	1	1	1	0.0338675649907	1	1	1	1	1	1	1	1	1	1	1	1	0.00535138413224	1	1	1	1	1	1	1	1
GO_MONOVALENT_INORGANIC_CATION_TRANSPORT	1	1	1	0.00357588978263	0.0518466831276	1	0.000577800335449	0.0139995603744	1	1	1	1	1	1	1	1	1	1	0.018747995061	1	1	1	0.0223991828753	1	1	1	1	1	0.380185630943	1	1	1	1	1	1	0.0165335418606	1	1	1	1	1	1	1	1
GO_MULTICELLULAR_ORGANISMAL_SIGNALING	1	1	1	1	1	1	0.000280057130541	9.13177013508e-05	1	1	1	1	1	1	1	1	1	0.0138895221884	0.0	1	1	1	0.00208828559671	1	1	1	0.443174630456	1	0.00321823696197	1	1	0.155126127939	1	0.80275204277	0.000315851837634	0.000138967272021	0.1433271692	1	0.0190730500672	1	1	1	1	1
GO_MUSCLE_CONTRACTION	1	1	1	1	1	1	0.785060182147	1	1	1	1	1	1	1	1	1	1	1	1	1	1	1	1	1	1	1	1	1	1	1	1	1	1	1	1	1	1	1	1	1	1	1	1	1
GO_NERVOUS_SYSTEM_PROCESS	1	1	1	1	1	1	1	1	1	1	1	1	1	1	1	1	1	1	1	1	1	1	1	1	1	1	1	1	1	1	1	1	1	1	1	1	1	1	0.677100114248	1	1	1	1	1
GO_NEURAL_NUCLEUS_DEVELOPMENT	1	1	1	1	1	1	1	1	1	1	1	1	1	1	1	1	1	1	1	1	1	1	1	1	1	1	1	1	0.523480566138	1	1	1	1	1	1	0.87335203665	1	1	1	1	1	1	1	1
GO_NEUROGENESIS	1	0.450037829897	0.000346682636962	1	0.712925707797	1.68010495982e-06	0.0	0.0	1	1	0.0374575847642	1	1	1	0.994379489214	0.0247977587952	1.76861111054e-05	8.40561491655e-06	0.0	1	0.00127841636565	1	0.0	1	0.733550325645	0.0	1	0.00121134248973	1	1.41937326488e-05	1	1.22156167661e-05	1	0.115670186636	8.68169943857e-06	8.72869237867e-06	0.00118442669361	1	3.74273889303e-06	1	0.158889543732	1	0.207578924648	1
GO_NEURONAL_DENSE_CORE_VESICLE	1	1	1	1	1	1	1	1	1	1	1	1	1	1	1	1	1	0.39037770054	1	1	1	1	1	1	1	1	1	1	1	1	1	1	1	1	1	1	1	1	1	1	1	1	1	1
GO_NEURON_DEVELOPMENT	1	1	3.24351417784e-05	1	1	0.000695550049994	0.0	0.0	1	1	0.0166484492076	1	1	1	1	0.000142730215886	1.03821460922e-05	5.20341151165e-05	2.07257211375e-05	1	0.0925669835407	1	7.57169587573e-06	1	1	0.0	1	0.0466361630796	1	0.000243208280617	1	1.73661565688e-05	1	0.205518178027	2.5556565256e-05	2.59156252058e-05	0.00365399331842	1	0.000211034053308	1	1	1	1	1
GO_NEURON_DIFFERENTIATION	1	1	3.98792634526e-06	1	0.682304182867	2.48435710799e-05	0.0	0.0	1	1	0.041864318836	1	1	1	1	0.000415820562946	0.0	0.0	0.0	1	9.9054883812e-05	1	0.0	1	0.0493683756898	0.0	1	0.000252174913726	1	1.24833615744e-06	1	0.0	1	0.0499971076077	0.0	0.0	0.000361366285247	1	0.0	1	0.377267241276	1	1	1
GO_NEURON_PROJECTION	1	6.57626683039e-05	3.73378284131e-05	1.23768315075e-05	2.09335939999e-05	1.46552650702e-05	1.13958195049e-05	3.65209288478e-06	2.07055831943e-05	0.0428317758707	1.78169713433e-05	0.288652866244	0.00151529579842	1	0.00151038750463	3.87918396072e-06	2.00898946812e-05	2.72343451855e-05	1.44506267561e-05	1	2.58913277231e-05	7.65600902974e-05	1.59054138962e-05	1	0.0223958092158	1.10050546351e-05	2.22965794126e-05	3.26283235114e-05	3.38695836752e-05	3.48227229992e-05	1	3.20171226128e-05	1	2.48931524355e-05	2.89534702517e-05	3.08521774031e-05	2.4190490316e-05	1	2.43888060557e-05	1	1	1	2.49471974403e-05	2.92705767242e-05
GO_NEURON_PROJECTION_GUIDANCE	1	1	1	1	1	1	0.00462114911403	1	1	1	1	1	1	1	1	1	1	1	1	1	1	1	0.136878062118	1	1	1	1	1	1	1	1	1	1	1	1	0.204529735475	1	1	1	1	1	1	1	1
GO_NEURON_PROJECTION_TERMINUS	1	1	0.00268129185477	1	1	1	1	0.429216564279	1	1	1	1	1	1	1	0.28952972949	1	1	0.0208993902036	1	1	1	0.435306959	1	1	0.974495778879	1	1	1	1	1	1	1	1	0.235482997456	0.787864535525	1	1	0.587093671206	1	1	1	1	1
GO_NEURON_SPINE	1	1	1	1	1	1	1	1	1	1	1	1	1	1	1	0.0246715424953	0.226388270563	1	0.36436815042	1	1	1	1	1	1	1	0.462255593518	1	1	0.221026864435	1	0.000382597592954	1	1	1	0.0434014577639	1	1	1	1	1	1	1	0.442158238877
GO_NEURON_TO_NEURON_SYNAPSE	1	1	0.000381870866022	1	1	8.12239914938e-06	1	0.000477060346315	1	1	0.762798148313	1	1	1	1	0.000109451051731	0.000349245207794	0.0249524654748	0.000645388058065	1	1	1	0.0041079014527	1	1	0.0	0.33760865714	0.0440661384566	1	0.00909528687819	1	0.0	1	0.0122967242796	8.94981628141e-06	3.63638455295e-05	1	1	1.93977131691e-06	1	1	1	1	0.00153436793405
GO_NEUROPEPTIDE_SIGNALING_PATHWAY	1	1	1	1	1	1	1	1	1	1	1	1	1	1	1	0.760462215145	1	1	1	1	1	1	1	1	1	1	1	1	1	1	1	1	1	1	1	1	1	1	1	1	1	1	1	1
GO_NEUROTRANSMITTER_SECRETION	1	1	0.180558811345	1	1	1	0.675648206187	0.00245227702508	1	1	1	1	1	1	1	1	0.905310176377	0.00272435281503	0.303438790615	1	1	1	1	1	1	9.27373113322e-05	1	1	1	1	1	0.0731067126854	1	0.310355455687	0.016069267621	0.15000525934	0.0493217027403	1	0.000743963549162	1	1	1	1	1
GO_NEUROTRANSMITTER_TRANSPORT	1	1	0.000789275598909	1	0.232559078139	1	0.0524061875163	0.0012638172196	1	1	1	1	1	1	1	1	0.597909957618	0.00623758291972	0.0288544470261	1	1	1	1	1	1	0.000171787871936	1	1	1	1	1	0.16189443421	1	0.0576977160026	0.0123016113376	0.0259093019722	0.0432553550191	1	0.00203927946105	1	1	1	1	1
GO_PASSIVE_TRANSMEMBRANE_TRANSPORTER_ACTIVITY	1	1	0.013284273433	0.0	0.0134643581868	0.540092800253	0.0	0.0	1	1	0.0	1	1	1	0.451844506031	0.0	0.19305200794	0.0	0.0	1	0.0148028016076	0.000515769881168	0.0	1	1	0.625255583928	0.0	0.181177836336	6.42045408883e-05	1	1	0.0105621733698	1	6.75251399562e-06	0.00036635972554	0.0	0.0	1	0.0107691706021	1	1	1	0.0659416409155	1
GO_PEPTIDE_HORMONE_SECRETION	1	1	0.00702632273383	1	1	1	1	0.0	1	1	0.0203234028244	1	1	1	1	0.0	0.948674838133	0.00102338958451	0.00113030234527	1	1	1	1	1	1	1	1	0.0263875358352	0.0338807654522	1	1	1	1	0.425898458889	0.0960977121082	0.0792108019153	0.0190043746849	1	0.0913987150927	1	1	1	1	1
GO_PEPTIDE_SECRETION	1	1	1	1	1	1	1	0.109194667561	1	1	1	1	1	1	1	0.00250651701428	1	1	1	1	1	1	1	1	1	1	1	1	1	1	1	1	1	1	1	1	1	1	1	1	1	1	1	1
GO_PERIKARYON	1	1	0.0337691876755	1	1	1	0.529702890614	0.18611658847	1	1	1	1	1	1	1	1	1	1	0.217149581579	1	1	1	0.00395484529712	1	1	0.0736736372593	1	1	1	1	1	1	1	1	1	1	1	1	1	1	1	1	1	1
GO_PLASMA_MEMBRANE_PROTEIN_COMPLEX	1	1	1	0.0731645098508	1	1	0.00786369168879	0.145785339208	1	1	1	1	1	1	1	1	1	1	0.0304949730114	1	1	1	0.442897600782	1	1	1	1	1	0.101847417285	1	1	1	1	1	0.45805582642	0.298926666205	0.0541206130916	1	1	1	1	1	1	1
GO_PLASMA_MEMBRANE_REGION	1	1	1	1	1	1	1	0.502748307335	1	1	0.204779326463	1	1	1	1	0.515961645508	0.834691462871	0.604686347705	0.000672553895862	1	1	1	0.549276498465	1	1	0.00878148078062	0.271037997713	1	1	0.351190547268	1	1	1	1	1	0.0555316110506	1	1	1	1	1	1	1	1
GO_POSITIVE_REGULATION_OF_ION_TRANSPORT	1	1	1	1	1	1	1	1	1	1	1	1	1	1	1	1	1	1	1	1	1	1	1	1	1	0.243622214404	1	1	1	1	1	1	1	1	1	1	1	1	1	1	1	1	1	1
GO_POSITIVE_REGULATION_OF_LIPID_LOCALIZATION	1	1	1	1	1	1	1	1	1	1	1	1	1	1	1	1	1	1	1	1	1	1	1	1	1	1	1	1	1	1	1	1	1	1	1	1	1	1	1	1	0.0184135436261	1	1	1
GO_POSITIVE_REGULATION_OF_LIPID_TRANSPORT	1	1	1	1	1	1	1	1	1	1	1	1	1	1	1	1	1	1	1	1	1	1	1	1	1	1	1	1	1	1	1	1	1	1	1	1	1	1	1	1	0.00174101265483	1	1	1
GO_POSITIVE_REGULATION_OF_SYNAPTIC_TRANSMISSION	1	1	1	1	1	1	1	1	1	1	1	1	1	1	1	1	1	1	1	1	1	1	1	1	1	0.321988201826	1	1	1	1	1	1	1	1	1	1	1	1	1	1	1	1	1	1
GO_POSITIVE_REGULATION_OF_TRANSPORT	1	1	1	1	0.522948149679	1	1	1	1	1	1	1	1	1	1	1	1	1	1	1	1	1	1	1	1	1	1	1	1	1	1	1	1	1	1	1	1	1	0.187869744613	1	1	1	1	1
GO_POSTSYNAPSE	1	0.856968398415	2.72701822479e-05	0.241824837139	1	0.000421397785886	7.67880117936e-05	0.0	3.60318313852e-05	1	7.72344259081e-06	1	0.0238019345595	1	1	0.0	5.78877202573e-06	1.40013919259e-05	0.0	1	1	1	8.65225847302e-06	1	1	1.29507684754e-06	8.91464540465e-05	0.563959751864	0.00505155347376	2.64819994982e-05	1	1.50806598298e-05	1	1.45380157512e-05	9.21385697206e-06	1.60031325191e-05	0.000249167919672	1	1.09951202173e-05	1	1	1	1	0.000733362173639
GO_POSTSYNAPTIC_DENSITY_MEMBRANE	1	1	1	1	1	0.574812189687	1	0.450504556761	1	1	1	1	1	1	1	1	1	1	0.508117936585	1	1	1	1	1	1	0.410379621461	1	1	1	1	1	0.226410807664	1	0.0462073800739	0.0155526103484	1	1	1	0.0141931214493	1	1	1	1	0.0271682135187
GO_POSTSYNAPTIC_MEMBRANE	1	1	1	1	1	0.0331091897549	0.00311077674744	0.0	2.72514007938e-05	1	4.74756169527e-05	1	0.00122477009348	1	1	1.64697165139e-05	0.00403086297129	2.59596906107e-05	9.98314862943e-06	1	1	1	0.00109247764353	1	1	1.34705153418e-05	0.000138768039665	0.478477037611	0.00179661371528	0.00079502046286	1	0.000111384370641	1	2.31353127456e-05	3.8034321139e-05	2.79079706038e-05	0.00131466990432	1	2.83508758705e-05	1	1	1	1	0.00216867833954
GO_POSTSYNAPTIC_SPECIALIZATION_MEMBRANE	1	1	1	1	1	0.155821036906	1	0.0676936215138	1	1	1	1	1	1	1	1	1	0.396855716081	1	1	1	1	1	1	1	0.235401901989	1	1	1	1	1	0.0810959264544	1	0.029298148417	0.0589232045827	0.506611536906	1	1	0.00265986897979	1	1	1	1	0.0109051372173
GO_POTASSIUM_CHANNEL_ACTIVITY	1	1	1	0.000137430210081	1	1	9.1066778336e-06	0.000345321287488	1	1	0.157748752869	1	1	1	1	0.550375829736	1	0.499812157928	5.13487307877e-05	1	0.00157724974469	1	0.00337237965825	1	1	1	1	1	1	1	1	1	1	1	0.0738259929742	0.000114918959371	1	1	1	1	1	1	1	1
GO_POTASSIUM_CHANNEL_COMPLEX	1	1	0.0982895776035	0.00141394896792	1	1	0.0835764161334	0.00278748433153	1	1	0.536742373742	1	1	1	1	0.238847432633	1	1	0.00326327920967	1	0.16336365756	1	0.000107343670554	1	1	1	1	1	0.101005338334	1	1	1	1	1	1	8.0277984374e-05	0.447517097127	1	1	1	1	1	1	1
GO_POTASSIUM_ION_TRANSMEMBRANE_TRANSPORTER_ACTIVITY	1	1	1	0.00529595277567	1	1	0.0042707471731	0.00755564492396	1	1	0.73670901881	1	1	1	1	1	1	1	0.000288288008336	1	0.0380846481732	1	0.0246628748939	1	1	1	1	1	1	1	1	1	1	1	0.0823895663091	0.000754967047578	1	1	1	1	1	1	1	1
GO_POTASSIUM_ION_TRANSPORT	1	1	1	0.0055605118562	0.0832022643771	1	0.000464248531897	0.00422992600284	1	1	0.0330763914254	1	1	1	1	0.779108443466	1	1	0.0052489015281	1	0.183379969897	1	0.0359322491135	1	1	1	1	1	1	1	1	1	1	1	1	0.00568214602999	1	1	1	1	1	1	1	1
GO_PRESYNAPSE	1	0.0361662681049	3.07097152019e-06	1	1	0.0236141129465	2.16634656414e-06	0.0	0.434083366281	1	0.0172800251206	1	1	1	0.415997535622	0.0	0.000111941646807	2.50442851879e-06	0.0	1	1	1	0.00159990832021	1	1	0.0	0.00572754795853	1	1	0.00660106280816	1	0.0	1	9.55472723226e-05	1.99391068082e-05	0.0	1.62932988856e-06	1	0.000552419924247	1	1	1	1	1
GO_PRESYNAPTIC_MEMBRANE	1	1	1	1	1	1	1	0.845453825521	1	1	0.134674062585	1	1	1	1	1	1	1	0.00901935774666	1	1	1	0.782699901641	1	1	0.0135977592183	1	1	1	1	1	1	1	1	1	0.38190713994	1	1	1	1	1	1	1	1
GO_PROTEIN_LOCALIZATION_TO_SYNAPSE	1	1	1	1	1	1	1	1	1	1	1	1	1	1	1	1	1	1	1	1	1	1	1	1	1	1	1	1	1	1	1	1	1	0.901015662712	1	1	1	1	1	1	1	1	1	1
GO_REGULATION_OF_BLOOD_CIRCULATION	1	1	1	1	1	1	0.232069802743	0.129988069179	1	1	1	1	1	1	1	1	1	1	0.0127077136442	1	1	1	0.023559174361	1	1	1	1	1	0.000424573703617	1	1	1	1	0.54594447925	0.00154566537816	0.0713911514402	1	1	1	1	1	1	1	1
GO_REGULATION_OF_CATION_CHANNEL_ACTIVITY	1	1	1	1	1	1	1	1	1	1	1	1	1	1	1	1	1	1	1	1	1	1	1	1	1	1	1	1	1	1	1	1	1	0.0316907738113	1	1	1	1	1	1	1	1	1	1
GO_REGULATION_OF_CATION_TRANSMEMBRANE_TRANSPORT	1	1	1	1	1	1	1	0.00608068666922	1	1	1	1	1	1	1	1	1	1	1	1	1	1	1	1	1	1	1	1	0.0357880520745	1	1	1	1	0.617264749367	1	1	0.131089366751	1	1	1	1	1	1	1
GO_REGULATION_OF_CELL_DEVELOPMENT	1	1	1	1	1	1	0.110647501266	0.0670180086308	1	1	1	1	1	1	1	1	1	0.853426207708	1	1	0.711301993306	1	0.000806033209179	1	1	0.000807527910396	1	1	0.036502976001	0.770277026719	1	0.000183241711979	1	1	0.0373546726576	0.223393416852	1	1	0.028175686228	1	1	1	1	1
GO_REGULATION_OF_CELL_MORPHOGENESIS	1	1	1	1	1	1	1	1	1	1	1	1	1	1	1	1	1	1	1	1	1	1	1	1	1	1	1	1	1	1	1	1	1	1	0.437179405385	1	1	1	1	1	1	1	1	1
GO_REGULATION_OF_CELL_PROJECTION_ORGANIZATION	1	1	1	1	1	1	0.0170406953055	0.0472871070695	1	1	1	1	1	1	1	1	0.472097568718	1	1	1	1	1	0.00386754461698	1	1	0.0001951281056	1	1	1	1	1	0.100494282055	1	1	0.313069289973	0.617830748285	1	1	1	1	1	1	1	1
GO_REGULATION_OF_EXOCYTOSIS	1	1	1	1	1	1	1	1	1	1	1	1	1	1	1	1	1	0.233170415925	0.959991382747	1	1	1	1	1	1	1	1	1	1	1	1	1	1	1	1	1	1	1	1	1	1	1	0.0598724352077	1
GO_REGULATION_OF_HEART_RATE	1	1	1	1	1	1	1	0.0627959234332	1	1	1	1	1	1	1	1	1	1	1	1	1	1	1	1	1	1	1	1	1	1	1	1	1	1	1	0.0789177290294	1	1	1	1	1	1	1	1
GO_REGULATION_OF_HEART_RATE_BY_CARDIAC_CONDUCTION	1	1	1	1	1	1	0.0838750045068	0.000658545510937	1	1	1	1	1	1	1	1	1	1	0.124821052385	1	1	1	1	1	1	1	1	1	1	1	1	1	1	1	0.123689044281	0.425113411516	1	1	1	1	1	1	1	1
GO_REGULATION_OF_HORMONE_LEVELS	1	1	0.0297936376407	1	1	1	1	0.00077046788657	1	1	0.00458210141514	1	1	1	1	1.76346631298e-07	1	0.00284174716563	0.0032863410826	1	1	1	1	1	1	1	1	1	0.316762852328	1	1	1	1	0.109370964148	1	0.00736789761471	0.635227067956	1	1	1	1	1	1	1
GO_REGULATION_OF_HORMONE_SECRETION	1	1	1	1	1	1	1	0.000106612327863	1	1	0.174752013658	1	1	1	1	0.000136712206659	1	0.0379153351735	0.546365027383	1	1	1	1	1	1	1	1	1	1	1	1	1	1	0.80885260838	1	0.175507107822	0.15943250579	1	1	1	1	1	1	1
GO_REGULATION_OF_INSULIN_SECRETION	1	1	1	1	1	1	1	0.000168103094809	1	1	1	1	1	1	1	0.00660605031579	1	0.112364451756	0.521062477811	1	1	1	1	1	1	1	1	0.417248603341	1	1	1	1	1	1	1	1	1	1	1	1	1	1	1	1
GO_REGULATION_OF_ION_TRANSMEMBRANE_TRANSPORT	1	1	1	0.11767878737	0.3376364313	1	0.0	0.0	1	1	0.425383543945	1	1	1	1	0.0402531900058	1	1	0.00454026730007	1	0.390409465548	1	1	1	1	0.97435897286	0.111632617842	1	0.00660293237323	1	1	0.196856512922	1	5.28810248926e-05	0.0278924225203	0.00284399208883	0.000105600138995	1	1	1	1	1	1	1
GO_REGULATION_OF_ION_TRANSPORT	1	1	1	0.122511577614	0.0347179623074	1	2.0600200179e-06	0.0	1	1	0.721549607472	1	1	1	1	0.0232960610423	1	1	0.00140386520888	1	0.0945580717316	1	1	1	1	0.00188306267913	0.568499083226	1	0.0239219879827	1	1	0.296991764311	1	2.73425517008e-05	0.0429292608305	0.00319114239049	7.58659859947e-05	1	0.567464773822	1	1	1	1	1
GO_REGULATION_OF_LIPID_TRANSPORT	1	1	1	1	1	1	1	1	1	1	1	1	1	1	1	1	1	1	1	1	1	1	1	1	1	1	1	1	1	1	1	1	1	1	1	1	1	1	1	1	0.307644031428	1	1	1
GO_REGULATION_OF_MEMBRANE_POTENTIAL	1	1	1	0.00439239585607	1	1	0.0	0.0	1	1	0.0	1	1	1	1	0.0	0.341700992851	0.0242540295473	0.0	1	1	0.609837343206	2.42525859395e-07	1	1	0.0104238366896	0.0822727295611	1	0.000143919479025	0.100491468373	1	0.297904038457	1	0.00179351034272	0.00254218114893	4.45342514632e-06	1.49442052333e-05	1	0.0121252905546	1	1	1	1	1
GO_REGULATION_OF_METAL_ION_TRANSPORT	1	1	1	1	1	1	1	0.376851413412	1	1	1	1	1	1	1	1	1	1	1	1	1	1	1	1	1	0.999000073288	1	1	0.41773600422	1	1	1	1	1	1	1	0.148722334349	1	1	1	1	1	1	1
GO_REGULATION_OF_NERVOUS_SYSTEM_DEVELOPMENT	1	1	1	1	1	0.0880092788409	0.0193796457906	0.0113527563996	1	1	1	1	1	1	1	1	0.0940121611968	0.374109707547	1	1	1	1	0.0	1	1	0.0	1	1	0.0431518260143	0.394953534724	1	2.24533459988e-05	1	1	0.00231491004403	0.00785330699627	1	1	0.00185803759014	1	1	1	1	1
GO_REGULATION_OF_NEURON_DIFFERENTIATION	1	1	0.473183408019	1	1	0.195886525415	0.000512650384649	0.0122004674719	1	1	1	1	1	1	1	1	0.155223511174	1	1	1	0.506244575668	1	0.000315835419977	1	1	2.40779714419e-05	1	1	0.0212284917718	0.234927358242	1	1.44330376983e-06	1	1	0.000423260226581	0.167724095587	1	1	0.00918907339612	1	1	1	1	1
GO_REGULATION_OF_NEURON_PROJECTION_DEVELOPMENT	1	1	1	1	1	0.696896201779	0.00209880802167	0.0477680659688	1	1	1	1	1	1	1	1	1	1	1	1	1	1	0.0140719181468	1	1	4.66660939225e-06	1	1	0.0817656618037	1	1	0.00137868873452	1	1	0.00293285845551	1	1	1	0.085328986479	1	1	1	1	1
GO_REGULATION_OF_NEUROTRANSMITTER_LEVELS	1	1	0.0313322281133	1	1	1	1	0.155391866117	1	1	1	1	1	1	1	1	1	0.0435922405965	0.186712222491	1	1	1	1	1	1	0.00673130274612	1	1	1	1	1	1	1	1	0.0893568542909	0.163944061636	0.288839452076	1	0.0600277033641	1	1	1	1	1
GO_REGULATION_OF_NEUROTRANSMITTER_TRANSPORT	1	1	1	1	1	1	1	1	1	1	1	1	1	1	1	1	1	1	1	1	1	1	1	1	1	1	1	1	1	1	1	1	1	1	1	1	1	1	0.622539401534	1	1	1	1	1
GO_REGULATION_OF_PEPTIDE_HORMONE_SECRETION	1	1	0.641312014288	1	1	1	1	0.000213020730594	1	1	1	1	1	1	1	0.000785174960802	1	0.0265619190848	0.120965371804	1	1	1	1	1	1	1	1	0.453583173522	1	1	1	1	1	1	1	0.336364216636	1	1	1	1	1	1	1	1
GO_REGULATION_OF_PEPTIDE_SECRETION	1	1	1	1	1	1	1	0.881703081617	1	1	1	1	1	1	1	0.902114154421	1	1	1	1	1	1	1	1	1	1	1	1	1	1	1	1	1	1	1	1	1	1	1	1	1	1	1	1
GO_REGULATION_OF_POSTSYNAPTIC_MEMBRANE_POTENTIAL	1	1	1	1	1	1	0.770728321232	1	1	1	1	1	1	1	1	1	1	1	1	1	1	1	1	1	1	1	1	1	1	1	1	1	1	1	1	1	1	1	1	1	1	1	1	1
GO_REGULATION_OF_REGULATED_SECRETORY_PATHWAY	1	1	1	1	1	1	1	1	1	1	1	1	1	1	1	1	1	1	1	1	1	1	1	1	1	1	1	1	1	1	1	1	1	1	1	1	1	1	1	1	1	1	0.05946913568	1
GO_REGULATION_OF_SECRETION	1	1	1	1	0.402669715883	1	0.109136446946	0.000120688314722	1	1	0.149125549681	1	1	1	1	0.00546509558942	1	0.00885002861549	0.0104734328243	1	1	1	1	1	1	0.0853304887895	1	0.945976930818	0.825973529396	1	1	1	1	0.806586437119	1	0.326900143551	0.0106076661644	1	0.0154946022661	1	1	1	1	1
GO_REGULATION_OF_SYNAPSE_STRUCTURE_OR_ACTIVITY	1	1	1	1	1	1	0.480571431049	1	1	1	1	1	1	1	1	1	1	1	1	1	1	1	1	1	1	1	1	1	1	1	1	1	1	1	1	1	1	1	1	1	1	1	1	1
GO_REGULATION_OF_SYNAPTIC_PLASTICITY	1	1	1	1	1	1	1	1	1	1	1	1	1	1	1	1	1	1	1	1	1	1	1	1	1	0.0154374026397	1	1	1	1	1	1	1	1	1	1	1	1	0.0874172533519	1	1	1	1	0.0475975983008
GO_REGULATION_OF_SYNAPTIC_VESICLE_CYCLE	1	1	0.739779026708	1	1	0.103669246225	1	0.00012737833771	1	1	1	1	1	1	1	1	1	0.246192417269	1	1	1	1	1	1	1	0.0235537875292	1	1	1	1	1	0.361863198141	1	1	0.03694506071	1	1	1	0.307560889667	1	1	1	1	1
GO_REGULATION_OF_SYNAPTIC_VESICLE_EXOCYTOSIS	1	1	1	1	1	1	1	0.517126190364	1	1	1	1	1	1	1	1	1	1	1	1	1	1	1	1	1	1	1	1	1	1	1	1	1	1	1	1	1	1	0.659946202486	1	1	1	1	1
GO_REGULATION_OF_SYSTEM_PROCESS	1	1	1	1	0.0385189778605	0.345054859842	0.00102972520232	1	1	1	1	1	1	1	1	1	1	1	0.00421251073224	1	0.463364578274	1	9.89449768918e-06	1	1	0.088739116867	1	1	1.70100325071e-05	1	1	1	1	0.395106324961	0.0014434356527	0.00221991368061	0.707276752663	1	7.52624401524e-05	1	1	1	1	1
GO_REGULATION_OF_TRANSMEMBRANE_TRANSPORT	1	1	1	0.135301899179	0.112153318106	1	5.50137385757e-06	0.0	1	1	0.488890296646	1	1	1	1	0.211176663648	1	1	0.00767042547726	1	0.40973733652	1	1	1	1	1	0.151406942128	1	0.0340429271701	1	1	0.645081565039	1	6.28801743685e-05	0.0487957034346	0.000384739745092	0.000344531026208	1	1	1	1	1	1	1
GO_REGULATION_OF_TRANSPORT	1	1	0.00605301563496	0.00787269914366	0.000144344983619	0.0278093697315	0.0	0.0	1	1	0.0	1	1	1	1	0.00084353598349	0.0265649314463	0.00111861443391	0.0	1	0.242347615886	1	1	1	1	0.0	1	0.0146460149063	0.014874678994	1	1	3.9341632136e-05	1	4.16069352571e-06	0.000901732737976	0.0	0.0	1	0.0	1	1	1	0.242347615886	1
GO_REGULATION_OF_TRANSPORTER_ACTIVITY	1	1	1	1	1	1	1	0.66896893263	1	1	1	1	1	1	1	1	1	1	1	1	1	1	1	1	1	1	1	1	0.294411447981	1	1	1	1	0.263548040009	1	1	1	1	1	1	1	1	1	1
GO_REGULATION_OF_TRANS_SYNAPTIC_SIGNALING	1	1	0.166893044127	1	0.408842852718	0.0564293566629	0.0	0.0	1	1	1	1	1	1	1	0.264687710761	1	0.000470948592677	0.000145291689144	1	1	1	0.000588649277501	1	1	0.0	0.528205587255	0.0750006182649	0.0149775145854	0.0482430029312	1	4.73500358402e-05	1	0.0122521331771	0.000356569560223	3.00152379566e-05	0.278455550875	1	0.0	0.555350520136	1	1	1	0.00299787825607
GO_RESPONSE_TO_AXON_INJURY	1	1	1	1	1	1	1	1	1	1	1	1	1	1	1	1	0.0413186063577	1	1	1	1	1	1	1	1	0.0768231595831	1	1	1	1	1	1	1	1	1	1	1	1	1	1	1	1	1	1
GO_SECRETION	1	1	1	1	0.275757666289	1	1	1	1	1	1	1	1	1	1	1	1	1	1	1	1	1	1	1	1	1	1	1	1	1	1	1	1	1	1	1	1	1	1	1	1	1	1	1
GO_SENSORY_ORGAN_DEVELOPMENT	1	1	1	1	1	1	1	1	1	1	1	1	1	1	1	1	1	0.145442442269	1	1	1	1	1	1	1	1	1	1	1	1	1	1	1	1	1	1	1	1	1	1	1	1	1	1
GO_SIGNAL_RELEASE	1	1	0.0169259671461	1	0.0277569128348	0.244267766493	0.015017075549	0.0	1	1	0.00257759096999	1	1	1	1	0.000423739314562	1	3.06720355843e-05	0.00251949046166	1	1	1	1	1	1	0.00225467518593	1	1	0.0180048074956	0.79772971081	1	0.305518879589	1	0.0114612676279	8.84654246578e-05	0.00348318294714	0.000230650980955	0.72522351877	5.18674637594e-05	1	1	1	1	1
GO_SITE_OF_POLARIZED_GROWTH	1	1	1	1	1	1	1	1	1	1	1	1	1	1	1	1	1	1	0.302603167046	1	1	1	1	1	1	1	1	1	1	1	1	0.0494502189372	1	1	1	1	1	1	1	1	1	1	1	1
GO_SODIUM_CHANNEL_ACTIVITY	1	1	1	0.035060118379	1	1	1	1	1	1	1	1	1	1	1	1	1	1	1	1	1	1	1	1	1	1	1	1	1	1	1	1	1	1	1	1	1	1	1	1	1	1	1	1
GO_SOMATODENDRITIC_COMPARTMENT	1	1	8.22124321576e-06	0.554975330175	0.208075393704	2.31247270793e-05	0.0	0.0	1	1	0.0	1	1	1	0.0585509259834	0.0	0.0003603689586	0.0	0.0	1	0.131248133833	0.301721384017	0.0	1	0.867502894779	0.0	4.28811067441e-05	0.013105565333	7.25282868963e-06	3.44455847445e-06	1	5.28625115581e-06	1	2.01499909647e-07	0.0	0.0	3.18254135634e-06	1	2.89255030761e-06	1	1	1	0.000205337584897	0.000150324260674
GO_SYNAPSE	1	0.000166884988484	2.56250390251e-05	0.0	5.97046686779e-06	0.0	0.0	0.0	5.14952136865e-05	1	8.27798853564e-06	1	0.00127859954291	0.070386977923	0.042094658065	0.0	5.68219657138e-06	1.05855349508e-05	0.0	0.119817323027	0.0117449265006	0.0020052931606	7.63637850065e-06	0.944010153645	0.00196962460988	0.0	1.12255022666e-05	1.11862486247e-05	2.21919906279e-05	2.19523159091e-05	1	1.60454017973e-05	1	1.30601602759e-05	1.7512388153e-05	1.46926956515e-05	1.1474411898e-05	1	1.10930627706e-05	0.0721875563515	1	1	0.0117449265006	1.42809926318e-05
GO_SYNAPSE_ASSEMBLY	1	0.560152121975	1	1	1	1	1	1	1	1	1	1	1	1	1	1	1	1	1	1	1	1	1	1	1	0.00795451030883	1	1	1	1	1	1	1	1	1	1	1	1	1	1	1	1	1	1
GO_SYNAPSE_ORGANIZATION	1	0.25476942491	0.00450634445068	1	1	1	0.00147785773005	0.111129427134	1	1	1	1	1	1	1	0.000140857422381	0.210982481265	1	0.015271136554	1	1	1	0.129256111066	1	1	0.0201483544161	0.0553685876234	1	1	1	1	2.28630008396e-05	1	1	0.217637674377	0.00202533704542	1	1	0.186646030841	1	1	1	1	1
GO_SYNAPTIC_MEMBRANE	1	1	0.0195166414087	1	1	0.00824420855668	0.000834374535172	0.0	0.000463797410704	1	4.36358236722e-06	1	0.00197307508085	1	1	0.0	0.00494198280893	1.77617956343e-05	1.68501181608e-06	1	1	1	1.1634871766e-05	1	1	0.0	6.11037340286e-05	1	0.00135328164396	0.000361375233363	1	3.48871440716e-05	1	1.23195585502e-05	3.03825670822e-05	1.74234178818e-05	0.0019672237628	1	2.82103305943e-05	1	1	1	1	0.000281939848942
GO_SYNAPTIC_SIGNALING	1	0.717949825187	0.00489293241675	0.00236328017849	0.00016485513622	0.000246820697451	0.0	0.0	0.0918618082857	1	0.0	1	1	1	1	0.0	1.40499867747e-05	0.0	0.0	0.0632068532466	1	1	0.0	1	1	0.0	0.00411716509656	0.00186563127192	1.97801139024e-07	1.34937599444e-05	1	0.0	1	0.0	0.0	0.0	0.0	1	0.0	1	1	1	0.00682530767401	0.00206278656394
GO_SYNAPTIC_VESICLE_EXOCYTOSIS	1	1	0.240956576908	1	1	1	1	0.0983282752727	1	1	1	1	1	1	1	1	1	0.105690882504	0.598187338828	1	1	1	1	1	1	0.00872086364343	1	1	1	1	1	1	1	1	1	1	1	1	0.00407278433563	1	1	1	1	1
GO_SYNAPTIC_VESICLE_LOCALIZATION	1	1	1	1	1	0.524438796407	1	1	1	1	1	1	1	1	1	1	0.655900361333	1	1	1	1	1	1	1	1	1	1	1	1	1	1	1	1	1	1	1	1	1	1	1	1	1	1	1
GO_SYNAPTIC_VESICLE_MEMBRANE	1	1	0.0354535922579	1	1	1	1	1	1	1	1	1	1	1	1	0.610104264428	0.939818651723	1	1	1	1	1	1	1	1	1	1	1	1	1	1	1	1	0.221001597709	1	0.0135005651395	1	1	1	1	1	1	1	1
GO_TAXIS	1	1	1	1	1	1	0.240672940491	1	1	1	1	1	1	1	1	1	1	1	1	1	1	1	0.406362341828	1	1	1	1	1	1	1	1	1	1	1	1	1	1	1	1	1	1	1	1	1
GO_TRANSMEMBRANE_TRANSPORT	1	1	1	0.653479213769	1	1	3.76802008584e-06	0.0	1	1	0.0177226154792	1	1	1	1	0.0228587173563	0.479346857837	1	0.00012641248648	1	1	1	0.498934967155	1	1	1	0.0210344836169	1	0.0110929570524	1	1	1	1	0.0990702740935	1	0.00220498645483	0.000415923994419	1	1	1	1	1	1	1
GO_TRANSMISSION_OF_NERVE_IMPULSE	1	1	1	1	1	1	0.0999784875622	1	1	1	1	1	1	1	1	1	1	1	1	1	1	1	1	1	1	1	1	1	1	1	1	1	1	1	1	0.736157223017	1	1	1	1	1	1	1	1
GO_TRANSPORTER_ACTIVITY	1	1	1	1	1	1	2.81711108361e-05	0.000104282414588	1	1	0.00522418932621	1	1	1	1	0.0370713808313	1	0.429281005878	0.000429944812064	1	1	1	0.0938275740023	1	1	1	0.355642050585	1	1	1	1	1	1	1	1	0.0331557118034	0.00376260885568	1	1	1	1	1	1	1
GO_TRANSPORTER_COMPLEX	1	1	0.643041622851	7.13214340741e-05	0.00948019302264	1	0.0	0.0	0.856294248207	1	0.0	1	1	1	1	0.0	0.400476322116	0.00171309618354	0.0	1	0.00269254987884	0.333875926825	0.0	1	1	0.0885766707531	0.0632353131603	0.0383756725924	9.89495209069e-06	1	1	1	1	0.000234990908005	0.00055557771862	8.73210767793e-06	6.7701226929e-06	1	0.00258634337157	1	1	1	1	0.0510018767137
GO_TRANSPORT_VESICLE	1	1	0.228884561449	1	1	1	1	0.275170794248	1	1	1	1	1	1	1	0.320638812268	1	1	0.345266025466	1	1	1	1	1	1	1	1	1	1	1	1	0.229246644179	1	1	1	0.00039776137549	1	1	0.447891023034	1	1	1	1	1
GO_TRANSPORT_VESICLE_MEMBRANE	1	1	0.0209551207195	1	1	1	0.167272423175	0.0167235346941	1	1	1	1	1	1	1	0.340303076425	0.138746113691	1	1	1	1	1	1	1	1	1	1	1	1	1	1	1	1	0.0525528706201	1	0.237263014242	1	1	1	1	1	1	1	1
GO_TUBULIN_BINDING	1	1	1	1	1	0.693916952619	0.0940245789914	0.594558777814	1	1	1	1	1	1	1	1	1	0.66012399457	1	1	1	1	1	1	1	1	1	1	1	1	1	0.00029617984069	1	1	1	0.0552585353743	1	1	0.929985967035	1	1	1	1	0.324453836206
GO_T_TUBULE	1	1	1	1	1	1	0.250709211133	1	1	1	1	1	1	1	1	1	1	1	1	1	1	1	1	1	1	1	1	1	1	1	1	1	1	1	1	1	1	1	1	1	1	1	1	1
GO_VESICLE_MEDIATED_TRANSPORT_IN_SYNAPSE	1	1	0.00191655506791	1	1	1	0.405203164516	7.53332056447e-06	1	1	1	1	1	1	1	1	0.316891843385	0.0117433605452	0.0129525111458	1	1	1	1	1	1	0.0	1	1	0.239229472756	0.873925475157	1	0.00326076758506	1	0.532754815393	0.00590554341997	0.00268099382691	0.412082568173	1	0.000186400045556	1	1	1	1	1
GO_VOLTAGE_GATED_CALCIUM_CHANNEL_ACTIVITY	1	1	1	1	1	1	1	0.386362176721	1	1	1	1	1	1	1	1	1	0.404674208946	0.0406181932536	1	1	1	1	1	1	1	1	0.849891105551	1	1	1	1	1	0.0683920999568	0.373189744638	1	1	1	1	1	1	1	1	1
GO_VOLTAGE_GATED_CALCIUM_CHANNEL_COMPLEX	1	1	1	1	1	1	1	1	1	1	1	1	1	1	1	0.0275003800264	1	1	0.0313297238649	1	1	1	1	1	1	1	1	0.00201994358457	1	1	1	1	1	0.00409350707887	0.303045300439	1	1	1	1	1	1	1	1	1
GO_VOLTAGE_GATED_CATION_CHANNEL_ACTIVITY	1	1	1	0.000117827417666	0.0249500747227	1	0.0	0.0	1	1	0.000622867721656	1	1	1	1	0.0206809062075	1	0.00653611417351	0.0	1	0.00110040271459	0.0529752971231	8.28564167499e-05	1	1	0.421015391674	1	0.00231565253927	0.0439940527188	1	1	0.00257276229871	1	0.0015983793114	1.00869460408e-05	8.407201004e-05	0.00121161899686	1	0.0460639605326	1	1	1	0.0907566246994	0.653074273182
GO_VOLTAGE_GATED_ION_CHANNEL_ACTIVITY	1	1	1	3.61436936847e-06	0.000599401078853	1	0.0	0.0	1	1	0.000844369604546	1	1	1	1	0.136024569244	1	0.0057535743998	0.0	1	0.000191974796309	0.00322649410806	1.49967649243e-05	1	1	0.551260554098	1	0.176059021706	0.0422259901479	1	1	0.00261784694536	1	0.000697874167898	0.0	1.148407644e-05	7.65929832758e-06	1	0.609686190766	1	1	1	0.0867505220459	0.384630878996
GO_VOLTAGE_GATED_POTASSIUM_CHANNEL_ACTIVITY	1	1	1	0.00675536345347	1	1	0.0252007945428	0.257341309683	1	1	0.205643612168	1	1	1	1	1	1	1	0.00620019906321	1	0.00593558695751	1	0.216609259851	1	1	1	1	1	1	1	1	1	1	1	1	0.0397442380142	1	1	1	1	1	1	1	1
