	ARNT2	ARX	ASCL1	ASCL2	E2F7	ETV1	FEV	FOXD4L5	FOXJ1	FOXP2	GATA2	HIC1	HLF	HMBOX1	INSM1	ISL1	LMX1A	LMX1B	MAFA	MAFB	MYT1	NEUROD1	NEUROD2	NEUROG3	NHLH1	NPAS3	NR4A3	ONECUT1	PAX4	PAX6	PBX3	PLAG1	POU2F2	POU5F1	RFX6	SETBP1	SIM1	SIX2	SMAD9	SOX4	SPIB	ST18	TFCP2L1	TP73	ZFP69B	ZNF519	ZNF846
GO_ACTION_POTENTIAL	1	1	1	1	1	0.00332115087507	0.818102577596	1	1	1	1	1	1	1	1	1	1	1	1	0.939526343361	1	1	1	1	1	1	1	1	1	1	1	1	1	1	1	1	1	1	1	1	1	1	1	1	1	1	1
GO_ADULT_BEHAVIOR	1	1	1	1	1	1	1	0.0345772283089	0.392478604084	1	1	1	1	1	1	1	1	1	0.160958377125	0.847672028621	1	1	1	1	1	1	0.000305710224045	0.232494259291	1	0.000916452143157	1	1	1	1	1	1	1	0.296159587414	1	0.00204272641376	1	1	0.205863406329	1	1	1	1
GO_ALCOHOL_BINDING	1	1	1	1	1	1	1	1	1	1	1	1	1	1	1	1	1	1	1	1	1	1	1	1	1	1	1	1	1	1	1	1	1	1	1	1	1	1	1	0.223034648926	1	1	1	1	1	1	1
GO_AXON	0.063917300993	0.0	1	0.0819149289088	0.0	0.0	0.0	0.0	0.019527870165	1	0.0	1	1	1	1	0.0555195614899	0.0	0.000169285218309	0.0	0.0	1	0.256558523425	0.129419393613	0.0	1	1	0.0	0.00795161347516	0.216231815698	0.0070645256368	0.000786158270936	1	1	1	0.0	1	0.14904005153	0.0	0.0	0.0	1.16167270501e-05	1	0.0	1	1	0.00426696089913	0.32085439703
GO_AXON_DEVELOPMENT	1	0.00472341391876	1	1	1	0.000152621311178	0.0140483949091	1	1	1	0.888531839615	1	1	1	1	1	1	1	0.942941815661	1	1	1	1	0.000187716000985	1	1	0.0115461503352	1	1	1	1	1	1	1	1	1	1	1	1	0.00179115784146	1	1	1	1	1	1	1
GO_BEHAVIOR	1	1	1	1	0.0057207449452	1	0.0302210152125	0.296049309433	1	1	0.207198362711	1	1	1	1	1	0.034197052475	1	0.000523284500403	4.56824597412e-05	1	1	1	1	1	1	3.15841462243e-05	0.034117397548	0.91678096307	0.000409362494878	1	1	1	1	1	1	1	0.000917991716582	0.56947813822	0.000107284935101	0.050169389685	1	9.55613508491e-05	1	1	1	0.0805999405697
GO_BIOLOGICAL_ADHESION	1	1	1	1	1	1	1	1	1	1	1	1	1	1	1	1	1	1	1	0.449080626847	1	1	1	0.373123867666	1	1	1	0.0153084304355	1	1	1	1	1	1	1	1	1	0.0450636808557	1	1	1	1	1	1	1	1	1
GO_CALCIUM_CHANNEL_COMPLEX	1	1	1	1	1	1	1	1	1	1	1	1	1	1	1	1	1	1	1	1	1	1	1	1	1	1	1	1	0.144469026515	1	1	1	1	1	1	1	1	0.654441730962	1	1	1	1	1	1	1	1	1
GO_CALCIUM_DEPENDENT_CELL_CELL_ADHESION_VIA_PLASMA_MEMBRANE_CELL_ADHESION_MOLECULES	1	1	1	1	1	1	1	1	1	1	1	1	1	1	1	1	1	1	1	1	1	1	1	1	1	1	1	1	1	1	1	1	1	1	1	0.483634268052	1	1	1	1	1	1	1	1	1	1	1
GO_CALCIUM_ION_BINDING	1	1	1	1	1	1	0.349415956272	1	1	0.809094633285	1	1	1	1	1	1	1	1	1	1	1	1	1	0.121875624429	1	1	1	1	1	1	1	1	1	1	1	1	1	1	0.988685630093	0.0559744659623	1	1	1	1	1	1	1
GO_CALCIUM_ION_TRANSMEMBRANE_TRANSPORT	1	1	1	1	1	1	0.293375087166	1	1	1	1	1	1	1	1	1	1	1	1	1	1	1	1	1	1	1	1	0.16601092952	1	1	1	1	1	1	1	1	1	0.00573992613092	1	1	1	1	1	1	1	1	1
GO_CALCIUM_ION_TRANSMEMBRANE_TRANSPORTER_ACTIVITY	1	1	1	1	1	1	0.019666755978	1	1	1	1	1	1	1	1	1	1	1	1	1	1	1	1	1	1	1	1	0.0219716618791	1	1	1	1	1	1	1	1	1	0.00613361891012	1	1	1	1	1	1	1	1	1
GO_CARDIAC_CONDUCTION	1	1	1	1	1	1	0.000622922024796	1	1	1	1	1	1	1	1	1	1	1	1	0.00431105615384	1	1	1	1	1	1	1	1	1	0.118746551999	1	1	1	1	1	1	1	1	0.00779244958055	0.0429570720451	1	1	0.657716715821	1	1	1	1
GO_CATECHOLAMINE_SECRETION	1	1	1	1	1	1	1	1	1	1	1	1	1	1	1	1	1	1	1	1	1	1	1	1	1	1	1	1	1	1	1	1	1	1	1	1	1	1	1	1	1	1	0.941884346222	1	1	1	1
GO_CATION_CHANNEL_ACTIVITY	1	0.00418340502752	0.0	0.00264217330677	0.0103462515577	0.0	0.0	0.000792327652022	1	1	0.0	1	1	1	1	0.0686943077989	0.0	0.175019425962	0.0	0.0	1	0.000691761431001	1.92291688639e-05	0.0	1	1	0.0385091401741	2.04325640183e-05	0.0574008513624	1.4901665536e-05	1	1	0.2689448056	1	2.06354759125e-05	1	1	7.06350193869e-06	6.66643293123e-06	1.08413612759e-05	0.0	1	0.000302520416959	1	1	0.00409180390416	0.00447911787664
GO_CATION_CHANNEL_COMPLEX	1	0.0655911025321	1.79085834706e-05	0.18216207871	1	0.0	0.0	0.000159908536168	1	1	5.48820291613e-05	1	1	1	1	1	0.0	0.0966318920333	0.0159248011205	0.0	1	0.0698614583339	0.929484353083	9.33973857953e-06	1	1	0.968388253093	0.00558738844704	0.00348078670943	2.3203805544e-05	1	1	1	1	1	1	1	0.000329983844289	0.000299596751684	1.97506562218e-05	1.66382210631e-05	1	0.00514472141392	1	1	1	0.00418346081228
GO_CATION_TRANSMEMBRANE_TRANSPORT	1	0.272278103155	0.0425455242444	0.0553507344634	0.00157323068347	0.0	0.0	1	1	1	0.0177153815689	1	1	1	1	1	0.00864905695685	0.0305363617099	0.0963309231171	0.0	1	1	1	0.000284372567818	1	1	0.0661519589865	0.000580342475994	1	1.99397048994e-05	1	1	1	1	0.0440521280264	1	1	0.000241992620449	0.0141414390217	0.000196402774672	1.23736074943e-05	1	0.16868437333	1	1	0.105950716664	0.111092758133
GO_CATION_TRANSMEMBRANE_TRANSPORTER_ACTIVITY	1	0.392719453444	0.0176801117072	0.232468868795	1	0.0	0.0	1	1	1	0.022941878874	1	1	1	1	1	0.113914616522	1	0.00250142146579	0.0	1	1	0.00509143660846	8.97296526281e-06	1	1	1	0.00605089252063	1	0.00503144762439	1	1	1	1	0.255258561204	1	1	0.0934817714738	0.000845855816137	8.38762933603e-05	0.000733041297134	1	1	1	1	0.203240854322	1
GO_CATION_TRANSPORT	1	1	0.0397590472487	0.0236000226337	0.130387828184	0.0	0.0	1	1	1	0.0605687910111	1	1	1	1	1	0.0270108666522	0.243809656519	0.639348849429	0.000259170018402	1	1	1	0.00171627072914	1	1	0.135452954079	0.012250590728	1	0.000634286486293	1	1	1	1	0.25734702355	1	1	0.00203332004364	0.20628611884	0.0100913747496	3.22217996909e-05	1	1	1	1	0.0857728494403	1
GO_CELLULAR_COMPONENT_MORPHOGENESIS	1	7.0944051197e-05	1	1	1	0.0	0.000242624017128	1	1	1	0.956090886233	1	1	1	1	1	0.126856891192	0.932214187453	0.225066924111	0.611689702443	1	1	1	0.00688765882797	1	1	0.000236548143172	1	0.416473432981	1	0.09050464286	1	1	1	0.0490026361043	1	1	0.149649840347	5.34268938771e-05	4.82997880114e-05	1	1	1	1	1	1	1
GO_CELL_BODY	1	0.00226806782924	1	1	0.405487911812	0.000194290632323	1.19054194969e-06	0.0574682954127	1	1	0.0120430442915	1	1	1	1	1	0.00589895617366	1	0.0176199097637	0.0	1	0.0539466124285	1	9.05951567698e-05	1	1	0.0	1	1	0.00241725742559	0.0128367180098	1	1	1	0.000385382458778	1	0.0512199362194	0.00460567847417	0.00117823704987	0.000397048873069	0.0270035483308	1	0.0289201272237	1	1	0.0132016159474	1
GO_CELL_CELL_ADHESION_VIA_PLASMA_MEMBRANE_ADHESION_MOLECULES	1	1	1	1	1	1	1	1	1	1	1	1	1	1	1	1	1	1	1	1	1	1	1	1	1	1	1	0.151782161926	1	1	1	1	1	1	1	1	1	1	1	1	1	1	1	1	1	1	1
GO_CELL_CELL_SIGNALING	1	0.000199275418219	0.000469932469776	0.0	0.00534411999097	0.0	0.0	0.00020376298513	1	1	0.0	1	1	1	1	1	0.0	2.12422114123e-05	0.0	0.0	1	0.0538065643605	1	0.0	1	1	0.0	0.152742515478	0.00277500561368	1.12140258901e-05	0.00177949587492	1	1	1	7.81564554575e-06	1	0.879601145217	0.0	1.62743702825e-06	0.0	0.0	1	0.0	1	1	0.00258897443628	0.000584863707451
GO_CELL_JUNCTION_ASSEMBLY	1	1	1	1	1	1	1	1	1	1	1	1	1	1	1	1	1	1	0.478041269972	1	1	1	1	1	1	1	0.0263398207096	1	1	1	1	1	1	1	1	1	1	1	1	1	1	1	0.244018765224	1	1	1	1
GO_CELL_JUNCTION_ORGANIZATION	1	0.0361835964868	0.184321963709	0.185711887714	1	0.0299874936552	0.500867532042	1	1	1	1	1	1	1	1	1	0.00046228194327	1	0.00553888385447	0.000300065529499	1	1	1	0.466298610135	1	1	0.00907315194131	0.00146242627025	1	1	1	1	1	1	0.000603455887664	1	1	1	0.0693861003795	0.0141077944203	1	1	0.0036508804282	1	1	1	1
GO_CELL_MORPHOGENESIS	1	0.0152356510428	1	1	1	0.000476029293937	0.0108886877088	1	1	1	1	1	1	1	1	1	1	1	1	1	1	1	1	0.000985036536556	1	1	0.00346852857649	1	0.455931294256	1	1	1	1	1	1	1	1	1	0.0474731669895	0.00505762442884	1	1	1	1	1	1	1
GO_CELL_MORPHOGENESIS_INVOLVED_IN_DIFFERENTIATION	1	0.00654973846319	1	1	1	0.00129532421835	0.00416445329864	1	1	1	1	1	1	1	1	1	1	1	1	1	1	1	1	0.000327430126337	1	1	0.000745593529191	1	0.118995392295	1	1	1	1	1	0.618601199582	1	1	1	0.768682276388	0.0376669897396	1	1	1	1	1	1	1
GO_CELL_MORPHOGENESIS_INVOLVED_IN_NEURON_DIFFERENTIATION	1	0.00389081892832	1	1	1	0.000105239836799	9.69611363559e-05	1	1	1	1	1	1	1	1	1	1	1	1	1	1	1	1	0.000169092751487	1	1	0.000471669394592	1	0.240886912719	1	0.652892457725	1	1	1	0.00764323291838	1	1	1	0.185189400974	0.0160507767863	1	1	1	1	1	1	1
GO_CELL_PART_MORPHOGENESIS	1	0.000117801687811	1	1	1	0.0	0.000390806695845	0.650536389064	1	1	0.864226332483	1	1	1	1	1	0.214543453916	0.584359677706	1	1	1	1	1	0.00152295270055	1	1	0.000241463292412	1	0.366539111078	1	0.0929469907537	1	1	1	0.0139442497922	1	1	0.204235337654	0.000658518606512	4.51895698961e-05	1	1	0.675116584112	1	1	1	1
GO_CELL_PROJECTION_ORGANIZATION	1	0.039139642447	1	1	0.00279678006218	2.82293188913e-06	6.50359659293e-06	0.00440194357472	1	1	0.154474746296	1	1	0.0536727178958	1	1	0.0375482329632	7.25080078434e-06	0.0283061450429	0.00192114335321	1	1	1	0.00124000278475	0.579918033366	1	5.3709765635e-06	1	0.321421913791	1	0.0245625598126	1	1	1	1.83724867604e-05	1	1	1	0.00383725023709	5.60906551967e-05	1	1	0.000174251261149	1	1	1	1
GO_CENTRAL_NERVOUS_SYSTEM_DEVELOPMENT	1	1	1	1	1	1	1	1	1	1	1	1	1	1	1	1	1	1	1	1	1	1	1	1	1	1	1	1	1	1	1	1	1	1	1	1	1	1	1	1	1	1	0.132067345799	1	1	1	1
GO_CHANNEL_INHIBITOR_ACTIVITY	1	1	1	1	1	1	1	1	1	1	0.992413212345	1	1	1	1	1	1	1	1	1	1	1	1	1	1	1	1	1	1	1	1	1	1	1	1	1	1	1	1	1	1	1	1	1	1	1	1
GO_CHANNEL_REGULATOR_ACTIVITY	1	1	1	1	1	1	1	1	1	1	1	1	1	1	1	1	1	1	1	0.556057731036	1	1	1	1	1	1	1	1	1	1	1	1	1	1	1	1	1	1	1	1	1	1	1	1	1	1	1
GO_CHEMICAL_HOMEOSTASIS	1	1	1	1	1	1	0.154919558729	1	1	1	1	1	1	1	1	1	1	1	1	1	1	1	1	1	1	1	1	1	1	1	1	1	1	1	1	1	1	1	1	1	1	1	1	1	1	1	1
GO_CHEMICAL_SYNAPTIC_TRANSMISSION_POSTSYNAPTIC	1	1	1	1	1	1	1	1	1	1	1	1	1	1	1	1	1	1	1	1	1	1	1	0.586122408438	1	1	1	1	1	1	1	1	1	1	1	1	1	1	1	1	1	1	1	1	1	1	1
GO_CHONDROITIN_SULFATE_BINDING	1	1	1	1	1	1	1	1	1	1	1	1	1	1	1	1	1	1	1	1	1	1	1	0.742461481595	1	1	1	1	1	1	1	1	1	1	1	1	1	1	1	1	1	1	1	1	1	1	1
GO_CIRCULATORY_SYSTEM_PROCESS	1	1	1	1	1	1	1	1	1	1	1	1	1	1	1	1	1	1	0.430556779243	0.000323009505205	1	1	1	1	1	1	1	1	1	0.00112810548778	1	1	1	1	1	1	1	0.17455526888	0.000534652819878	0.0252752230788	1	1	0.662829834476	1	1	1	1
GO_CYTOSKELETAL_PROTEIN_BINDING	1	1	1	1	0.000365025113149	0.000246600933611	1.42285572267e-05	1	1	1	1	1	1	0.258919591806	1	0.0925854910281	1	0.233263049681	0.0389703834979	0.00853911108013	1	1	1	1	1	1	1	0.236039099913	1	1	0.348097738324	1	1	1	0.000230534654184	1	1	1	1	0.000867599618393	1	1	0.160631473077	1	1	1	0.00160359367926
GO_CYTOSKELETON_ORGANIZATION	1	1	1	1	1	1	1	1	1	1	1	1	1	1	1	1	1	1	1	1	1	1	1	1	1	1	1	1	1	1	1	1	1	1	0.689534813306	1	1	1	1	1	1	1	1	1	1	1	1
GO_DENDRITE_DEVELOPMENT	1	1	1	1	1	1	1	1	1	1	1	1	1	1	1	1	1	1	1	1	1	1	1	1	1	1	1	1	1	1	1	1	1	1	0.638647859263	1	1	1	1	1	1	1	1	1	1	1	1
GO_DENDRITIC_TREE	1	6.14917393872e-05	1	1	0.0280769385989	6.31847107389e-05	0.0	1	1	1	0.0976336356989	1	1	1	1	1	0.000131665543259	0.0159820368049	5.95171461737e-06	0.0	1	1	1	1	1	1	1.0887446563e-05	0.00296229891499	1	1	0.319868116876	1	1	1	1.28650020954e-05	1	1	0.852686540689	1.48850434862e-05	0.000193811725474	0.00275683596431	1	0.00151394965506	1	1	1	0.0113973257004
GO_DENSE_CORE_GRANULE	1	1	1	1	1	1	1	1	1	1	1	1	1	1	1	1	1	1	0.748279865354	1	1	1	1	1	1	1	1	1	1	1	1	1	1	1	1	1	1	1	1	1	1	1	1	1	1	1	1
GO_DEVELOPMENTAL_MATURATION	1	0.0630821612415	1	1	1	1	1	1	1	1	1	1	1	1	1	1	1	1	1	1	1	1	1	1	1	1	1	1	1	1	1	1	1	1	1	1	1	1	1	1	1	1	1	1	1	1	1
GO_DISTAL_AXON	1	0.000171278914206	1	1	1	0.0347373032531	0.0	0.156283218771	1	1	0.618356168923	1	1	1	1	1	0.0171743509331	1	0.266819910178	0.0	1	1	1	0.00221188359789	1	1	0.000384438266149	1	1	1	0.531090926522	1	1	1	0.0	1	1	0.957755584525	0.000140479003337	0.000242632760654	0.0523605859282	1	1	1	1	1	1
GO_DIVALENT_INORGANIC_CATION_TRANSMEMBRANE_TRANSPORTER_ACTIVITY	1	1	1	1	1	1	0.0184191915786	1	1	1	1	1	1	1	1	1	1	1	1	1	1	1	1	1	1	1	1	0.206968556631	1	1	1	1	1	1	1	1	1	0.120202315297	1	1	1	1	1	1	1	1	1
GO_DIVALENT_INORGANIC_CATION_TRANSPORT	1	1	1	1	1	1	0.181223157948	1	1	1	1	1	1	1	1	1	1	1	1	1	1	1	1	1	1	1	1	1	1	1	1	1	1	1	1	1	1	1	1	1	1	1	1	1	1	1	1
GO_EXOCYTIC_VESICLE	1	0.376869069368	1	1	1	1	1	1	1	1	1	1	1	1	1	1	1	1	1	1	1	1	1	1	1	1	1	1	1	1	1	1	1	1	1	1	1	1	1	0.00499527524789	1	1	1	1	1	1	1
GO_EXTRACELLULAR_MATRIX	1	1	1	1	1	1	1	1	1	1	0.141332908603	1	1	1	1	1	1	1	0.77636080599	1	1	1	1	0.00468778426366	1	1	1	1	1	1	1	1	1	1	1	1	1	1	1	1	1	1	1	1	1	1	1
GO_GATED_CHANNEL_ACTIVITY	1	0.00120459862255	0.0	0.000554721859754	0.053758347764	0.0	0.0	0.0	0.28344150077	1	6.94427259129e-06	1	1	1	1	0.0135316287875	0.0	0.0570109812635	9.90543423152e-06	0.0	1	0.000146378079184	2.08085163916e-05	4.60999613283e-06	0.497041212414	1	0.00319952861828	1.79210168301e-05	0.0660555647488	3.45729932851e-05	1	1	0.00786900681281	0.467145615425	3.24894989472e-05	1	0.0313976284464	1.67696241503e-05	1.79160482753e-05	2.27841831349e-05	1.17847163403e-05	1	0.000400093640833	1	1	0.00478072244561	0.00540024611414
GO_GLUTAMATERGIC_SYNAPSE	1	0.0826503476891	1	1	1	1	0.584668751128	1	1	1	0.185302455932	1	1	1	1	1	1	1	1	0.233218446823	1	1	1	0.000174951667209	1	1	0.0155430409365	1	1	1	1	1	1	1	0.00564319293268	1	1	0.0362835156643	0.0205735691245	1	1	1	0.00856079740231	1	1	1	1
GO_HEAD_DEVELOPMENT	1	1	1	1	1	1	1	0.466013718719	1	1	1	1	1	1	1	1	1	1	1	1	1	1	1	1	1	1	1	1	1	1	1	1	1	1	1	1	1	1	1	1	1	1	0.0311040600312	1	1	1	1
GO_HEART_PROCESS	1	1	1	1	1	1	1	1	1	1	1	1	1	1	1	1	1	1	1	0.0368142704428	1	1	1	1	1	1	1	1	1	0.00162618850299	1	1	1	1	1	1	1	1	0.000289477219453	0.0561697300344	1	1	1	1	1	1	1
GO_HINDBRAIN_DEVELOPMENT	1	1	1	1	1	1	1	1	1	1	1	1	1	1	1	1	1	1	1	1	1	1	1	1	1	1	1	1	1	1	1	1	1	1	1	1	1	1	1	1	1	1	0.320944773754	1	1	0.364796576243	1
GO_HOMOPHILIC_CELL_ADHESION_VIA_PLASMA_MEMBRANE_ADHESION_MOLECULES	1	1	1	1	1	1	1	1	1	1	1	1	1	1	1	1	1	1	1	1	1	1	1	1	1	1	1	0.00583856216289	1	1	1	1	1	1	1	0.184354626893	1	1	1	1	1	1	0.232648221665	1	1	1	1
GO_HORMONE_ACTIVITY	1	1	1	1	1	1	1	1	1	1	1	1	1	1	1	1	1	1	1	0.158617483533	1	1	1	1	1	1	1	1	1	1	1	1	1	1	1	1	0.0643883717473	1	1	1	1	1	1	1	1	1	1
GO_HORMONE_TRANSPORT	1	0.0364588522291	1	1	1	1	6.79246300409e-05	0.359900468984	1	1	0.000259086762242	1	1	1	1	1	9.62426774587e-06	1	0.00125864619361	0.0052447419173	1	1	1	1	1	1	1	1	0.834162754521	0.151189217206	1	1	1	1	1	1	1	0.173548920056	0.446904003788	0.0106608032893	0.00858657118619	1	0.0852997709822	1	1	1	1
GO_INORGANIC_ION_TRANSMEMBRANE_TRANSPORT	1	0.353329586615	0.0813849730254	0.989079156668	1	0.0	0.0	0.106132890528	1	1	0.063840094276	1	1	1	1	1	0.0105353186409	0.234669420289	1	0.000181438818054	1	1	1	0.000371662467322	1	1	1	0.0134320611007	1	0.00255325709818	1	1	1	1	1	1	1	0.00215735805725	0.308267722237	0.000429202109023	0.000142476060525	1	1	1	1	1	1
GO_INSULIN_SECRETION	1	0.00692686870106	1	1	1	1	0.0	1	1	1	0.114852338964	1	1	1	1	1	0.0	0.233403818883	0.0016377084161	0.00830363409739	1	1	1	1	1	1	1	1	0.0139317302261	0.179324977306	1	1	1	1	1	1	1	1	0.44573910214	0.41634068807	0.304378640992	1	0.0449828043849	1	1	1	1
GO_INTRINSIC_COMPONENT_OF_PLASMA_MEMBRANE	1	0.00424082518352	0.000299778859263	0.0224117641042	1	4.04143857496e-05	0.0	0.335306509163	1	1	3.08684398802e-05	1	1	0.682894672161	1	1	0.00107472844444	0.569071732299	0.00283222610499	1.06523731762e-05	1	0.65111987417	0.434012390362	2.29027192233e-05	1	1	0.0758733816816	0.000700510969509	1	0.239307137996	1	1	1	1	1	1	1	0.00681928119787	0.00605306801132	0.000550099137586	0.0068188632409	1	0.200574387048	1	1	1	1
GO_INTRINSIC_COMPONENT_OF_PRESYNAPTIC_MEMBRANE	1	1	1	1	1	1	1	1	1	1	1	1	1	1	1	1	1	1	1	0.170465593842	1	1	1	1	1	1	1	1	1	1	1	1	1	1	1	1	1	1	1	1	1	1	1	1	1	1	1
GO_INTRINSIC_COMPONENT_OF_SYNAPTIC_MEMBRANE	1	1	1	1	1	1	1	1	1	1	1	1	1	1	1	1	1	1	0.654458380986	0.0337611420905	1	1	1	1	1	1	1	1	1	1	1	1	1	1	1	1	1	1	1	1	1	1	1	1	1	1	1
GO_ION_CHANNEL_REGULATOR_ACTIVITY	1	1	1	1	1	1	0.51586184517	1	1	1	1	1	1	1	1	1	1	1	1	0.109719579656	1	1	1	1	1	1	1	1	1	1	1	1	1	1	1	1	1	1	1	1	1	1	0.687396513372	1	1	1	1
GO_ION_TRANSMEMBRANE_TRANSPORT	1	0.0421084380971	0.02981807218	0.152869206673	0.0362423637694	1.22444961889e-05	0.0	0.0152397560959	1	1	0.000970435374177	1	1	1	1	1	0.000453228199072	0.0312096087221	0.0201348589795	2.15989103665e-05	1	1	0.345787928946	0.00304702291167	1	1	0.040159545207	0.000925182209771	1	6.19100539501e-05	1	1	1	1	1	1	1	0.00133545542573	0.0254343220069	5.55299799893e-05	3.370992921e-05	1	0.381926479223	1	1	0.560762156489	1
GO_ION_TRANSMEMBRANE_TRANSPORTER_ACTIVITY	1	1	0.0997219074822	1	1	0.0	1.49187872633e-06	1	1	1	0.0305274714763	1	1	1	1	1	0.0375142635992	1	0.0565549803886	0.000276140154719	1	1	0.0388721902067	0.00450092924264	1	1	1	0.0168271483991	1	0.48133031657	1	1	1	1	1	1	1	1	0.15778636135	0.00374630543597	0.00166714778587	1	1	1	1	1	1
GO_ION_TRANSPORT	1	1	0.535544748962	1	1	0.0	0.0	1	1	1	0.0765787620534	1	1	1	1	1	0.0523852082555	1	1	0.000262605898034	1	1	1	0.0188614055253	1	1	0.031634201471	0.336888027632	1	0.0508540198812	1	1	1	1	1	1	1	0.0270912669921	0.124763104147	0.0111783733894	1.69944312804e-05	1	1	1	1	1	1
GO_LIGAND_GATED_CATION_CHANNEL_ACTIVITY	1	1	0.0727370966339	1	1	0.0135840946355	0.000468407234599	1	1	1	1	1	1	1	1	1	1	1	0.801970334662	1	1	1	1	1	1	1	1	1	1	0.00125155486339	1	1	1	1	1	1	1	1	0.982486237666	0.171713378873	0.359688014419	1	1	1	1	1	0.0313529393603
GO_LIGAND_GATED_ION_CHANNEL_ACTIVITY	1	1	0.013759115136	1	1	0.000611282632538	0.000162721328545	1	1	1	0.205310581544	1	1	1	1	1	1	1	1	1	1	1	1	0.218490038554	1	1	1	1	1	0.00763355167411	1	1	1	1	1	1	1	1	1	0.00266605320433	0.290049979747	1	1	1	1	1	0.12311405088
GO_LOCOMOTORY_BEHAVIOR	1	1	1	1	1	1	1	1	1	1	1	1	1	1	1	1	1	1	1	1	1	1	1	1	1	1	0.737018729317	1	1	0.0566648728718	1	1	1	1	1	1	1	1	1	1	1	1	1	1	1	1	1
GO_MAIN_AXON	1	1	1	0.0141541895224	1	1	0.676924081736	0.573844323005	1	1	1	1	1	1	1	1	1	1	1	0.752879195568	1	1	0.177123011189	1	1	1	1	1	1	1	1	1	1	1	1	1	1	1	1	0.45903699117	0.649181520649	1	1	1	1	1	1
GO_MEMBRANE_DEPOLARIZATION	1	1	1	1	1	0.00086707536407	0.0109737451795	1	1	1	1	1	1	1	1	1	1	1	1	0.00168390182045	1	1	1	1	1	1	0.446562325776	0.277827220907	1	1	1	1	1	1	1	1	1	1	0.939820346286	0.0801828216686	0.294662092482	1	0.630347954643	1	1	1	1
GO_MEMBRANE_DEPOLARIZATION_DURING_ACTION_POTENTIAL	1	1	1	1	1	0.00434253281891	0.0814078168693	1	1	1	1	1	1	1	1	1	1	1	1	1	1	1	0.861509354125	1	1	1	1	1	1	1	1	1	1	1	1	1	1	1	1	1	1	1	1	1	1	1	1
GO_MEMBRANE_DEPOLARIZATION_DURING_CARDIAC_MUSCLE_CELL_ACTION_POTENTIAL	1	1	1	1	1	0.137995376988	0.00907582363229	1	1	1	1	1	1	1	1	1	1	1	1	1	1	1	1	1	1	1	1	1	1	1	1	1	1	1	1	1	1	1	0.457680132521	1	1	1	1	1	1	1	1
GO_MEMBRANE_PROTEIN_COMPLEX	1	1	1	1	1	0.653952421023	1	1	1	1	1	1	1	1	1	1	1	1	1	1	1	1	1	1	1	1	1	1	1	1	1	1	1	1	1	1	1	1	1	1	1	1	1	1	1	1	1
GO_METAL_ION_TRANSMEMBRANE_TRANSPORTER_ACTIVITY	1	0.0157661005539	0.00051943669987	0.186240598217	1	0.0	0.0	0.704901886955	1	1	0.00861848190963	1	1	1	1	1	0.0882284898676	1	0.117399003282	0.0	1	1	0.000502855539742	0.0	1	1	1	0.00257271912515	1	0.0166296392543	1	1	1	1	0.0524396002032	1	1	0.00328034485358	0.000336554739625	4.67159080046e-05	0.000145056223149	1	1	1	1	0.053333047604	1
GO_METAL_ION_TRANSPORT	1	1	0.0204902711094	0.283755658255	1	0.0	0.0	1	1	1	0.0333029498155	1	1	1	1	1	0.0446216993635	1	1	0.00299198306531	1	1	1	0.0017764624632	1	1	0.0517097246246	0.00103804400726	1	0.000498168376469	1	1	1	1	1	1	1	0.0267104939177	0.18073727126	0.0157895208678	0.000289826626558	1	1	1	1	0.534766855021	1
GO_METENCEPHALON_DEVELOPMENT	1	1	1	1	1	1	1	1	1	1	1	1	1	1	1	1	1	1	1	1	1	1	1	1	1	1	1	1	1	1	1	1	1	1	1	1	1	1	1	0.0724582523973	1	1	0.380687440039	1	1	0.0112566668704	1
GO_MICROTUBULE	1	1	1	1	1	1	1	1	1	1	1	1	1	1	1	1	1	1	1	1	1	1	1	1	1	1	1	1	1	1	1	1	1	1	0.214880586268	1	1	1	1	1	1	1	1	1	1	1	1
GO_MICROTUBULE_BASED_PROCESS	1	1	1	1	1	1	1	1	1	1	1	1	1	1	1	1	1	1	1	1	1	1	1	1	1	1	1	1	1	1	1	1	1	1	0.688405555519	1	1	1	1	1	1	1	1	1	1	1	1
GO_MICROTUBULE_BINDING	1	1	1	1	1	0.952285606649	1	1	1	1	1	1	1	1	1	1	1	1	1	1	1	1	1	1	1	1	1	1	1	1	1	1	1	1	0.0224660896304	1	1	1	1	0.0531672845819	1	1	0.206936319664	1	1	1	0.427160608684
GO_MICROTUBULE_CYTOSKELETON_ORGANIZATION	1	1	1	1	1	1	1	1	1	1	1	1	1	1	1	1	1	1	1	1	1	1	1	1	1	1	1	1	1	1	1	1	1	1	0.148039307909	1	1	1	1	1	1	1	1	1	1	1	1
GO_MONOVALENT_INORGANIC_CATION_TRANSMEMBRANE_TRANSPORTER_ACTIVITY	1	1	0.00900007866428	1	1	0.0288971558228	1	1	1	1	1	1	1	1	1	1	1	1	1	0.00730953941805	1	1	1	0.0419160964156	1	1	1	1	1	1	1	1	1	1	1	1	1	1	1	0.00662271842654	1	1	1	1	1	1	1
GO_MONOVALENT_INORGANIC_CATION_TRANSPORT	1	1	0.0044253491265	0.0641690616303	1	0.000715023668018	0.0173259624798	1	1	1	1	1	1	1	1	1	1	1	1	0.023202926448	1	1	1	0.0277218353964	1	1	1	1	1	0.470583709792	1	1	1	1	1	1	1	1	1	0.0204621736051	1	1	1	1	1	1	1
GO_MULTICELLULAR_ORGANISMAL_SIGNALING	1	1	1	1	1	0.000346562425257	0.000113000818503	1	1	1	1	1	1	1	1	1	1	1	0.0171897729289	0.0	1	1	1	0.00258431358582	1	1	1	0.548556973385	1	0.00398272157604	1	1	1	1	0.192002991521	1	1	0.993670311676	0.000390858556614	0.000171965355124	0.17739820512	1	0.0236052440661	1	1	1	1
GO_MUSCLE_CONTRACTION	1	1	1	1	1	0.971768638641	1	1	1	1	1	1	1	1	1	1	1	1	1	1	1	1	1	1	1	1	1	1	1	1	1	1	1	1	1	1	1	1	1	1	1	1	1	1	1	1	1
GO_NERVOUS_SYSTEM_PROCESS	1	1	1	1	1	1	1	1	1	1	1	1	1	1	1	1	1	1	1	1	1	1	1	1	1	1	1	1	1	1	1	1	1	1	1	1	1	1	1	1	1	1	0.838127647946	1	1	1	1
GO_NEURAL_NUCLEUS_DEVELOPMENT	1	1	1	1	1	1	1	1	1	1	1	1	1	1	1	1	1	1	1	1	1	1	1	1	1	1	1	1	1	0.64796620158	1	1	1	1	1	1	1	1	1	1	1	1	1	1	1	1	1
GO_NEUROGENESIS	0.557052878821	0.000429011696732	1	0.882473708308	2.07889352066e-06	0.0	0.0	0.000125127441457	1	1	0.0463595685843	1	1	1	1	1	0.0306905727192	2.18849115114e-05	1.040091672e-05	0.0	1	0.00158205149823	1	0.0	0.90800471634	1	0.0	1	0.0014990436599	1	1.75632578423e-05	1	1	1	1.51154939125e-05	1	1	0.143165439717	1.0742547635e-05	1.08006991062e-05	0.00146573473464	1	4.6311271823e-06	1	0.196661365643	0.256929433771	1
GO_NEURONAL_DENSE_CORE_VESICLE	1	1	1	1	1	1	1	1	1	1	1	1	1	1	1	1	1	1	0.483200105039	1	1	1	1	1	1	1	1	1	1	1	1	1	1	1	1	1	1	1	1	1	1	1	1	1	1	1	1
GO_NEURON_DEVELOPMENT	1	4.01361086296e-05	1	1	0.000860738777875	0.0	0.0	0.0402421503606	1	1	0.0206044043747	1	1	0.41837126502	1	1	0.000176622042136	1.28467128172e-05	6.43889716506e-05	2.56462182996e-05	1	0.114569249562	1	9.36901756088e-06	1	1	0.0	1	0.0577198846971	1	0.000300962108239	1	1	1	2.14889704111e-05	1	1	0.254378435103	3.16241242952e-05	3.20684616029e-05	0.00452201060669	1	0.000261146585482	1	1	1	1
GO_NEURON_DIFFERENTIATION	1	4.93451778816e-06	1	0.844568484493	3.07418045978e-05	0.0	0.0	0.000592295872615	1	1	0.0518136078628	1	1	1	1	1	0.000514570846694	0.0	0.0	0.0	1	0.000122575327341	1	0.0	0.0611016001611	1	0.0	1	0.000312058511156	1	1.5446379259e-06	1	1	1	0.0	1	1	0.0618798000796	0.0	0.0	0.000447182481672	1	0.0	1	0.466971107535	1	1
GO_NEURON_PROJECTION	8.13773803483e-05	4.62029700818e-05	1.53149892799e-05	2.59034505012e-05	1.81343960928e-05	1.41010529179e-05	4.51896229003e-06	2.81711036498e-06	2.56212912872e-05	0.0530110874283	2.2046852808e-05	0.357282702821	0.00187520317645	0.679738300237	1	0.00186912849047	4.79996232094e-06	2.48594244203e-05	3.37003228501e-05	1.78811487269e-05	1	3.20383853101e-05	9.4738726288e-05	1.96813714242e-05	0.0277176512678	1	1.36175078153e-05	2.75900492793e-05	4.03751696449e-05	4.19111650873e-05	4.30906198553e-05	0.0867480654274	1	1	3.96188280243e-05	1	1	3.08031670635e-05	3.58277160606e-05	3.81772821445e-05	2.99336537751e-05	1	3.01790620281e-05	1	1	3.08700627372e-05	3.62201226636e-05
GO_NEURON_PROJECTION_GUIDANCE	1	1	1	1	1	0.00571897345039	1	1	1	1	1	1	1	1	1	1	1	1	1	1	1	1	1	0.169415617286	1	1	1	1	1	1	1	1	1	1	1	1	1	1	1	0.253154837619	1	1	1	1	1	1	1
GO_NEURON_PROJECTION_TERMINUS	1	0.00331820853314	1	1	1	1	0.531278303841	1	1	1	1	1	1	1	1	1	0.358368275984	1	1	0.0258655692807	1	1	1	0.538817766068	1	1	1	1	1	1	1	1	1	1	1	1	1	1	0.291469142906	0.975240252843	1	1	0.726709275839	1	1	1	1
GO_NEURON_SPINE	1	1	1	1	1	1	1	0.298001922172	1	1	1	1	1	1	1	1	0.0305343436351	0.280211074011	1	0.4510044207	1	1	1	1	1	1	1	0.572177374279	1	1	0.273574756711	1	1	1	0.000473457088155	1	1	1	1	0.0537161893077	1	1	1	1	1	1	0.547298546524
GO_NEURON_TO_NEURON_SYNAPSE	1	0.000472557627909	1	1	1.00504624221e-05	1	0.000590357214242	1	1	1	0.944210654067	1	1	1	1	1	0.000135439946796	0.000432183092482	0.0308820627137	0.000798662618105	1	1	1	0.00508376858002	1	1	0.0	0.417881281622	0.0545389409919	1	0.0112562113062	1	1	1	0.0	1	1	0.0152184384868	1.10743271703e-05	4.49976911223e-05	1	1	2.40019562625e-06	1	1	1	0.00189880585629
GO_NEUROPEPTIDE_SIGNALING_PATHWAY	1	1	1	1	1	1	1	1	1	1	1	1	1	1	1	1	0.941319538028	1	1	1	1	1	1	1	1	1	1	1	1	1	1	1	1	1	1	1	0.410271518006	1	1	1	1	1	1	1	1	1	1
GO_NEUROTRANSMITTER_SECRETION	1	0.223483708003	1	1	1	0.83633018213	0.00303478078663	1	1	1	1	1	1	1	1	1	1	1	0.00337150144344	0.375585283581	1	1	1	1	1	1	0.000114757547025	1	1	1	1	1	1	1	0.0904824919027	1	1	0.38414681619	0.019887567822	0.185664544895	0.061043815221	1	0.000920652219213	1	1	1	1
GO_NEUROTRANSMITTER_TRANSPORT	1	0.000976726272055	1	0.287849603745	1	0.0648614771331	0.00156398393486	1	1	1	1	1	1	1	1	1	1	0.740097478794	0.00771949897338	0.0357113894136	1	1	1	1	1	1	0.000212580207276	1	1	1	1	1	1	1	0.200380717319	1	1	0.071410856222	0.0152244915454	0.032066253156	0.0535354184969	1	0.00252366388017	1	1	1	1
GO_PASSIVE_TRANSMEMBRANE_TRANSPORTER_ACTIVITY	1	0.0164406761837	0.0	0.0166635604546	0.668530968445	0.0	0.0	0.000122855441006	1	1	0.0	1	1	1	1	0.5592895222	0.0	0.238947852413	0.0	0.0	1	0.0183201006353	0.000638260222828	0.0	1	1	0.773949300656	0.0	0.224249967269	7.94492654144e-05	1	1	0.00918893816922	1	0.0130716569802	1	0.025395530436	8.35536754651e-06	0.000453362180491	0.0	0.0	1	0.0133278477002	1	1	0.0816143549509	1
GO_PEPTIDE_HORMONE_SECRETION	1	0.00869565899275	1	1	1	1	0.0	0.0792455790205	1	1	0.0251527156251	1	1	1	1	1	0.0	1	0.0012664467874	0.00139875466042	1	1	1	1	1	1	1	1	0.0326581423811	0.0419324472394	1	1	1	1	1	1	1	0.527170863983	0.118939499902	0.0980378181319	0.0235202349106	1	0.113123187374	1	1	1	1
GO_PEPTIDE_SECRETION	1	1	1	1	1	1	0.135150415942	1	1	1	1	1	1	1	1	1	0.0031019066863	1	1	1	1	1	1	1	1	1	1	1	1	1	1	1	1	1	1	1	1	1	1	1	1	1	1	1	1	1	1
GO_PERIKARYON	1	0.0417943267426	1	1	1	0.65566921736	0.230363048208	0.233341665709	1	1	1	1	1	1	1	1	1	1	1	0.268775689299	1	1	1	0.00489434175915	1	1	0.0911842482254	1	1	1	1	1	1	1	1	1	1	1	1	1	1	1	1	1	1	1	1
GO_PLASMA_MEMBRANE_PROTEIN_COMPLEX	1	1	0.0905540836242	1	1	0.00973198444994	0.180440891248	1	1	1	1	1	1	1	1	1	1	1	1	0.0377419001484	1	1	1	0.54821389469	1	1	1	1	1	0.126056392191	1	1	1	1	1	1	1	1	0.566978385582	0.369999755483	0.0669834949188	1	1	1	1	1	1
GO_PLASMA_MEMBRANE_REGION	1	1	1	1	1	1	0.622301558379	1	1	1	0.253463847135	1	1	1	1	1	0.638658238536	1	0.748486297521	0.000832280655226	1	1	1	0.679898791607	1	1	0.0108678281861	0.335478780253	1	1	0.434693176411	1	1	1	1	1	1	1	1	0.0687299329759	1	1	1	1	1	1	1
GO_POSITIVE_REGULATION_OF_ION_TRANSPORT	1	1	1	1	1	1	1	1	1	1	1	1	1	1	1	1	1	1	1	1	1	1	1	1	1	1	0.301543804573	1	1	1	1	1	1	1	1	1	1	1	1	1	1	1	1	1	1	1	1
GO_POSITIVE_REGULATION_OF_LIPID_LOCALIZATION	1	1	1	1	1	1	1	1	1	1	1	1	1	1	1	1	1	1	1	1	1	1	1	1	1	1	1	1	1	1	1	1	1	1	1	1	1	1	1	1	1	1	1	1	0.0227889876146	1	1
GO_POSITIVE_REGULATION_OF_LIPID_TRANSPORT	1	1	1	1	1	1	1	1	1	1	1	1	1	1	1	1	1	1	1	1	1	1	1	1	1	1	1	1	1	1	1	1	1	1	1	1	1	1	1	1	1	1	1	1	0.00215453828594	1	1
GO_POSITIVE_REGULATION_OF_SYNAPTIC_TRANSMISSION	1	1	1	1	1	1	1	1	1	1	1	1	1	1	1	1	1	1	1	1	1	1	1	1	1	1	0.398546297261	1	1	1	1	1	1	1	1	1	1	1	1	1	1	1	1	1	1	1	1
GO_POSITIVE_REGULATION_OF_TRANSPORT	1	1	1	0.647306968751	1	1	1	1	1	1	1	1	1	1	1	1	1	1	1	1	1	1	1	1	1	1	1	1	1	1	1	1	1	1	1	1	1	1	1	1	1	1	0.232533360565	1	1	1	1
GO_POSTSYNAPSE	1	3.37447004192e-05	0.299318812561	1	0.000521473060739	9.50207961925e-05	0.0	0.0	4.45868329364e-05	1	9.55679403947e-06	1	0.0294580123608	1	1	1	0.0	7.16285174374e-06	1.73252453634e-05	0.0	1	1	1	1.07061146285e-05	1	1	1.60247337e-06	0.000110313980015	0.698074902708	0.00625164674913	3.27693448838e-05	1	1	1	1.86608082842e-05	1	1	1.79893063186e-05	1.1401056776e-05	1.98023010689e-05	0.000308337353023	1	1.360521079e-05	1	1	1	0.00090753219199
GO_POSTSYNAPTIC_DENSITY_MEMBRANE	1	1	1	1	0.71150788396	1	0.557630766465	1	1	1	1	1	1	1	1	1	1	1	1	0.628948682017	1	1	1	1	1	1	0.507960421826	1	1	1	1	1	1	1	0.280239058235	1	1	0.0571892356293	0.0192481266704	1	1	1	0.0175655262865	1	1	1	0.0336243792248
GO_POSTSYNAPTIC_MEMBRANE	1	1	1	1	0.0409774564212	0.00384973077779	0.0	0.00121556450361	3.37214491672e-05	1	5.87479842253e-05	1	0.00151566184237	0.946424749571	1	1	2.03796721965e-05	0.00498841945534	3.21229991056e-05	1.23529875669e-05	1	1	1	0.00135194512183	1	1	1.66683204795e-05	0.000171718760192	0.59225690086	0.00222334853993	0.000983835836483	1	1	1	0.000137832371415	1	1	2.86279440344e-05	4.70648612924e-05	3.45339351049e-05	0.00162691763451	1	3.5082040257e-05	1	1	1	0.00268380617623
GO_POSTSYNAPTIC_SPECIALIZATION_MEMBRANE	1	1	1	1	0.192863279278	1	0.0837828448597	1	1	1	1	1	1	1	1	1	1	1	0.491219216986	1	1	1	1	1	1	1	0.291368674402	1	1	1	1	1	1	1	0.1003710674	1	1	0.0362605660924	0.0729277019225	0.627083860291	1	1	0.00329169475981	1	1	1	0.0134961275641
GO_POTASSIUM_CHANNEL_ACTIVITY	1	1	0.000170063152783	1	1	1.12684317168e-05	0.000427326922989	1	1	1	0.195249319655	1	1	1	1	1	0.681259769094	1	0.618666997738	6.35407908982e-05	1	0.00195187466733	1	0.00417348977219	1	1	1	1	1	1	1	1	1	1	1	1	1	1	0.0913728445707	0.000142206376508	1	1	1	1	1	1	1
GO_POTASSIUM_CHANNEL_COMPLEX	1	0.121652473158	0.0017497809431	1	1	0.103441292079	0.00344963045016	1	1	1	0.664383573892	1	1	1	1	1	0.295633849135	1	1	0.00403846734598	1	0.202199339592	1	0.000132832130818	1	1	1	1	1	0.125014112665	1	1	1	1	1	1	1	1	1	9.93395331514e-05	0.553932209759	1	1	1	1	1	1
GO_POTASSIUM_ION_TRANSMEMBRANE_TRANSPORTER_ACTIVITY	1	1	0.00655411610181	1	1	0.00528531142881	0.00935074159038	1	1	1	0.911915195987	1	1	1	1	1	1	1	1	0.000356748119501	1	0.0471356866978	1	0.0305235969409	1	1	1	1	1	1	1	1	1	1	1	1	1	1	0.101972280877	0.000934269601328	1	1	1	1	1	1	1
GO_POTASSIUM_ION_TRANSPORT	1	1	0.00688153758845	0.102978177295	1	0.000574501998774	0.0052347894075	1	1	1	0.0409368507062	1	1	1	1	1	0.964400496367	1	1	0.00649588273438	1	0.226975767039	1	0.0444716021801	1	1	1	1	1	1	1	1	1	1	1	1	1	1	1	0.00703207541139	1	1	1	1	1	1	1
GO_PRESYNAPSE	0.0447612645533	3.79989977062e-06	1	1	0.0292255492327	2.68055249397e-06	0.0	0.0734153175307	0.537303046821	1	0.0213860806302	1	1	1	1	0.514914500939	0.0	0.000138522015611	3.09887970773e-06	0.0	1	1	1	0.00197991631388	1	1	0.0	0.00708826814841	1	1	0.00816933335334	1	1	1	0.0	1	1	0.000118234800946	2.46728302737e-05	0.0	2.01606587491e-06	1	0.000683614728889	1	1	1	1
GO_PRESYNAPTIC_MEMBRANE	1	1	1	1	1	1	1	1	1	1	0.166687488901	1	1	1	1	1	1	1	1	0.0111622352967	1	1	1	0.968846711834	1	1	0.0168286742913	1	1	1	1	1	1	1	1	1	1	1	1	0.472714698275	1	1	1	1	1	1	1
GO_REGULATION_OF_BLOOD_CIRCULATION	1	1	1	1	1	0.2872439127	0.160887330607	1	1	1	1	1	1	1	1	1	1	1	1	0.0157270832913	1	1	1	0.0291575463036	1	1	1	1	1	0.000525403874614	1	1	1	1	1	1	1	0.67577465074	0.0019127872379	0.088359125214	1	1	1	1	1	1	1
GO_REGULATION_OF_BLOOD_PRESSURE	1	1	1	1	1	1	1	1	1	1	1	1	1	1	1	1	1	1	1	1	1	1	1	1	1	1	1	1	1	1	1	1	1	1	1	1	0.138830069987	1	1	1	1	1	1	1	1	1	1
GO_REGULATION_OF_CATION_CHANNEL_ACTIVITY	1	1	1	1	1	1	1	1	1	1	1	1	1	1	1	1	1	1	1	1	1	1	1	1	1	1	1	1	1	1	1	1	1	1	1	1	1	0.0392219621842	1	1	1	1	1	1	1	1	1
GO_REGULATION_OF_CATION_TRANSMEMBRANE_TRANSPORT	1	1	1	1	1	1	0.00752531798677	1	1	1	1	1	1	1	1	1	1	1	1	1	1	1	1	1	1	1	1	1	1	0.0442931224383	1	1	1	1	1	1	1	0.764057172651	1	1	0.16225051897	1	1	1	1	1	1
GO_REGULATION_OF_CELL_DEVELOPMENT	1	1	1	1	1	0.136948721032	0.0829466279332	1	1	1	1	1	1	1	1	1	1	1	1	1	1	0.88046356211	1	0.000997464714973	1	1	0.000999314721973	1	1	0.0451780348739	0.953467528752	1	1	1	0.000226753920519	1	1	1	0.0462321842214	0.276504031479	1	1	0.0348713174998	1	1	1	1
GO_REGULATION_OF_CELL_MORPHOGENESIS	1	1	1	1	1	1	1	1	1	1	1	1	1	1	1	1	1	1	1	1	1	1	1	1	1	1	1	1	1	1	1	1	1	1	1	1	1	1	0.541135629866	1	1	1	1	1	1	1	1
GO_REGULATION_OF_CELL_PROJECTION_ORGANIZATION	1	1	1	1	1	0.0210898749052	0.0585255530035	1	1	1	1	1	1	0.73895632218	1	1	1	0.584359677706	1	1	1	1	1	0.00478630077754	1	1	0.000241463292412	1	1	1	1	1	1	1	0.124381500296	1	1	1	0.38750602575	0.764758015511	1	1	1	1	1	1	1
GO_REGULATION_OF_EXOCYTOSIS	1	1	1	1	1	1	1	1	1	1	1	1	1	1	1	1	1	1	0.28860637774	1	1	1	1	1	1	1	1	1	1	1	1	1	1	1	1	1	1	1	1	1	1	1	1	1	1	0.0741024877886	1
GO_REGULATION_OF_HEART_RATE	1	1	1	1	1	1	0.0777209085088	1	1	1	1	1	1	1	1	1	1	1	1	1	1	1	1	1	1	1	1	1	1	1	1	1	1	1	1	1	1	1	1	0.0976750559553	1	1	1	1	1	1	1
GO_REGULATION_OF_HEART_RATE_BY_CARDIAC_CONDUCTION	1	1	1	1	1	0.103810883448	0.000814945120327	1	1	1	1	1	1	1	1	1	1	1	1	0.154491982319	1	1	1	1	1	1	1	1	1	1	1	1	1	1	1	1	1	1	0.153090789891	0.526198809408	1	1	1	1	1	1	1
GO_REGULATION_OF_HORMONE_LEVELS	1	0.0368738502855	1	1	1	1	0.000953452148313	1	1	1	0.00567064757741	1	1	1	1	1	2.18203386693e-07	1	0.00351678636177	0.00406700882952	1	1	1	1	1	1	1	1	1	0.392077910369	1	1	1	1	1	1	1	0.135368661501	1	0.00911839789854	0.786292630097	1	1	1	1	1	1
GO_REGULATION_OF_HORMONE_SECRETION	1	1	1	1	1	1	0.000131927091006	1	1	1	0.216296095851	1	1	1	1	1	0.000169174551502	1	0.0469261205815	0.676295423713	1	1	1	1	1	1	1	1	1	1	1	1	1	1	1	1	1	1	1	0.217230768789	0.19733346537	1	1	1	1	1	1
GO_REGULATION_OF_INSULIN_SECRETION	1	1	1	1	1	1	0.000208020385902	1	1	1	1	1	1	1	1	1	0.00817551097243	1	0.139073830471	0.644972672802	1	1	1	1	1	1	1	1	0.516463379025	1	1	1	1	1	1	1	1	1	1	1	1	1	1	1	1	1	1
GO_REGULATION_OF_ION_TRANSMEMBRANE_TRANSPORT	1	1	0.145651585165	0.417915792391	1	0.0	0.0	1	1	1	0.526533342487	1	1	1	1	1	0.0498196234743	1	1	0.00561887158328	1	0.483239576565	1	1	1	1	1	0.138168134201	1	0.00817164967909	1	1	1	1	0.243657143319	1	1	6.54369904036e-05	0.0345207635873	0.00351956566856	0.000130674478248	1	1	1	1	1	1
GO_REGULATION_OF_ION_TRANSPORT	1	1	0.151633238587	0.0429686700922	1	2.54898737784e-06	0.0	1	1	1	0.893149395729	1	1	1	1	1	0.028831872707	1	1	0.00173730160427	1	0.117033785745	1	1	1	1	0.00233033396816	0.703694178884	1	0.0296066035965	1	1	1	1	0.367604575869	1	1	3.38342626303e-05	0.0531317573291	0.00394918950042	9.38797822254e-05	1	0.702413676484	1	1	1	1
GO_REGULATION_OF_LIPID_TRANSPORT	1	1	1	1	1	1	1	1	1	1	1	1	1	1	1	1	1	1	1	1	1	1	1	1	1	1	1	1	1	1	1	1	1	1	1	1	1	1	1	1	1	1	1	1	0.380790470815	1	1
GO_REGULATION_OF_MEMBRANE_POTENTIAL	1	1	0.00543586430364	1	1	0.0	0.0	0.000243865260136	1	1	0.0	1	1	1	1	1	0.0	0.422946482843	0.0300175772441	0.0	1	1	0.754862966777	3.0009087082e-07	1	1	0.0129004444819	0.101827641524	1	0.000178093756715	0.124377978313	1	1	1	0.368733869627	1	1	0.00221950734515	0.00314604435559	5.51051637787e-06	1.84919476531e-05	1	0.0150062576506	1	1	1	1
GO_REGULATION_OF_METAL_ION_TRANSPORT	1	1	1	1	1	1	0.466456258912	1	1	1	1	1	1	1	1	1	1	1	1	1	1	1	1	1	1	1	1	1	1	0.517066840048	1	1	1	1	1	1	1	1	1	1	0.184076291878	1	1	1	1	1	1
GO_REGULATION_OF_NERVOUS_SYSTEM_DEVELOPMENT	1	1	1	1	0.108927877176	0.0239847015741	0.0140501338417	1	1	1	1	1	1	1	1	1	1	0.116358042648	0.463062975771	1	1	1	1	0.0	1	1	0.0	1	1	0.0534072678447	0.488864428318	1	1	1	2.77840428964e-05	1	1	1	0.00286477967766	0.00971912943017	1	1	0.0022993633789	1	1	1	1
GO_REGULATION_OF_NEURON_DIFFERENTIATION	1	0.585704095706	1	1	0.242456474143	0.000634399675056	0.0150993013821	1	1	1	1	1	1	1	1	1	1	0.192123585897	1	1	1	0.626629436428	1	0.000390838116307	1	1	2.97944118952e-05	1	1	0.0262728980152	0.290781215558	1	1	1	1.78588423161e-06	1	1	1	0.000523778133545	0.207597155546	1	1	0.0113722875231	1	1	1	1
GO_REGULATION_OF_NEURON_PROJECTION_DEVELOPMENT	1	1	1	1	0.862632121153	0.00259733703706	0.0591208560857	1	1	1	1	1	1	1	1	1	1	1	1	1	1	1	1	0.0174155185355	1	1	5.77430512105e-06	1	1	0.101200019737	1	1	1	1	0.00170614430523	1	1	1	0.0036295428686	1	1	1	0.1056104895	1	1	1	1
GO_REGULATION_OF_NEUROTRANSMITTER_LEVELS	1	0.0387781602709	1	1	1	1	0.192332023637	1	1	1	1	1	1	1	1	1	1	1	0.0539523818379	0.231100432209	1	1	1	1	1	1	0.00833052606989	1	1	1	1	1	1	1	1	1	1	1	0.110595893297	0.202917784882	0.357513764719	1	0.0742946825589	1	1	1	1
GO_REGULATION_OF_NEUROTRANSMITTER_TRANSPORT	1	1	1	1	1	1	1	1	1	1	1	1	1	1	1	1	1	1	1	1	1	1	1	1	1	1	1	1	1	1	1	1	1	1	1	1	1	1	1	1	1	1	0.770586930644	1	1	1	1
GO_REGULATION_OF_PEPTIDE_HORMONE_SECRETION	1	0.793824911063	1	1	1	1	0.000263605189875	1	1	1	1	1	1	1	1	1	0.000971652733212	1	0.0328739756572	0.149719396243	1	1	1	1	1	1	1	1	0.561441987816	1	1	1	1	1	1	1	1	1	1	0.41634068807	1	1	1	1	1	1	1
GO_REGULATION_OF_POSTSYNAPTIC_MEMBRANE_POTENTIAL	1	1	1	1	1	0.954026455319	1	1	1	1	1	1	1	1	1	1	1	1	1	1	1	1	1	1	1	1	1	1	1	1	1	1	1	1	1	1	1	1	1	1	1	1	1	1	1	1	1
GO_REGULATION_OF_REGULATED_SECRETORY_PATHWAY	1	1	1	1	1	1	1	1	1	1	1	1	1	1	1	1	1	1	1	1	1	1	1	1	1	1	1	1	1	1	1	1	1	1	1	1	1	1	1	1	1	1	1	1	1	0.0736033115427	1
GO_REGULATION_OF_SECRETION	1	1	1	0.498416132361	1	0.135078313297	0.000149345897409	1	1	1	0.184575534576	1	1	1	1	1	0.00676344658676	1	0.0109526689022	0.0129618283147	1	1	1	1	1	1	0.105612382424	1	1	1	1	1	1	1	1	1	1	0.998416956275	1	0.404626392656	0.0131279626453	1	0.0191763289767	1	1	1	1
GO_REGULATION_OF_SYNAPSE_STRUCTURE_OR_ACTIVITY	1	1	1	1	1	0.594849710531	1	1	1	1	1	1	1	1	1	1	1	1	1	1	1	1	1	1	1	1	1	1	1	1	1	1	1	1	1	1	1	1	1	1	1	1	1	1	1	1	1
GO_REGULATION_OF_SYNAPTIC_PLASTICITY	1	1	1	1	1	1	1	1	1	1	1	1	1	1	1	1	1	1	1	1	1	1	1	1	1	1	0.0191055318843	1	1	1	1	1	1	1	1	1	1	1	1	1	1	1	0.108195100994	1	1	1	0.0589098555437
GO_REGULATION_OF_SYNAPTIC_VESICLE_CYCLE	1	0.915715612777	1	1	0.12831134857	1	0.000157624413737	1	1	1	1	1	1	1	1	1	1	1	0.304725367923	1	1	1	1	1	1	1	0.0291508701464	1	1	1	1	1	1	1	0.447903578131	1	1	1	0.0457251970619	1	1	1	0.380687440039	1	1	1	1
GO_REGULATION_OF_SYNAPTIC_VESICLE_EXOCYTOSIS	1	1	1	1	1	1	0.640100121128	1	1	1	1	1	1	1	1	1	1	1	1	1	1	1	1	1	1	1	1	1	1	1	1	1	1	1	1	1	1	1	1	1	1	1	0.816892645278	1	1	1	1
GO_REGULATION_OF_SYSTEM_PROCESS	1	1	1	0.0476732827649	0.427097927091	0.00127428753191	1	1	1	1	1	1	1	1	1	1	1	1	1	0.00521323530271	1	0.573550251664	1	1.22432806859e-05	1	1	0.109831292314	1	1	2.10482873519e-05	1	1	1	1	1	1	1	0.489053703984	0.00178627281281	0.00274721322964	0.875481932255	1	9.31328995437e-05	1	1	1	1
GO_REGULATION_OF_TRANSMEMBRANE_TRANSPORT	1	1	0.167464621974	0.138812651069	1	6.80722530388e-06	0.0	0.715479464688	1	1	0.605146966889	1	1	1	1	1	0.261382494173	1	1	0.00949279512226	1	0.507165252049	1	1	1	1	1	0.187399614612	1	0.0421331730436	1	1	0.841142301283	1	0.798491420959	1	1	7.78104166876e-05	0.0603927651984	0.000476108261634	0.000426348858218	1	1	1	1	1	1
GO_REGULATION_OF_TRANSPORT	1	0.00749107057483	0.00974313502911	0.000178620355746	0.0344179632523	0.0	0.0	1	1	1	0.0	1	1	0.379752552685	1	1	0.00104387565764	0.0328777142976	0.00138429037429	0.0	1	0.299966072818	1	1	1	1	0.0	1	0.0181260540379	0.0184090626748	1	1	1	1	4.86825997511e-05	1	1	5.14829536402e-06	0.00111589519422	0.0	0.0	1	0.0	1	1	0.299966072818	1
GO_REGULATION_OF_TRANSPORTER_ACTIVITY	1	1	1	1	1	1	0.828061923981	1	1	1	1	1	1	1	1	1	1	1	1	1	1	1	1	1	1	1	1	1	1	0.364410415743	1	1	1	1	1	1	1	0.326208272327	1	1	1	1	1	1	1	1	1
GO_REGULATION_OF_TRANS_SYNAPTIC_SIGNALING	1	0.206568210096	1	0.506057915817	0.0698409988439	0.0	0.0	0.0250667512922	1	1	1	1	1	1	1	1	0.327619011181	1	0.000582793613233	0.000179791917776	1	1	1	0.000728449384983	1	1	0.0	0.653815015565	0.0928267119908	0.0185363448721	0.0597086878243	1	1	1	5.85925672121e-05	1	1	0.015163247682	0.000441246364862	3.71415963287e-05	0.344660335714	1	0.0	0.687417437343	1	1	0.00371001011873
GO_RESPONSE_TO_AXON_INJURY	1	1	1	1	1	1	1	1	1	1	1	1	1	1	1	1	1	0.0511382396072	1	1	1	1	1	1	1	1	0.0950825242061	1	1	1	1	1	1	1	1	1	1	1	1	1	1	1	1	1	1	1	1
GO_SECRETION	1	1	1	0.341320901462	1	1	1	1	1	1	1	1	1	1	1	1	1	1	1	1	1	1	1	1	1	1	1	1	1	1	1	1	1	1	1	1	1	1	1	1	1	1	1	1	1	1	1
GO_SENSORY_ORGAN_DEVELOPMENT	1	1	1	1	1	1	1	1	1	1	1	1	1	1	1	1	1	1	0.18001642494	1	1	1	1	1	1	1	1	1	1	1	1	1	1	1	1	1	1	1	1	1	1	1	1	1	1	1	1
GO_SIGNAL_RELEASE	1	0.0209478785981	1	0.0343530296428	0.30234293381	0.0185853118744	0.0	0.440307677256	1	1	0.00318986735811	1	1	1	1	1	0.000524371163898	1	3.79543579747e-05	0.00311796279175	1	1	1	1	1	1	0.00279023434378	1	1	0.0222831059972	0.987452264289	1	1	1	0.378160180897	1	1	0.014184444981	0.000109471207798	0.00431062126156	0.000285422236925	0.897697326381	6.41827306553e-05	1	1	1	1
GO_SITE_OF_POLARIZED_GROWTH	1	1	1	1	1	1	1	1	1	1	1	1	1	1	1	1	1	1	1	0.374550741695	1	1	1	1	1	1	1	1	1	1	1	1	1	1	0.0612029142623	1	1	1	1	1	1	1	1	1	1	1	1
GO_SODIUM_CHANNEL_ACTIVITY	1	1	0.0433921531703	1	1	1	1	1	1	1	1	1	1	1	1	1	1	1	1	1	1	1	1	1	1	1	1	1	1	1	1	1	1	1	1	1	1	1	1	1	1	1	1	1	1	1	1
GO_SOMATODENDRITIC_COMPARTMENT	1	1.01727729273e-05	0.686952587405	0.257544098676	2.8614836125e-05	0.0	0.0	0.000150379098201	1	1	0.0	1	1	1	1	0.072466896468	0.0	0.000445948171494	0.0	0.0	1	0.162447078043	0.373459185389	0.0	1	1	0.0	5.30624761756e-05	0.016219501094	8.97445115522e-06	4.26216432181e-06	1	1	1	6.54103516151e-06	1	1	2.49327079427e-07	0.0	0.0	3.93795315912e-06	1	3.57912722326e-06	1	1	0.000254097181679	0.000186019616152
GO_SYNAPSE	0.000206512966008	3.17088649359e-05	0.0	7.3876801352e-06	0.0	0.0	0.0	0.0	6.37220743661e-05	1	1.0242991495e-05	1	0.00158227868337	0.0099208719776	0.0871163446611	0.0520987050332	0.0	7.03097404076e-06	1.30983914564e-05	0.0	0.148298554936	0.0145355145464	0.00248160176003	9.44905713418e-06	0.00243745946716	0.0102169567705	0.0	1.38902999725e-05	1.38417236093e-05	2.74606211894e-05	2.71640363656e-05	1	1	1	1.98546114287e-05	1	0.000775405079536	1.61605397837e-05	2.16699387101e-05	1.81807183791e-05	1.4198306717e-05	1	1.37264122557e-05	0.0893448449433	1	0.0145355145464	1.76712385311e-05
GO_SYNAPSE_ASSEMBLY	0.69336156075	1	1	1	1	1	1	1	1	1	1	1	1	1	1	1	1	1	1	1	1	1	1	1	1	1	0.00984438642985	1	1	1	1	1	1	1	1	1	1	1	1	1	1	1	1	1	1	1	1
GO_SYNAPSE_ORGANIZATION	0.3153418842	0.00557688634662	1	1	1	0.00182887179866	0.137545245704	0.0882345442347	1	1	1	1	1	1	1	1	0.0001743044363	0.261142063276	1	0.0188997527998	1	1	1	0.159981278255	1	1	0.0249360970355	0.0685281198938	1	1	1	1	1	1	2.82909637315e-05	1	1	1	0.269379549071	0.00250640896629	1	1	0.231018431038	1	1	1	1
GO_SYNAPTIC_MEMBRANE	1	0.0241542582111	1	1	0.0102029056238	0.00103253771199	0.0	0.00043245368685	0.000573943559765	1	5.39934627752e-06	1	0.0024417302851	0.941888855231	1	1	0.0	0.00611604159439	2.19785710132e-05	2.08496572518e-06	1	1	1	1.43968716119e-05	1	1	0.0	7.56121551377e-05	1	0.00167470165549	0.000447193696503	1	1	1	4.31703499855e-05	1	1	1.52441153662e-05	3.75961503669e-05	2.15598326805e-05	0.00243448758721	1	3.49081151689e-05	1	1	1	0.000348892344237
GO_SYNAPTIC_SIGNALING	0.888693226402	0.00605533645992	0.00292464121414	0.000204001046844	0.000305432546787	0.0	0.0	0.0	0.113696388844	1	0.0	1	1	1	1	1	0.0	1.73853818688e-05	0.0	0.0	0.0782295306673	1	1	0.0	1	0.000976383322218	0.0	0.00509523611386	0.00230876146326	2.44750306688e-07	1.66970884752e-05	1	1	1	0.0	1	0.0315404405633	0.0	0.0	0.0	0.0	1	0.0	1	1	0.00844687005353	0.00255275536977
GO_SYNAPTIC_VESICLE_EXOCYTOSIS	1	0.298244028275	1	1	1	1	0.121700407698	1	1	1	1	1	1	1	1	1	1	1	0.130813650906	0.740441058725	1	1	1	1	1	1	0.0107928059073	1	1	1	1	1	1	1	1	1	1	1	1	1	1	1	0.00504030429549	1	1	1	1
GO_SYNAPTIC_VESICLE_LOCALIZATION	1	1	1	1	0.649152508924	1	1	1	1	1	1	1	1	1	1	1	1	0.811884376122	1	1	1	1	1	1	1	1	1	1	1	1	1	1	1	1	1	1	1	1	1	1	1	1	1	1	1	1	1
GO_SYNAPTIC_VESICLE_MEMBRANE	1	0.0438791500183	1	1	1	1	1	1	1	1	1	1	1	1	1	1	0.755193604685	1	1	1	1	1	1	1	1	1	1	1	1	1	1	1	1	1	1	1	1	0.273543396063	1	0.016708375671	1	1	1	1	1	1	1
GO_TAXIS	1	1	1	1	1	0.2978932607	1	1	1	1	1	1	1	1	1	1	1	1	1	1	1	1	1	0.502987426718	1	1	1	1	1	1	1	1	1	1	1	1	1	1	1	1	1	1	1	1	1	1	1
GO_TRANSMEMBRANE_TRANSPORT	1	1	0.808886925119	1	1	4.66241067509e-06	0.0	1	1	1	0.0219338456538	1	1	1	1	1	0.0282905856726	0.593333749323	1	0.000156429170882	1	1	1	0.617580622989	1	1	1	0.02603278054	1	0.0137285852488	1	1	1	1	1	1	1	0.122618853752	1	0.0027287394514	0.000514699004524	1	1	1	1	1	1
GO_TRANSMISSION_OF_NERVE_IMPULSE	1	1	1	1	1	0.123743024261	1	1	1	1	1	1	1	1	1	1	1	1	1	1	1	1	1	1	1	1	1	1	1	1	1	1	1	1	1	1	1	1	1	0.911231880899	1	1	1	1	1	1	1
GO_TRANSPORTER_ACTIVITY	1	1	1	1	1	3.48595726894e-05	0.000129043824451	1	1	1	0.00646529760545	1	1	1	1	1	0.045881552212	1	0.531358237626	0.000532050713007	1	1	1	0.11612954379	1	1	1	0.440203254221	1	1	1	1	1	1	1	1	1	1	1	0.0410350472736	0.00465643105068	1	1	1	1	1	1
GO_TRANSPORTER_COMPLEX	1	0.795966097574	8.8256077428e-05	0.0117325848637	1	0.0	0.0	0.0	1	1	0.0	1	1	1	1	1	0.0	0.495700880484	0.0021199904173	0.0	1	0.00333214291265	0.413260501237	0.0	1	1	0.109630165173	0.0782647796346	0.0474959049192	1.22438468324e-05	1	1	1	1	1	1	1	0.000290793015981	0.000687522689202	1.08049285472e-05	8.3771586975e-06	1	0.00320070081966	1	1	1	0.0631234103254
GO_TRANSPORT_VESICLE	1	0.283301026944	1	1	1	1	0.340594388441	1	1	1	1	1	1	1	1	1	0.396875941596	1	1	0.427359572776	1	1	1	1	1	1	1	1	1	1	1	1	1	1	0.283749373806	1	1	1	1	0.000492222442503	1	1	0.554395227722	1	1	1	1
GO_TRANSPORT_VESICLE_MEMBRANE	1	0.0259345508878	1	1	1	0.207037975494	0.0206973380198	1	1	1	1	1	1	1	1	1	0.421216053074	0.171727890721	1	1	1	1	1	1	1	1	1	1	1	1	1	1	1	1	1	1	1	0.0650430428107	1	0.293672545757	1	1	1	1	1	1	1
GO_TUBULIN_BINDING	1	1	1	1	0.858943800556	0.116373448999	0.735949878876	1	1	1	1	1	1	1	1	1	1	1	0.817112979103	1	1	1	1	1	1	1	1	1	1	1	1	1	1	1	0.000366514267411	1	1	1	1	0.0683918896544	1	1	1	1	1	1	0.401598305178
GO_T_TUBULE	1	1	1	1	1	0.310316239615	1	1	1	1	1	1	1	1	1	1	1	1	1	1	1	1	1	1	1	1	1	1	1	1	1	1	1	1	1	1	1	1	1	1	1	1	1	1	1	1	1
GO_VESICLE_MEDIATED_TRANSPORT_IN_SYNAPSE	1	0.0023717823322	1	1	1	0.50155246013	9.32152705468e-06	1	1	1	1	1	1	1	1	1	1	0.392237695592	0.0145335672985	0.0160300704353	1	1	1	1	1	1	0.0	1	1	0.296106418393	1	1	1	1	0.0040353578081	1	1	0.65944732624	0.00730855545566	0.00331783865928	0.510068460351	1	0.000230662371837	1	1	1	1
GO_VOLTAGE_GATED_CALCIUM_CHANNEL_ACTIVITY	1	1	1	1	1	1	0.478229482534	1	1	1	1	1	1	1	1	1	1	1	0.500897570209	0.0502714040435	1	1	1	1	1	1	1	1	1	1	1	1	1	1	1	1	1	0.0846473625061	0.461924123536	1	1	1	1	1	1	1	1
GO_VOLTAGE_GATED_CALCIUM_CHANNEL_COMPLEX	1	1	1	1	1	1	1	0.0509637998122	1	1	1	1	1	1	1	1	0.0340355023031	1	1	0.0387750485943	1	1	1	1	1	1	1	1	0.0024997328284	1	1	1	1	1	1	1	1	0.00506595309279	0.375098116849	1	1	1	1	1	1	1	1
GO_VOLTAGE_GATED_CATION_CHANNEL_ACTIVITY	1	1	0.000145805584564	0.0308790940332	1	0.0	0.0	0.0477441595002	1	1	0.00077079544891	1	1	1	1	1	0.0255951603052	1	0.00808895175404	0.0	1	0.0013617528583	0.0655658876851	0.000102530232053	1	1	0.52112617818	1	0.00286569944944	0.0544497060004	1	1	1	1	0.00318389068313	1	1	0.00197802350985	1.24814327207e-05	0.000104034494468	0.00149938631451	1	0.0570117122502	1	1	0.112328443467	0.808385426263
GO_VOLTAGE_GATED_ION_CHANNEL_ACTIVITY	1	1	4.47228321443e-06	0.000741755134621	1	0.0	0.0	0.0695983537052	1	1	0.00104490759485	1	1	1	1	1	0.168359131989	1	0.007120480071	0.0	1	0.000237561046642	0.00399294145407	1.85569908511e-05	1	1	0.682355105148	1	0.217913959502	0.0522612655599	1	1	1	1	0.00323968874861	1	1	0.000863615132823	0.0	1.42102700122e-05	9.47742053636e-06	1	0.754675628828	1	1	0.107369862971	0.476086222737
GO_VOLTAGE_GATED_POTASSIUM_CHANNEL_ACTIVITY	1	1	0.00836030577369	1	1	0.0311894234373	0.318525346161	1	1	1	0.254533771039	1	1	1	1	1	1	1	1	0.00767323107946	1	0.00734574125999	1	0.268106823906	1	1	1	1	1	1	1	1	1	1	1	1	1	1	1	0.0491897001038	1	1	1	1	1	1	1
