	AEBP1	ARNT2	ARX	ASCL1	ASCL2	E2F7	ETV1	FEV	FOXD4L5	FOXJ1	FOXP2	GATA2	HES4	HEYL	HIC1	HLF	HMBOX1	INSM1	ISL1	LMX1A	LMX1B	MAFA	MAFB	MYT1	NEUROD1	NEUROD2	NEUROG3	NFAT5	NHLH1	NPAS3	NR4A3	ONECUT1	PAX4	PAX6	PBX3	PLAG1	POU2F2	POU5F1	RFX6	SIM1	SIX2	SMAD9	SOX4	SPIB	ST18	TFCP2L1	TP73	ZFP69B	ZNF519	ZNF846	ZNF883
GO_ACTIN_MEDIATED_CELL_CONTRACTION	1	1	1	1	1	1	1	1	1	1	1	1	1	1	1	1	1	1	1	1	1	1	1	1	1	1	1	1	1	1	1	1	1	1	1	1	1	1	1	1	1	0.240008481159	1	1	1	1	1	1	1	1	1
GO_ACTION_POTENTIAL	1	1	1	0.885629638236	1	1	0.0699809178898	1	1	1	1	1	1	1	1	1	1	1	1	1	1	1	0.125859562233	1	1	1	1	1	1	1	1	1	1	0.701732278794	1	1	1	1	1	1	1	1	0.732601571635	1	1	1	1	1	1	1	1
GO_ADULT_BEHAVIOR	1	1	1	1	1	1	1	0.152295908921	1	1	1	1	1	1	1	1	1	1	1	1	1	1	1	1	1	1	1	1	1	1	0.0130784132261	1	1	0.00887744238661	1	1	1	1	1	1	1	1	0.670640060031	1	1	0.045174844986	1	1	1	1	1
GO_ADULT_LOCOMOTORY_BEHAVIOR	1	1	1	1	1	1	1	1	1	1	1	1	1	1	1	1	1	1	1	1	1	1	1	1	1	1	1	1	1	1	1	1	1	0.218851459202	1	1	1	1	1	1	1	1	1	1	1	1	1	1	1	1	1
GO_AMINE_TRANSPORT	1	1	1	1	1	1	1	1	1	1	1	1	1	1	1	1	1	1	1	1	1	1	1	1	1	1	1	1	1	1	1	1	1	1	1	1	1	1	1	1	1	1	1	1	1	0.514068318258	1	1	1	1	1
GO_AXON	1	1	0.0	0.375575931601	1	0.0	0.0	0.0	0.0	1	1	0.0	1	1	1	1	1	1	0.0607711238159	0.0	0.000220483423882	0.0	0.0	1	0.0602443007864	1	0.00146258766252	1	0.619692306297	1	0.0	1	0.00990312647149	0.000792163474442	0.00274185279056	1	1	1	0.0	0.287060940137	0.0	0.0	0.0	1.67092698284e-05	1	0.0	1	1	0.000366160127162	0.00949983391104	1
GO_AXON_DEVELOPMENT	1	1	0.0314902899303	1	1	1	8.97786829416e-05	0.00225344880887	1	1	1	1	1	1	1	1	1	1	1	1	1	1	1	1	1	1	1	1	1	1	0.307030598144	1	1	1	1	1	1	1	1	1	0.793116711017	1	0.0127193380923	1	1	1	1	1	1	1	1
GO_BEHAVIOR	1	1	1	1	1	0.0273354393706	1	0.00125736050865	0.45820083521	1	1	0.0830924049298	1	1	1	1	1	1	1	1	1	0.531210682901	0.103687753462	1	1	1	1	1	1	1	0.00675501761332	0.285798300865	1	0.0174607029865	1	1	1	1	1	1	0.0634789523979	0.0830924049298	0.0303593088594	1	1	7.63319666042e-05	1	1	1	0.975811566486	1
GO_CALCIUM_ION_BINDING	1	1	0.563669767776	1	1	1	0.91532855837	1	1	1	1	1	1	1	1	1	1	1	1	1	1	1	1	1	1	1	1	1	1	1	1	1	1	1	1	1	1	1	1	1	1	1	1	1	1	1	1	1	1	1	1
GO_CALCIUM_ION_TRANSMEMBRANE_TRANSPORT	1	1	1	1	1	1	1	0.893898530195	1	1	1	1	1	1	1	1	1	1	1	1	1	1	1	1	1	1	1	1	1	1	1	1	1	1	1	1	1	1	1	1	0.137543894925	1	1	1	1	1	1	1	1	1	1
GO_CALCIUM_ION_TRANSMEMBRANE_TRANSPORTER_ACTIVITY	1	1	1	1	1	1	1	0.75517086168	1	1	1	1	1	1	1	1	1	1	1	1	1	1	1	1	1	1	1	1	1	1	1	0.0911185927804	1	1	1	1	1	1	1	1	0.484614397126	1	1	1	1	1	1	1	1	1	1
GO_CARDIAC_CONDUCTION	1	1	1	1	0.149877776827	1	0.0246061846937	2.58267380415e-05	1	1	1	0.203492992832	1	1	1	1	1	1	1	1	1	0.0300529728211	3.82416858429e-05	1	1	1	0.466658815704	1	1	1	0.00450828662356	0.231313251387	1	0.00252771236742	1	1	1	1	1	1	1	6.0820738685e-05	0.000185246231307	0.361965748377	1	0.00226164765926	1	1	0.291657339405	1	1
GO_CARDIAC_MUSCLE_CELL_ACTION_POTENTIAL	1	1	1	1	1	1	0.385574102636	0.00736837956022	1	1	1	1	1	1	1	1	1	1	1	1	1	1	0.596358582529	1	1	1	1	1	1	1	1	1	1	1	1	1	1	1	1	1	1	1	1	1	1	1	1	1	1	1	1
GO_CARDIAC_MUSCLE_CELL_ACTION_POTENTIAL_INVOLVED_IN_CONTRACTION	1	1	1	1	1	1	1	0.042901422503	1	1	1	1	1	1	1	1	1	1	1	1	1	1	1	1	1	1	1	1	1	1	1	1	1	1	1	1	1	1	1	1	1	1	1	1	1	1	1	1	1	1	1
GO_CARDIAC_MUSCLE_CELL_CONTRACTION	1	1	1	1	1	1	1	0.0671983737361	1	1	1	1	1	1	1	1	1	1	1	1	1	1	0.525037109489	1	1	1	1	1	1	1	1	1	1	1	1	1	1	1	1	1	1	0.209182979491	1	1	1	1	1	1	1	1	1
GO_CATECHOLAMINE_SECRETION	1	1	1	1	1	1	1	1	1	1	1	1	1	1	1	1	1	1	1	1	1	1	1	1	1	1	1	1	1	1	1	1	1	1	1	1	1	1	1	1	1	1	1	1	1	0.260763937345	1	1	1	1	1
GO_CATION_CHANNEL_ACTIVITY	1	1	0.00300196152652	8.52826335551e-06	0.00426292052675	9.30877506857e-05	7.30391472636e-06	0.0	0.000616490252197	1	1	0.0	1	1	1	1	0.529837595768	1	0.0141883490254	2.85553440893e-05	0.331865350728	0.0	0.0	1	0.000100120085929	0.00123969141645	7.40789459186e-06	1	0.0485280242197	1	8.06319165747e-06	0.0	0.00641420872215	0.0	1	1	1	1	0.000100945258233	1	1.36164737785e-06	0.0	5.82868322829e-06	0.0	1	2.88943912297e-06	1	1	0.135696655681	0.00920926014605	0.365451307436
GO_CATION_CHANNEL_COMPLEX	1	1	0.0322617374095	1.88401593633e-05	0.782098395674	1	1.51005567163e-05	1.65712675948e-06	0.035967559042	1	1	0.000190778670177	1	1	1	1	1	1	1	4.26034124179e-06	0.623879794262	0.000188196840194	8.56640475133e-06	1	0.0294488790666	1	2.61796116703e-05	1	1	1	0.0280949706435	0.00212159949751	0.0270532694017	0.0	1	1	1	1	1	1	0.000523162744049	2.84644993411e-05	1.40415105196e-05	7.08999956129e-05	1	0.0210837664405	1	1	1	0.0561633329003	1
GO_CATION_TRANSMEMBRANE_TRANSPORT	1	1	0.644306929659	0.00287708160452	0.798550873635	0.000140803240014	1.06295757134e-05	0.0	0.76327107407	1	1	8.68843722268e-06	1	1	1	1	1	1	1	0.0176624708924	0.0591381706867	0.000192068673198	0.0	1	1	1	0.0600399861755	1	1	1	0.00373264767074	0.00150364386614	1	0.0	1	1	1	1	0.00881903495154	1	4.63648595184e-06	8.42238925824e-07	7.45286192205e-06	0.0	1	0.0184842275292	1	1	0.491510691139	0.0296293744305	0.277662718258
GO_CATION_TRANSMEMBRANE_TRANSPORTER_ACTIVITY	1	1	0.927198658259	0.00249601565666	0.279381672304	0.0637671310566	1.21974930657e-05	0.0	1	1	1	3.61185357507e-05	1	1	1	1	1	1	1	0.31597200612	1	1.12835527462e-05	9.373363548e-06	1	1	0.105084971211	0.00112527484312	1	1	1	0.00521637423405	0.00529204722138	1	0.000137380876819	1	1	1	1	0.101659854807	1	0.00342636797082	3.61185357507e-05	1.09962323276e-05	6.39786845724e-06	1	0.56351560314	1	1	1	1	0.176818688226
GO_CATION_TRANSPORT	1	1	1	0.00396518968924	0.191059267092	0.0126544476663	3.16539303529e-05	0.0	1	1	1	0.000239910084111	1	1	1	1	1	1	1	0.0534790458381	1	0.0463681111614	1.9760058521e-05	1	1	1	0.613674360471	1	1	1	0.0356994142502	0.0394712878482	1	5.57055346734e-05	1	1	1	1	0.0449961350784	1	9.72545530296e-05	0.000239910084111	0.00112405709848	1.19140179029e-05	1	0.233169548918	1	1	1	1	0.0382715040744
GO_CELLULAR_COMPONENT_MORPHOGENESIS	1	1	0.000367089983511	1	1	1	1.3685649316e-05	3.69247347844e-05	1	1	1	1	1	1	1	1	1	1	1	1	1	1	1	1	1	1	1	1	1	1	0.00867685272305	1	1	1	0.0690028755762	1	1	1	0.0908102861292	1	1	3.20989280402e-05	0.000709113117419	1	1	0.916647098944	1	1	1	1	1
GO_CELL_BODY	1	1	0.000235945331872	1	1	1	1.94737600774e-05	0.0	0.080474135674	1	0.780173797084	0.0130191616688	1	1	1	1	1	1	1	0.000335262710442	1	3.64378821333e-05	6.70685951831e-06	1	0.0163932458065	0.250944334829	0.0636159639057	1	0.207002310966	1	6.99602007839e-05	1	1	3.3592998399e-05	0.00987757462048	1	1	1	0.0	0.828885429419	0.0103273254146	7.88619900272e-06	4.1165472596e-05	0.000535945529791	1	5.30155816396e-05	1	1	0.00060091041159	0.165170026029	1
GO_CELL_CELL_SIGNALING	1	1	0.0176300895646	0.00132834839388	0.00105056575304	0.268679232301	3.83750128252e-06	0.0	0.000408378201536	1	1	0.0	1	1	1	1	1	0.411211038106	1	0.0	0.00146916336329	0.0	0.0	1	1	1	0.0	1	0.658976993831	1	0.0	0.0489483350102	9.93997673601e-05	0.0	0.0	1	1	1	0.0	1	9.01646266427e-06	0.0	0.0	8.66667886916e-05	0.497876423778	0.0	1	1	0.00923464399127	1.40615164462e-05	1
GO_CELL_CELL_SIGNALING_INVOLVED_IN_CARDIAC_CONDUCTION	1	1	1	1	1	1	0.64077571503	0.0579180376813	1	1	1	1	1	1	1	1	1	1	1	1	1	1	1	1	1	1	1	1	1	1	1	1	1	1	1	1	1	1	1	1	1	1	1	1	1	1	1	1	1	1	1
GO_CELL_COMMUNICATION_INVOLVED_IN_CARDIAC_CONDUCTION	1	1	1	1	1	1	1	0.042901422503	1	1	1	1	1	1	1	1	1	1	1	1	1	1	1	1	1	1	1	1	1	1	1	1	1	1	1	1	1	1	1	1	1	1	1	1	1	1	1	1	1	1	1
GO_CELL_JUNCTION_ORGANIZATION	1	1	1	1	1	1	1	1	1	1	1	1	1	1	1	1	1	1	1	0.322624575511	1	1	1	1	1	1	1	1	1	1	1	0.186587672914	1	1	1	1	1	1	0.00665375694404	1	1	0.140437657244	1	1	1	1	1	1	1	1	1
GO_CELL_MORPHOGENESIS	1	1	0.0914043192341	1	1	1	0.000567613175494	0.0160778561708	1	1	1	1	1	1	1	1	1	1	1	1	1	1	1	1	1	1	0.715428590563	1	1	1	1	1	1	1	1	1	1	1	1	1	1	0.112378884502	0.100667390987	1	1	1	1	1	1	1	1
GO_CELL_MORPHOGENESIS_INVOLVED_IN_DIFFERENTIATION	1	1	0.0162236918217	1	1	1	0.00137742890438	0.00306316085495	1	1	1	1	1	1	1	1	1	1	1	1	1	1	1	1	1	1	0.591547418333	1	1	1	0.241463563819	1	1	1	1	1	1	1	1	1	1	0.118875047572	0.031079529451	1	1	1	1	1	1	1	1
GO_CELL_MORPHOGENESIS_INVOLVED_IN_NEURON_DIFFERENTIATION	1	1	0.00669874051848	1	1	1	4.25759734943e-05	0.000301153012474	1	1	1	1	1	1	1	1	1	1	1	1	1	1	1	1	1	1	1	1	1	1	0.0858306673062	1	1	1	1	1	1	1	0.0369520703643	1	1	0.0780309703957	0.0279810566403	1	1	1	1	1	1	1	1
GO_CELL_PART_MORPHOGENESIS	1	1	0.00090680551216	1	1	1	1.64882267857e-05	0.000141105463394	1	1	1	1	1	0.884971204758	1	1	1	1	1	1	1	1	1	1	1	1	1	1	1	1	0.016493071971	1	1	1	0.280287349063	1	1	1	0.0685998191346	1	1	0.00197685895658	0.00161125170063	1	1	0.517379812601	1	0.398607246616	1	1	1
GO_CELL_PROJECTION_ORGANIZATION	1	1	0.0363682353137	1	0.682747759724	0.00231479383383	5.92250841054e-05	1.9312089175e-05	0.315477701172	1	1	1	1	1	1	0.779460895277	1	1	1	0.872220624511	0.000718323889283	1	0.394291000061	1	1	1	0.0855131655398	1	1	1	0.00202452196686	1	1	1	0.00387215876396	1	1	1	0.0	1	1	0.000807055786122	0.000244967227143	1	1	0.00171644473798	0.619979062841	1	1	1	1
GO_CENTRAL_NERVOUS_SYSTEM_DEVELOPMENT	1	1	1	1	1	1	1	1	1	1	1	1	1	1	1	1	1	1	1	1	1	1	1	1	1	1	1	1	1	1	1	1	1	1	1	1	1	1	1	1	1	1	1	1	1	1	1	0.667865173615	1	1	1
GO_CHEMICAL_HOMEOSTASIS	1	1	1	1	1	1	1	0.0337910252351	1	1	1	0.164727385373	1	1	1	1	1	1	1	1	1	1	1	1	1	1	1	1	1	1	1	1	1	1	1	1	1	1	1	1	1	1	1	1	1	0.483428254285	1	1	1	1	1
GO_CIRCULATORY_SYSTEM_PROCESS	1	1	1	1	1	1	0.450577665774	0.056468295498	1	1	1	0.485402525947	1	1	1	1	1	1	1	1	1	0.00429679013225	2.02943372385e-06	1	1	1	1	1	1	1	0.00837038061146	1	1	0.000301876241924	1	1	1	1	1	1	0.081954243798	7.43551722687e-05	0.000712458446696	1	1	0.0056843196077	1	1	1	1	1
GO_CYTOSKELETAL_PROTEIN_BINDING	1	1	1	1	1	0.00680642193328	0.0023888481711	0.000277339772955	1	1	1	1	1	1	1	1	1	1	0.397941485054	1	1	0.0921680240142	0.0825072958571	1	1	1	1	1	1	1	1	1	1	1	0.40198304383	1	1	1	0.00276686393668	1	1	1	0.00203998914111	1	1	1	1	1	1	0.222496521753	1
GO_DENDRITE_DEVELOPMENT	1	1	1	1	1	1	1	1	1	1	1	1	1	1	1	1	1	1	1	1	1	1	1	1	1	1	1	1	1	1	1	1	1	1	1	1	1	1	0.184571177981	1	1	1	1	1	1	1	1	1	1	0.220458491305	1
GO_DENDRITIC_SHAFT	1	1	1	1	1	1	1	1	1	1	1	1	1	1	1	1	1	1	1	1	1	1	1	1	1	1	1	1	1	1	1	1	1	1	1	1	1	1	1	1	1	1	0.621968329933	1	1	1	1	1	1	0.0799020982729	1
GO_DENDRITIC_TREE	1	1	7.1878922614e-07	1	1	0.153983559169	9.36681034192e-06	0.0	1	1	1	0.109889148935	1	1	1	1	1	1	1	0.000210696015784	0.242717772472	0.0	7.29218776818e-06	1	0.0299689050731	1	1	1	1	1	4.32949768823e-05	0.357237628231	1	1	0.339046234144	1	1	1	0.0	1	1	1.53639232003e-06	0.000363113775581	0.00535169028709	1	0.000124114868769	1	1	1	0.000843782935253	1
GO_DENSE_CORE_GRANULE	1	1	1	1	1	1	1	1	1	1	1	1	1	1	1	1	1	1	1	1	1	0.201587089345	1	1	1	1	1	1	1	1	1	1	1	1	1	1	1	1	1	1	1	1	1	1	1	1	1	1	1	1	1
GO_DEVELOPMENTAL_MATURATION	1	1	0.21077784072	1	1	1	1	1	1	1	1	1	1	1	1	1	1	1	1	1	1	1	1	1	1	1	1	1	1	1	1	1	1	1	1	1	1	1	1	1	1	1	1	1	1	1	1	1	1	1	1
GO_DISTAL_AXON	1	1	1.76038186828e-06	1	1	1	0.000460843953398	0.0	0.141859115938	1	1	0.993928148766	1	1	1	1	1	1	1	0.00788021268449	1	0.320967825679	0.0	1	1	1	0.119036856349	1	1	1	2.82945484504e-05	1	1	1	0.323525558988	1	1	1	0.0	1	0.0238232026567	0.000150539538879	3.65074162507e-05	0.421484870925	1	1	1	1	1	0.105936387836	1
GO_DIVALENT_INORGANIC_CATION_TRANSMEMBRANE_TRANSPORTER_ACTIVITY	1	1	1	1	1	1	1	1	1	1	1	1	1	1	1	1	1	1	1	1	1	1	1	1	1	1	1	1	1	1	1	0.533475281677	1	1	1	1	1	1	1	1	1	1	1	1	1	1	1	1	1	1	1
GO_DIVALENT_INORGANIC_CATION_TRANSPORT	1	1	1	1	1	1	1	0.0432623351336	1	1	1	1	1	1	1	1	1	1	1	1	1	1	1	1	1	1	1	1	1	1	1	1	1	1	1	1	1	1	1	1	1	1	1	1	1	1	1	1	1	1	1
GO_EXOCYTIC_VESICLE	1	1	0.236527926862	1	1	1	1	0.115396937247	1	1	1	1	1	1	1	1	1	1	1	0.0418654263429	1	1	1	1	1	1	1	1	1	1	0.196349225918	1	1	1	1	1	1	1	0.0482905456266	1	0.845529432563	1	0.00600713429541	1	1	0.142914765102	1	1	1	1	1
GO_GATED_CHANNEL_ACTIVITY	0.0217110138903	1	0.000119050941334	1.51631539325e-05	0.000622595323302	0.000851442861515	2.05613035145e-05	5.26494761055e-06	1.50334862705e-05	0.0740992804243	1	1.32461441784e-05	1	1	1	1	0.0875303253606	1	0.00188359146121	3.61450848552e-06	0.380123103815	2.22625910773e-06	1.58906624715e-05	1	0.000129640817777	0.00139286977791	1.87051309486e-05	1	0.00642463871803	1	1.99093062446e-05	3.04472912216e-06	0.00724736694232	7.99360304726e-06	0.201957670105	1	0.397923992624	1	1.3493824637e-05	0.0216071117539	1.45981710106e-05	1.32469469664e-05	1.79410029642e-05	1.19321396036e-05	1	2.06320965654e-05	1	1	0.0197539064042	0.0105877061228	0.0184962128348
GO_GLUTAMATERGIC_SYNAPSE	1	1	1	1	1	1	1	0.611662129854	1	1	1	0.370827610431	1	1	1	1	1	1	1	1	1	1	1	1	1	1	0.00209281166808	1	1	1	0.000157254010642	1	1	0.327017806977	1	1	1	1	0.0751243146887	1	1	0.0766138895863	1	0.812240446998	1	0.00119726341921	1	1	1	1	1
GO_HEAD_DEVELOPMENT	1	1	1	1	1	1	1	1	1	1	1	1	1	1	1	1	1	1	0.344054289	1	1	1	1	1	1	1	1	1	1	1	1	1	1	1	1	1	1	1	1	1	1	1	1	1	1	0.345869514019	1	1	1	1	1
GO_HEART_PROCESS	1	1	1	1	1	1	0.593658254199	0.00432589851479	1	1	1	1	1	1	1	1	1	1	1	1	1	0.170682597418	0.000555513346496	1	1	1	1	1	1	1	0.016540502809	1	1	0.00293972662554	1	1	1	1	1	1	1	9.01408850911e-05	0.00210253689477	1	1	0.388977595046	1	1	1	1	1
GO_HIGH_VOLTAGE_GATED_CALCIUM_CHANNEL_ACTIVITY	1	1	1	1	1	1	1	1	1	1	1	1	1	1	1	1	1	1	1	1	1	1	1	1	1	1	1	1	1	1	1	0.584809717209	1	1	1	1	1	1	1	1	1	1	1	1	1	1	1	1	1	1	1
GO_HINDBRAIN_DEVELOPMENT	1	1	1	1	1	1	1	1	1	1	1	1	1	1	1	1	1	1	1	1	1	1	1	1	1	1	1	1	1	1	1	1	1	1	1	1	1	1	1	1	1	1	1	1	1	0.229112675849	1	1	1	1	1
GO_HOMOPHILIC_CELL_ADHESION_VIA_PLASMA_MEMBRANE_ADHESION_MOLECULES	1	1	1	1	1	1	1	1	1	1	1	1	1	1	1	1	1	1	1	1	1	1	1	1	1	1	1	1	1	1	1	0.0802995383857	1	1	1	1	1	1	1	1	1	1	1	1	1	1	1	1	1	1	1
GO_HORMONE_ACTIVITY	1	1	1	1	1	1	1	1	1	1	1	1	1	1	1	1	1	1	1	1	1	1	0.196049224495	1	1	1	1	1	1	1	1	1	1	1	1	1	1	1	1	0.196802971811	1	1	1	1	1	0.0819146889075	1	1	1	1	1
GO_HORMONE_TRANSPORT	1	1	0.243092696098	1	0.88586019324	1	0.0262725802989	1.48339768478e-05	0.0551865607831	1	1	2.83378376871e-05	1	1	1	1	1	1	1	1.13775101949e-05	1	0.000309715055386	0.000603189246017	1	1	1	1	1	1	1	1	1	0.0322480258655	0.0629933264142	1	1	1	1	0.305722544914	1	0.00991138967763	0.0131886697986	5.75870780801e-05	0.00101914350491	1	4.02657978806e-05	1	1	1	1	1
GO_INORGANIC_ION_IMPORT_ACROSS_PLASMA_MEMBRANE	1	1	1	1	1	1	0.550280225254	1	1	1	1	1	1	1	1	1	1	1	1	1	1	1	0.879587265346	1	1	1	1	1	1	1	1	1	1	1	1	1	1	1	1	1	1	1	1	1	1	1	1	1	1	1	1
GO_INORGANIC_ION_TRANSMEMBRANE_TRANSPORT	1	1	0.120002256051	0.0351119357019	1	0.355940257459	6.484286312e-06	0.0	0.0132463676271	1	1	0.000334447816751	1	1	1	1	1	1	1	0.091913834931	1	0.0309218919939	0.0	1	1	1	0.0333942088545	1	1	1	0.0652236112301	0.00408074083535	1	0.000264102353166	1	1	1	1	0.532185587387	1	7.96883798548e-06	8.11829802303e-05	3.22015392031e-05	3.49976691827e-06	1	1	1	1	1	1	1
GO_INSULIN_SECRETION	1	1	0.123285615099	1	1	1	0.546364415257	0.0	0.807197133983	1	1	0.00603408074067	1	1	1	1	1	1	1	0.0	0.0669950629139	0.000596453045208	0.00664842071727	1	1	1	0.702001497921	1	1	1	1	1	0.000146804718077	0.248614170356	1	1	1	1	0.150749040837	1	0.447191212694	0.0423705735825	0.0132494376399	0.527649175673	1	0.000272661395414	1	1	1	0.254718787431	1
GO_INTRINSIC_COMPONENT_OF_PLASMA_MEMBRANE	1	1	0.0752291405522	5.16769411558e-05	0.0473957944397	1	4.05436357503e-05	1.78449520667e-05	0.00528181401438	1	1	1.61214313221e-05	1	1	1	1	0.0690855138323	1	1	0.000553377634388	0.226850834103	0.00090777504603	2.33478073515e-05	1	1	1	0.00944857577432	1	1	1	0.0157157440837	0.00461159314366	0.304146865096	0.00351840632483	0.140926728125	1	1	1	1	1	0.000170455843761	0.000570768747417	0.000305020586093	6.93810167238e-05	1	0.000993758787086	1	1	1	1	1
GO_INTRINSIC_COMPONENT_OF_POSTSYNAPTIC_MEMBRANE	1	1	1	1	1	1	1	1	1	1	1	1	1	1	1	1	1	1	1	1	1	1	0.0263744919748	1	1	1	1	1	1	1	0.210680613726	1	1	1	1	1	1	1	1	1	1	1	1	1	1	0.605597389731	1	1	1	1	1
GO_INTRINSIC_COMPONENT_OF_SYNAPTIC_MEMBRANE	1	1	1	1	1	1	1	1	1	1	1	1	1	1	1	1	1	1	1	1	1	1	0.00516803528466	1	1	1	1	1	1	1	0.940125002526	1	1	1	1	1	1	1	1	1	1	1	1	1	1	1	1	1	1	1	1
GO_ION_GATED_CHANNEL_ACTIVITY	1	1	1	1	1	1	1	1	1	1	1	1	1	1	1	1	1	1	1	1	1	1	1	1	1	1	1	1	1	1	1	0.719784368371	1	1	1	1	1	1	1	1	1	1	1	1	1	1	1	1	1	1	1
GO_ION_TRANSMEMBRANE_TRANSPORT	1	1	0.185195423262	0.01238250807	1	0.000746540372086	4.04232888435e-05	2.40932303501e-05	0.0268895430519	1	1	4.3484708247e-05	1	1	1	1	1	1	1	0.000534322368798	0.0928876289758	0.000193730154558	3.30152494281e-05	1	1	1	1	1	1	1	0.00902374810082	0.00204707324533	1	3.22746476296e-05	1	1	1	1	0.277148996401	1	9.74598674852e-05	7.79008806269e-05	4.05372082772e-05	2.4012185886e-05	1	0.0647097948452	1	1	0.64235425312	0.289198583363	0.357523361934
GO_ION_TRANSMEMBRANE_TRANSPORTER_ACTIVITY	1	1	1	0.0417015759129	1	1	1.97060869811e-05	4.00229880237e-06	0.546002436161	1	1	0.000121628816352	1	1	1	1	1	1	1	0.0372051674287	1	0.00040715361634	1.44762361978e-05	1	1	1	0.134648297642	1	1	1	0.721985573973	0.00493796202358	1	0.00487995176947	1	1	1	1	1	1	0.0525618395461	0.00605754398549	0.000154400897301	1.87299713784e-05	1	1	1	1	1	1	0.239892868752
GO_ION_TRANSPORT	1	1	1	0.354215259774	1	1	0.000207066507472	0.0	1	1	1	0.00239894087427	1	1	1	1	1	1	1	0.0325205816181	1	0.484473855207	8.91210244376e-05	1	1	1	1	1	1	1	0.300720341366	0.918020833999	1	0.00176879694643	1	1	1	1	1	1	0.000534899302803	0.00239894087427	0.00895652751883	0.0	1	0.593649492775	1	1	1	1	1
GO_LIGAND_GATED_CATION_CHANNEL_ACTIVITY	1	1	1	0.00790474775546	1	0.00748123539112	0.00294613895098	1.81047820268e-05	1	1	1	0.0630957960468	1	1	1	1	1	1	1	1	1	0.253760525285	1	1	1	1	1	1	1	1	1	1	1	4.85200742278e-05	1	1	1	1	1	1	1	0.602437275644	0.248401818072	0.108746735412	1	1	1	1	1	0.0114798797522	1
GO_LIGAND_GATED_ION_CHANNEL_ACTIVITY	0.340149408763	1	1	0.0886046390057	1	0.103780309416	0.00134740451644	5.67343083349e-05	1	1	1	0.0116870242115	1	1	1	1	1	1	1	1	1	1	1	1	1	1	1	1	1	1	1	1	1	0.00111306698618	1	1	1	1	1	1	1	0.819938172648	0.133901175505	0.18317115769	1	1	1	1	1	0.15710395189	1
GO_LOCOMOTORY_BEHAVIOR	1	1	1	1	1	1	1	1	1	1	1	1	1	1	1	1	1	1	1	1	1	1	1	1	1	1	1	1	1	1	0.0358138205469	1	1	0.00186823934884	1	1	1	1	1	1	1	0.733994556594	1	1	1	0.139868097262	1	1	1	1	1
GO_MAIN_AXON	1	1	1	1	0.0350073315695	1	1	0.288707256686	1	1	1	1	1	1	1	1	1	1	1	1	1	1	1	1	0.304140096464	1	1	1	1	1	1	1	1	1	1	1	1	1	1	1	1	1	1	1	1	1	1	1	1	1	1
GO_MEMBRANE_DEPOLARIZATION	1	1	1	1	1	1	2.29882723051e-05	0.000716790795757	1	1	1	1	1	1	1	1	1	1	1	1	1	0.3331563035	0.000524138890619	1	1	1	1	1	1	1	0.080060942793	0.494890381013	1	1	1	1	1	1	1	1	1	0.010356615229	0.0316976169077	0.197301062208	1	0.216928709533	1	1	1	1	1
GO_MEMBRANE_DEPOLARIZATION_DURING_ACTION_POTENTIAL	1	1	1	1	1	1	0.000296384662145	0.000550527600761	1	1	1	1	1	1	1	1	1	1	1	1	1	1	0.00930292446839	1	1	0.910977883346	1	1	1	1	0.781181838812	1	1	0.192259477754	1	1	1	1	1	1	1	0.203723464764	0.499957120546	1	1	1	1	1	1	1	1
GO_MEMBRANE_DEPOLARIZATION_DURING_CARDIAC_MUSCLE_CELL_ACTION_POTENTIAL	1	1	1	1	1	1	0.00178994523092	8.2213378449e-05	1	1	1	1	1	1	1	1	1	1	1	1	1	1	0.0738127812401	1	1	0.0744858146458	1	1	1	1	0.622369686209	0.674099623111	1	0.183477750314	1	1	1	1	1	1	1	0.00560250556295	0.199533478418	1	1	1	1	1	1	1	1
GO_MEMBRANE_PROTEIN_COMPLEX	1	1	1	1	1	1	0.522273829287	1	1	1	1	1	1	1	1	1	1	1	1	1	1	1	1	1	1	1	1	1	1	1	1	1	1	1	1	1	1	1	1	1	1	1	1	1	1	1	1	1	1	1	1
GO_METAL_ION_TRANSMEMBRANE_TRANSPORTER_ACTIVITY	1	1	0.0104695425297	8.550570749e-05	0.741727629285	1	1.62027472772e-06	0.0	0.238585443902	1	1	0.000408393727411	1	1	1	1	1	1	1	0.119352485304	1	0.000249043425956	0.0	1	0.183190550282	0.00356396980074	1.06053785857e-05	1	1	1	0.00496399777706	0.00113127146137	0.974673313838	5.22107881396e-05	1	1	1	1	0.0632548691093	1	0.000141356736746	0.0	4.94461346534e-07	0.0	1	0.541892480146	1	1	0.368755090432	1	1
GO_METAL_ION_TRANSPORT	1	1	1	0.00446614010136	0.293950977967	0.0690154160047	3.66860844027e-05	1.00919146151e-06	1	1	1	0.000308487567331	1	1	1	1	1	1	1	0.275121401898	1	0.103565593794	2.45380535779e-05	1	1	1	0.0979808037571	1	1	1	0.00201103989972	0.00238039971843	1	1.86275224285e-05	1	1	1	1	0.474851780342	1	0.000103581056422	8.40447315942e-05	0.000510978925915	8.5422865137e-06	1	0.758242192892	1	1	1	1	1
GO_METENCEPHALON_DEVELOPMENT	1	1	1	1	1	1	1	0.82451032437	1	1	1	1	1	1	1	1	1	1	1	1	1	1	1	1	1	1	1	1	1	1	1	1	1	1	1	1	1	1	1	1	1	1	0.467616008206	1	1	0.289779837012	1	1	0.445083270153	1	1
GO_MICROTUBULE_BINDING	1	1	1	1	1	1	1	1	1	1	1	1	1	1	1	1	1	1	1	1	1	1	1	1	1	1	1	1	1	1	1	1	1	1	1	1	1	1	1	1	1	1	0.474520407624	1	1	1	1	1	1	1	1
GO_MONOVALENT_INORGANIC_CATION_TRANSMEMBRANE_TRANSPORTER_ACTIVITY	1	1	1	0.00061404484606	0.996873462794	1	0.000284625180341	0.00136774272705	1	1	1	0.0364252472836	1	1	1	1	1	1	1	1	1	0.591552284776	0.0	1	0.267880419057	0.434646963253	0.130598727909	1	1	1	1	1	1	0.0315952100473	1	1	1	1	1	1	1	0.00710355672444	5.8102202777e-05	0.0884951791355	1	1	1	1	1	1	1
GO_MONOVALENT_INORGANIC_CATION_TRANSPORT	1	1	1	0.000208385479066	0.00614994879889	1	3.57896690885e-05	3.27600572803e-05	1	1	1	0.000735498468432	1	1	1	1	1	1	1	1	1	1	2.39208014015e-05	1	0.935571329236	1	0.967124684212	1	1	1	1	1	1	0.000610366139886	0.889508020532	1	1	1	0.37561312737	1	0.13932412956	0.0616184535274	7.50125394662e-05	0.00240402050342	1	1	1	1	1	1	1
GO_MULTICELLULAR_ORGANISMAL_SIGNALING	1	1	1	1	0.390565051678	1	0.000269171616546	5.66368152377e-08	1	1	1	0.183481538019	1	1	1	1	1	1	0.445698613979	1	1	0.000336114226835	0.0	1	1	1	0.011346109668	1	1	1	0.00990699191874	0.00836085095957	1	0.000417491843433	1	1	1	1	0.0975552629251	1	0.291688646832	1.06979134071e-05	4.16233580742e-05	0.0553578879015	1	2.04376611845e-05	1	1	1	1	1
GO_MUSCLE_CONTRACTION	1	1	1	1	1	1	0.192300830026	1	1	1	1	1	1	1	1	1	1	1	1	1	1	1	1	1	0.144219472331	1	1	1	1	1	1	1	1	1	1	1	1	1	1	1	1	1	1	1	1	1	1	1	1	1	1
GO_MUSCLE_SYSTEM_PROCESS	1	1	1	1	1	1	0.0872448353922	1	1	1	1	1	1	1	1	1	1	1	1	1	1	1	1	1	0.0963643369907	1	1	1	1	1	1	1	1	1	1	1	1	1	1	1	1	1	1	1	1	1	1	1	1	1	1
GO_NERVOUS_SYSTEM_PROCESS	1	1	1	1	1	1	1	1	1	1	1	1	1	1	1	1	1	1	1	1	1	1	1	1	1	1	1	1	1	1	1	1	1	1	1	1	1	1	1	1	1	1	1	1	1	0.0740463188762	1	1	1	1	1
GO_NEURAL_NUCLEUS_DEVELOPMENT	1	1	1	1	1	1	1	0.117630516291	1	1	1	1	1	1	1	1	1	1	1	1	1	1	1	1	1	1	1	1	1	1	1	1	1	1	1	1	1	1	1	1	1	1	1	1	1	1	1	1	1	1	1
GO_NEUROGENESIS	1	1	0.000427168463078	1	1	0.00106142697414	1.48001846169e-05	0.0	0.00464854296995	1	1	0.648365428008	1	1	1	1	1	1	0.050800404638	0.313881973692	0.00168991298367	0.000595375078349	0.000929324332348	1	0.174582448219	1	1.06309565701e-05	1	0.489469130709	1	0.000666904458395	1	1	1	5.98977431164e-05	1	1	1	0.0	1	1	1.37616908862e-05	1.34396764597e-05	0.486814789072	1	0.000688610433237	1	0.0609299939958	1	1	1
GO_NEURONAL_DENSE_CORE_VESICLE	1	1	1	1	1	1	1	1	1	1	1	1	1	1	1	1	1	1	1	1	1	0.01532908383	0.900720543367	1	1	1	1	1	1	1	1	1	1	1	1	1	1	1	1	1	1	1	1	1	1	1	1	1	1	1	1
GO_NEURON_DEVELOPMENT	1	1	1.62928475171e-05	1	1	0.00562838649769	3.20915041685e-05	1.02949246421e-05	0.131707658977	1	1	0.957614693142	1	1	1	1	1	1	0.079232904083	0.00724494088629	0.000227751066239	0.0172747482299	0.0178169995477	0.957247084898	1	1	0.00105825525404	1	1	1	0.000517661741174	1	1	1	0.000299433044473	1	1	1	0.0	1	0.528473560321	2.21421628146e-05	3.38243076894e-05	0.43452206775	1	0.00149889809901	1	1	1	1	1
GO_NEURON_DIFFERENTIATION	1	1	2.6162040665e-06	1	1	0.00255546805969	0.0	0.0	0.00870002105673	1	1	0.822453102659	1	1	1	1	1	1	0.0675413515266	0.0599387488683	0.00195611814746	0.000699388034467	0.0025045883545	1	0.177103468165	1	0.0	1	0.232817868078	1	0.000199591446714	1	0.528448502039	1	4.35790109066e-05	1	1	1	0.0	1	0.987706746851	0.0	1.5368827273e-06	0.48840651272	1	0.00294299881294	1	0.149206432262	1	1	1
GO_NEURON_PROJECTION	1	0.00183819398771	2.24695334787e-05	3.54643631573e-05	0.000432408380818	1.24793905076e-05	4.14103495038e-05	2.35253584643e-05	2.72106404589e-05	0.0589657526482	1	3.04453751498e-05	1	1	0.5861851613	0.0638543707307	1	1	0.146756062261	1.78762771452e-05	5.48070412414e-05	1.82866971632e-05	2.65951416911e-05	1	1.99540041415e-05	0.000532978448116	2.89681063409e-05	1	0.00040732295736	1	3.6311647035e-05	0.000117382695539	0.000101634723242	3.22618902615e-05	1.49052742748e-05	0.305527820531	1	1	4.94957185238e-08	1	3.71775801364e-05	3.04454160168e-05	3.76924279311e-05	3.02020302574e-05	1	2.84808727242e-05	1	1	2.88925689658e-05	3.94066529854e-05	1
GO_NEURON_PROJECTION_GUIDANCE	1	1	1	1	1	1	0.000508978866665	0.214856220401	1	1	1	1	1	1	1	1	1	1	1	1	1	1	1	1	1	1	1	1	1	1	1	1	1	1	1	1	1	1	1	1	1	1	0.0880018682786	1	1	1	1	1	1	1	1
GO_NEURON_PROJECTION_TERMINUS	1	1	0.000126040540122	1	1	1	0.182453577864	0.00140205154027	1	1	1	1	1	1	1	1	1	1	1	0.0452808928177	1	1	0.000994764776681	1	1	1	0.501651467175	1	1	1	0.0381392885851	1	1	1	0.714220256029	1	1	1	1	1	0.223623766307	0.026944945384	0.0559012814689	1	1	0.0186023134304	1	1	1	1	1
GO_NEURON_TO_NEURON_SYNAPSE	1	1	0.00318150781156	1	1	6.14151169251e-05	0.254617811013	0.000118251073693	1	1	1	1	1	1	1	1	1	1	1	0.000272821736549	0.00339733923281	0.329898435595	0.00823854630345	1	1	1	0.0152780123496	1	1	1	0.000217687167819	1	1	1	0.00488668644474	1	1	1	0.000108822547472	1	1	0.0	0.00927296779238	1	1	0.0	0.193436324497	1	1	0.00712106521013	1
GO_NEUROTRANSMITTER_SECRETION	1	1	0.453923375838	1	1	1	0.226005133571	0.000373208997015	1	1	1	1	1	1	1	1	1	1	1	1	1	0.00708134996732	0.415254410633	1	1	1	1	1	1	1	0.000122793039664	1	1	1	0.0673002882012	1	1	1	0.0111210507513	1	1	0.0240717312163	0.0959140875633	1	1	7.70778612136e-05	1	1	1	1	1
GO_NEUROTRANSMITTER_TRANSPORT	1	1	0.0529090467152	1	1	1	0.0100698032703	0.000183239331635	1	1	1	1	1	1	1	1	1	1	1	1	1	0.069956878104	0.565535122597	1	1	1	1	1	1	1	0.000215851549221	1	1	1	0.0362722836764	1	1	1	0.0104898260998	1	1	0.109644318685	0.0446824836928	1	1	0.00017892073423	1	1	1	1	1
GO_PANCREATIC_A_CELL_DIFFERENTIATION	1	1	1	1	1	1	1	1	1	1	1	1	1	1	1	1	1	1	1	1	1	1	1	1	1	1	1	1	1	1	1	1	1	1	1	1	1	1	0.79669086925	1	1	1	1	1	1	1	1	1	1	1	1
GO_PASSIVE_TRANSMEMBRANE_TRANSPORTER_ACTIVITY	0.0339191548609	1	0.000889496192706	0.0	0.0198245548307	0.00177253834792	0.0	0.0	0.000199999657299	0.675534023627	1	0.0	1	1	1	1	1	1	0.195833461388	0.0	1	0.0	0.0	1	0.0226635166914	0.115365487622	0.0	1	0.486241332832	1	0.00256329858358	0.0	0.122119357433	0.0	1	1	1	1	0.0258163002007	0.0870028613527	0.0	0.0	0.0	0.0	1	0.00026642324019	1	1	1	0.438578053835	0.0159095304005
GO_PEPTIDE_HORMONE_SECRETION	1	1	0.255744543324	1	0.491330592283	1	0.31230168904	1.14350939684e-05	0.0510358861825	1	1	0.000311748946797	1	1	1	1	1	1	1	4.61793376205e-07	0.846237083789	0.000525012219696	0.000975363621047	1	1	1	1	1	1	1	1	1	0.00179653304997	0.0748301273377	1	1	1	1	0.315208515685	1	0.0358945688885	0.0137440945567	0.00284699572712	0.0303669534657	1	0.000243596460557	1	1	1	1	1
GO_PEPTIDE_SECRETION	1	1	1	1	1	1	1	0.0809347316935	1	1	1	0.246722539976	1	1	1	1	1	1	1	0.00117625450144	1	1	0.544254143965	1	1	1	1	1	1	1	1	1	0.162730114864	1	1	1	1	1	1	1	1	1	1	1	1	1	1	1	1	1	1
GO_PERIKARYON	1	1	0.120209943831	1	1	1	0.049819156531	0.0194461578572	0.131554264594	1	1	1	1	1	1	1	1	1	1	1	1	0.385477450576	0.0140869782273	1	1	1	0.114882598041	1	1	1	0.463660090867	1	1	0.328404206602	1	1	1	1	1	1	1	0.359749037201	1	1	1	0.229112675849	1	1	0.0390611697342	1	1
GO_PLASMA_MEMBRANE_PROTEIN_COMPLEX	1	1	1	0.0106127608652	1	1	0.000407409607938	0.000824518250286	1	1	1	1	1	1	1	1	1	1	1	1	1	0.0256329033603	0.000423917501718	1	0.800345378272	1	0.334010440294	1	1	1	1	1	1	0.00375273390751	1	1	1	1	1	1	1	0.0181013077905	0.0251917705604	0.00400315232667	1	1	1	1	1	1	1
GO_POSITIVE_REGULATION_OF_ION_TRANSMEMBRANE_TRANSPORT	1	1	1	1	1	1	1	1	1	1	1	1	1	1	1	1	1	1	1	1	1	1	1	1	1	1	1	1	1	1	1	1	1	1	1	1	1	1	1	1	1	1	1	1	1	1	1	1	1	0.686940339796	1
GO_POSITIVE_REGULATION_OF_ION_TRANSPORT	1	1	1	1	1	1	1	1	1	1	1	1	1	1	1	1	1	1	1	1	1	1	1	1	1	1	1	1	1	1	1	1	1	0.290325556722	1	1	1	1	1	1	1	1	1	1	1	1	1	1	1	0.204485380758	1
GO_POSITIVE_REGULATION_OF_SECRETION	1	1	1	1	1	1	1	1	1	1	1	1	1	1	1	1	1	1	1	1	1	1	1	1	1	1	1	1	1	1	1	1	1	1	1	1	1	1	1	1	1	1	1	1	1	0.758650205276	1	1	1	1	1
GO_POSITIVE_REGULATION_OF_TRANSPORT	1	1	1	1	1	1	1	1	1	1	1	1	1	1	1	1	1	1	1	1	1	1	1	1	1	1	1	1	1	1	1	1	1	1	1	1	1	1	1	1	1	1	1	1	1	0.0874442890276	1	1	1	1	1
GO_POSTSYNAPSE	1	1	6.869361171e-06	0.074669809368	1	0.000772859290608	2.79579327279e-05	2.4730606496e-06	0.00710607294166	1	1	5.54071864034e-05	1	1	1	1	1	1	1	0.0	4.69484098153e-05	8.89495821249e-05	1.85577099177e-05	1	1	1	8.43942273868e-05	1	1	1	1.4135277671e-05	0.0305757682029	1	0.0518567756192	0.0	1	1	1	0.0	1	8.03430132725e-05	1.16782575537e-05	1.60829635951e-05	0.000767606635806	1	1.19840584856e-05	1	1	1	0.0086980720689	1
GO_POSTSYNAPTIC_DENSITY_MEMBRANE	1	1	1	1	1	1	1	1	1	1	1	1	1	1	1	1	1	1	1	1	1	1	1	1	1	1	1	1	1	1	1	1	1	1	1	1	1	1	1	1	1	0.0116437016318	1	1	1	1	1	1	1	1	1
GO_POSTSYNAPTIC_MEMBRANE	1	1	1	1	1	1	0.242212610775	0.000283955493307	1	1	1	0.00810609508983	1	1	1	1	1	1	1	0.00775090194222	1	0.0133775987856	0.000918875669131	1	1	1	0.14761873794	1	1	1	0.000205365744108	0.302174692894	1	1	0.0139557575657	1	1	1	0.194730247555	1	0.00457095979505	0.0013060912573	0.000642242530936	1	1	0.00630314510715	1	1	1	0.990897005627	1
GO_POSTSYNAPTIC_SPECIALIZATION_MEMBRANE	1	1	1	1	1	1	1	1	1	1	1	1	1	1	1	1	1	1	1	1	1	0.665915525773	1	1	1	1	1	1	1	1	1	1	1	1	1	1	1	1	1	1	1	0.15724169166	1	1	1	0.0550531168817	1	1	1	1	1
GO_POTASSIUM_CHANNEL_ACTIVITY	1	1	0.0487764452259	0.0	0.256487895001	1	0.0	3.8006531472e-06	0.0531330111517	1	1	0.0019249115743	1	1	1	1	1	1	1	0.0247355267037	1	0.00164119283186	0.0	1	2.23490134599e-05	1	0.00492168429093	1	1	1	1	1	1	0.0180653851879	1	1	1	1	1	1	1	0.000169348502393	0.0	0.00369232544184	1	1	1	1	1	1	1
GO_POTASSIUM_CHANNEL_COMPLEX	1	1	0.0422875656069	0.000131249525484	1	1	0.0579234420751	0.0014855007296	0.453599346903	1	1	0.199409075213	1	1	1	1	1	1	1	0.0166561106214	1	1	9.52448522811e-05	1	0.0145370011498	1	0.00365632031723	1	1	1	1	1	1	0.00136093319589	1	1	1	1	1	1	1	0.199409075213	4.62820236669e-06	0.0318306959387	1	1	1	1	1	1	1
GO_POTASSIUM_ION_TRANSMEMBRANE_TRANSPORTER_ACTIVITY	1	1	0.853657164317	0.00017631712209	0.24480489481	1	0.00013548042539	5.07763982277e-05	0.131554264594	1	1	0.00551523498138	1	1	1	1	1	1	1	0.541887976662	1	0.00888895529006	8.27139302584e-06	1	0.000567722654752	1	0.0148211642164	1	1	1	1	1	1	0.00494989487803	1	1	1	1	1	1	1	5.29504215665e-05	1.17028632941e-05	0.0871095424872	1	1	1	1	1	1	1
GO_POTASSIUM_ION_TRANSPORT	1	1	1	0.000440188587989	0.00370430905059	1	1.78146116983e-05	1.95058209383e-05	0.698142029156	1	1	3.34402166444e-05	1	1	1	1	1	1	1	0.12794011349	1	0.00573342381501	1.38274099979e-05	1	0.00885526212482	1	0.107197944311	1	1	1	1	1	1	0.0325707007677	0.465465276183	1	1	1	0.769483208282	1	0.0816442247229	0.00563228553843	2.25037232215e-05	0.0772394072573	1	1	1	1	1	1	1
GO_PRESYNAPSE	1	1	0.0	1	1	0.00925653858563	0.0	0.0	0.0294683457744	1	1	0.000212687902217	1	1	1	1	1	1	1	0.0	0.00052574256687	0.0	0.0	1	1	1	0.00123018465711	1	1	1	0.0	0.00543793895814	0.0125703072589	0.32220844139	0.0	1	1	1	0.0	1	0.0	0.0	0.0	0.000144416662281	1	0.0	1	1	1	1	1
GO_PRESYNAPTIC_MEMBRANE	1	1	1	1	1	1	1	0.125205851019	1	1	1	0.0464863373426	1	1	1	1	1	1	1	1	1	1	0.0140869782273	1	1	1	1	1	1	1	0.000158709645659	1	1	1	1	1	1	1	1	1	1	1	0.601096037673	1	1	1	1	1	1	1	1
GO_REGULATION_OF_BLOOD_CIRCULATION	1	1	1	1	1	1	0.00830270215981	0.000222740265674	1	1	1	1	1	1	1	1	1	1	1	1	1	0.0520322731811	0.000132335370691	1	1	1	0.448155229251	1	1	1	0.0230375838763	1	1	8.21514605399e-05	1	1	1	1	1	1	0.418056057532	9.19376102223e-05	0.00311856469367	1	1	0.0049648894454	1	1	1	1	1
GO_REGULATION_OF_CATION_TRANSMEMBRANE_TRANSPORT	1	1	1	1	1	1	1	0.00097897021091	1	1	1	1	1	1	1	1	1	1	1	1	1	1	1	1	1	1	1	1	1	1	1	1	1	0.0393681881417	1	1	1	1	1	1	1	1	1	0.499384237549	1	1	1	1	1	0.102249289721	1
GO_REGULATION_OF_CELLULAR_LOCALIZATION	1	1	1	1	1	1	1	0.00660411741894	1	1	1	1	1	1	1	1	1	1	1	1	1	1	1	1	1	1	1	1	1	1	1	1	1	1	1	1	1	1	1	1	1	1	1	1	1	1	1	1	1	1	1
GO_REGULATION_OF_CELL_DEVELOPMENT	1	1	1	1	1	1	1	1	1	1	1	1	1	1	1	1	1	1	1	1	1	1	1	1	1	1	0.18868076791	1	1	1	1	1	1	1	1	1	1	1	0.0320178726735	1	1	1	1	1	1	1	1	1	1	1	1
GO_REGULATION_OF_CELL_MORPHOGENESIS_INVOLVED_IN_DIFFERENTIATION	1	1	1	1	1	1	1	1	1	1	1	1	1	1	1	1	1	1	1	1	1	1	1	1	1	1	1	1	1	1	1	1	1	1	1	1	1	1	0.805689148255	1	1	1	1	1	1	1	1	1	1	1	1
GO_REGULATION_OF_CELL_PROJECTION_ORGANIZATION	1	1	1	1	1	1	0.942922608855	0.521444225391	1	1	1	1	1	1	1	1	1	1	1	1	1	1	1	1	1	1	0.536128554441	1	1	1	0.016493071971	1	1	1	1	1	1	1	0.0685998191346	1	1	1	1	1	1	1	1	1	1	1	1
GO_REGULATION_OF_EXOCYTOSIS	1	1	1	1	1	1	1	0.100783754035	1	1	1	1	1	1	1	1	1	1	1	1	1	0.00771074470287	0.013075865033	1	1	1	1	1	1	1	0.9407959465	1	1	1	1	1	1	1	0.257197848093	1	1	1	1	1	1	0.0225835593299	1	1	0.0115880328874	1	1
GO_REGULATION_OF_HEART_RATE	1	1	1	1	1	1	0.0165777855516	4.16016700153e-05	1	1	1	1	1	1	1	1	1	1	1	1	1	1	0.237330396786	1	1	1	1	1	1	1	1	1	1	1	1	1	1	1	1	1	1	1	0.00253068393182	1	1	1	1	1	1	1	1
GO_REGULATION_OF_HEART_RATE_BY_CARDIAC_CONDUCTION	1	1	1	1	1	1	0.000547708812824	0.0	1	1	1	1	1	1	1	1	1	1	1	1	1	0.198427304917	0.000829088573132	1	1	1	1	1	1	1	1	1	1	0.281396076218	1	1	1	1	1	1	1	0.000595383213666	0.00331174713666	1	1	1	1	1	1	1	1
GO_REGULATION_OF_HORMONE_LEVELS	1	1	0.0956802691629	1	1	1	0.215702002571	5.53643773538e-06	0.110740181063	1	1	2.07252106879e-05	1	1	1	1	1	1	1	0.0	1	0.000381448658954	5.90727944433e-05	1	1	1	1	1	1	1	1	1	0.0699522903805	0.0736498648679	1	1	1	1	0.127937867317	1	0.0109043589911	1	2.63684442885e-05	0.056624702471	1	0.00224333896464	1	1	1	1	1
GO_REGULATION_OF_HORMONE_SECRETION	1	1	1	1	1	1	0.545485480485	1.59595776441e-05	0.473246150922	1	1	0.000599905801635	1	1	1	1	1	1	1	2.93710590262e-05	1	0.0300092233417	0.242749470611	1	1	1	1	1	1	1	1	1	1	1	1	1	1	1	1	1	0.0640763563742	1	0.00120595955792	0.0529159532089	1	0.075045642178	1	1	1	1	1
GO_REGULATION_OF_INSULIN_SECRETION	1	1	1	1	1	1	1	1.91731472099e-06	0.727121674022	1	1	0.036833759482	1	1	1	1	1	1	1	0.000232253732484	0.302939117808	0.0117474340862	0.113913739447	1	1	1	1	1	1	1	1	1	0.0325864213123	1	1	1	1	1	1	1	1	1	0.0284843268424	1	1	0.0402908166055	1	1	1	1	1
GO_REGULATION_OF_ION_TRANSMEMBRANE_TRANSPORT	1	1	0.471208998168	0.00517210319168	1	1	1.36136924244e-05	0.0	1	1	1	0.115075779152	1	1	1	1	1	1	1	0.022285615051	1	0.0213325208263	1.4984840141e-05	1	0.980510246949	1	1	1	1	1	0.0675022977585	0.295462595877	1	0.000207241793182	1	1	0.0501834664514	1	0.0381299363405	1	3.81473739177e-05	0.000249220125822	0.000129195981525	2.95067447342e-05	1	1	1	1	1	0.133920726064	1
GO_REGULATION_OF_ION_TRANSPORT	1	1	1	0.0034004078593	0.318935161016	1	2.61842537106e-05	1.83277052124e-05	1	1	1	0.115419767089	1	1	1	1	1	1	1	0.0802604664605	1	0.456324029684	0.00027722595334	1	1	1	1	1	1	1	0.0170603486327	1	1	0.0016749867273	1	1	0.752162924917	1	0.0707049300192	1	7.20662472165e-05	0.00814889587406	0.00168888043812	0.000478294426316	1	0.533193219349	1	1	1	1	1
GO_REGULATION_OF_MEMBRANE_POTENTIAL	1	1	0.368193197225	2.11778154702e-05	0.000893167978681	1	4.42235725373e-06	0.0	3.35042580257e-05	1	1	0.0	1	1	1	1	1	1	1	0.000623022665325	1	0.000570558376576	0.0	1	1	1	5.46172202798e-07	1	0.190370097733	1	0.000470505392413	0.0732069417102	0.257110532387	0.0	0.000126004364678	1	1	1	0.00118212836152	1	5.81917019205e-06	0.0	0.0	0.0	1	2.65715817549e-06	1	1	0.0896759229782	0.00514777111851	1
GO_REGULATION_OF_METAL_ION_TRANSPORT	1	1	1	1	1	1	1	0.0135143327225	1	1	1	1	1	1	1	1	1	1	1	1	1	1	1	1	1	1	1	1	1	1	0.41431025165	1	1	0.279009987132	1	1	1	1	1	1	1	1	1	0.164626497886	1	1	1	1	1	1	1
GO_REGULATION_OF_NERVOUS_SYSTEM_DEVELOPMENT	1	1	1	1	1	1	1	0.229811620309	1	1	1	1	1	1	1	1	1	1	1	1	1	1	1	1	1	1	0.0099668111535	1	1	1	1	1	1	1	1	1	1	1	0.00502801832437	1	1	1	1	1	1	1	1	1	1	1	1
GO_REGULATION_OF_NEURON_DIFFERENTIATION	1	1	0.0703826023537	1	1	1	0.11993379268	0.0633696315749	1	1	1	1	1	1	1	1	1	1	1	1	1	1	1	1	1	1	0.0175178134256	1	1	1	0.074095841813	1	1	1	0.465027886996	1	1	1	0.0	1	1	0.0467314628031	1	1	1	1	1	1	1	1	1
GO_REGULATION_OF_NEURON_PROJECTION_DEVELOPMENT	1	1	1	1	1	1	0.178311426981	0.217686014342	1	1	1	1	1	1	1	1	1	1	1	1	1	1	1	1	1	1	1	1	1	1	0.0129104061323	1	1	1	1	1	1	1	0.00136679018398	1	1	0.072424886117	1	1	1	1	1	1	1	1	1
GO_REGULATION_OF_NEUROTRANSMITTER_LEVELS	1	1	1	1	1	1	1	0.00891503349698	1	1	1	1	1	1	1	1	1	1	1	1	1	0.516118628902	1	1	1	1	1	1	1	1	0.0118626103331	1	1	1	0.326800052401	1	1	1	0.531424615825	1	1	0.898445217746	1	1	1	0.00974093322595	1	1	1	1	1
GO_REGULATION_OF_NEUROTRANSMITTER_TRANSPORT	1	1	1	1	1	1	1	0.0284412446323	1	1	1	1	1	1	1	1	1	1	1	1	1	1	1	1	1	1	1	1	1	1	1	1	1	1	1	1	1	1	1	1	1	1	1	1	1	0.067259234203	1	1	1	1	1
GO_REGULATION_OF_PEPTIDE_HORMONE_SECRETION	1	1	1	1	1	1	0.546364415257	0.0	0.136408672968	1	1	0.00603408074067	1	1	1	1	1	1	1	4.18917825432e-05	1	0.00388272162797	0.0379480178402	1	1	1	1	1	1	1	1	1	0.170266070513	1	1	1	1	1	1	1	0.447191212694	1	0.0132494376399	0.527649175673	1	0.0691166908793	1	1	1	1	1
GO_REGULATION_OF_PEPTIDE_SECRETION	1	1	1	1	1	1	1	0.0769710042164	1	1	1	1	1	1	1	1	1	1	1	0.140849752531	1	1	1	1	1	1	1	1	1	1	1	1	1	1	1	1	1	1	1	1	1	1	1	1	1	1	1	1	1	1	1
GO_REGULATION_OF_POSTSYNAPTIC_MEMBRANE_POTENTIAL	1	1	1	1	1	1	0.776765134629	0.282375462708	1	1	1	1	1	1	1	1	1	1	1	1	1	1	1	1	1	1	1	1	1	1	1	1	1	1	1	1	1	1	1	1	1	1	1	1	1	1	1	1	1	1	1
GO_REGULATION_OF_REGULATED_SECRETORY_PATHWAY	1	1	1	1	1	1	1	0.205248418395	1	1	1	1	1	1	1	1	1	1	1	1	1	0.609825614387	0.152633285355	1	1	1	1	1	1	1	1	1	1	1	1	1	1	1	1	1	1	1	1	1	1	0.0571236281668	1	1	0.0557933863122	1	1
GO_REGULATION_OF_SECRETION	1	1	1	1	1	0.309772374403	0.00409128922544	7.05770678122e-06	0.206675070609	1	1	0.000502369627666	1	1	1	1	1	1	1	0.000165399266123	1	0.000143702339079	0.000409085946595	1	1	1	1	1	1	1	0.00576493440158	1	0.00486386655286	1	1	1	1	1	0.243579285496	1	0.145444843215	1	0.000942427682978	0.00741813571601	1	4.32702552122e-05	1	1	1	1	1
GO_REGULATION_OF_SYNAPTIC_PLASTICITY	1	1	1	1	1	1	1	1	1	1	1	1	1	1	1	1	1	1	1	1	1	1	1	1	1	1	1	1	1	1	0.00317212720655	1	0.543416751433	1	1	1	1	1	1	1	1	1	1	1	1	0.0138744617194	1	1	1	0.0720349077417	1
GO_REGULATION_OF_SYNAPTIC_VESICLE_CYCLE	1	1	1	1	1	0.0132421666094	1	1.36927909056e-06	1	1	1	0.993322296879	0.186672072186	1	1	1	1	1	1	1	1	0.0601721988961	1	1	1	1	1	1	1	1	0.00117979716916	1	1	1	1	1	1	1	0.292108132185	1	1	0.110351208582	0.067965748736	1	1	0.00419177926085	1	1	1	1	1
GO_REGULATION_OF_SYNAPTIC_VESICLE_EXOCYTOSIS	1	1	1	1	1	1	1	0.015633815062	1	1	1	1	1	1	1	1	1	1	1	1	1	1	1	1	1	1	1	1	1	1	1	1	1	1	1	1	1	1	1	1	1	1	1	1	1	0.0564016467657	1	1	1	1	1
GO_REGULATION_OF_SYSTEM_PROCESS	1	1	1	1	1	0.208320212306	0.00607266625288	0.00292311746497	1	1	1	1	1	1	1	1	1	1	1	1	1	1	0.000422662969823	1	0.0396082020709	1	0.0510403156299	1	0.435309596359	1	0.00371958322992	1	1	7.27911467422e-05	1	1	1	1	1	1	0.424215620796	9.8121116763e-05	0.0214611615974	1	1	0.0	1	1	1	1	1
GO_REGULATION_OF_TRANSMEMBRANE_TRANSPORT	1	1	1	0.00249824816034	1	1	2.73171178459e-05	9.15367766252e-06	1	1	1	0.500154503661	1	1	1	1	1	1	1	0.160563049341	1	0.194142582077	0.000205751958922	1	1	1	1	1	1	1	0.121397794603	1	1	0.00147409246897	1	1	0.375063042507	1	0.214169420321	1	9.20179746133e-05	0.000399296618286	7.92862412254e-05	7.84020988878e-05	1	0.264540358303	1	1	1	0.44444765485	1
GO_REGULATION_OF_TRANSPORT	1	1	0.0412156607846	0.000758773597074	0.00219839812565	0.0696238418005	0.0	0.0	1	1	1	0.0	1	1	1	1	1	1	1	0.000120760036067	0.353362251017	0.000338212548034	0.0	1	1	1	1	1	1	1	0.0	1	1	0.00052382517499	0.0541820591337	1	1	1	2.08455695925e-05	1	1.94358725367e-05	0.000234971691576	0.0	0.0	1	0.0	1	1	0.212092101975	0.0862271520132	1
GO_REGULATION_OF_TRANS_SYNAPTIC_SIGNALING	1	1	0.00150193891161	1	1	0.10555586768	1.19398381797e-05	0.0	0.00177000555534	1	1	0.00696015399964	1	1	1	1	1	1	1	0.0219596563168	0.16613156069	0.00450719077248	0.000114914572819	1	1	1	4.51768591546e-05	1	1	1	0.0	0.018866478582	0.00139937161737	0.00117499992069	0.00704347480549	1	1	1	4.8936181551e-05	1	0.00265691733143	0.0	0.0	0.359416355423	1	0.0	0.202550431072	1	1	0.000275028482999	1
GO_REGULATION_OF_VESICLE_MEDIATED_TRANSPORT	1	1	1	1	1	1	1	0.89283719023	1	1	1	1	1	1	1	1	1	1	1	1	1	1	1	1	1	1	1	1	1	1	1	1	1	1	1	1	1	1	1	1	1	1	1	1	1	1	1	1	1	1	1
GO_RESPONSE_TO_NITROGEN_COMPOUND	1	1	1	1	1	1	1	0.64408170207	1	1	1	1	1	1	1	1	1	1	1	1	1	1	1	1	1	1	1	1	1	1	1	1	1	0.282864254817	1	1	1	1	0.473944048536	1	1	1	1	1	1	0.0363299507771	1	1	1	1	1
GO_RESPONSE_TO_OXYGEN_CONTAINING_COMPOUND	1	1	1	1	1	1	1	1	1	1	1	1	1	1	1	1	1	1	1	1	1	1	1	1	1	1	1	1	1	1	1	1	1	0.147310978592	1	1	1	1	1	1	1	1	1	1	1	1	1	1	1	1	1
GO_SCHAFFER_COLLATERAL_CA1_SYNAPSE	1	1	1	1	1	1	1	1	1	1	1	1	1	1	1	1	1	1	1	1	0.0258875080136	1	1	1	1	1	1	1	1	1	1	1	1	1	1	1	1	1	1	1	1	1	1	1	1	1	1	1	1	1	1
GO_SECRETION	1	1	1	1	1	1	1	0.305908934017	1	1	1	0.096308813367	1	1	1	1	1	1	1	0.108910790889	1	1	1	1	1	1	1	1	1	1	1	1	1	1	1	1	1	1	1	1	1	1	1	0.473992136012	1	0.0221816650637	1	1	1	1	1
GO_SECRETORY_VESICLE	1	1	1	1	1	1	1	1	1	1	1	1	1	1	1	1	1	1	1	0.50527122806	1	0.259268982422	1	1	1	1	1	1	1	1	1	1	1	1	1	1	1	1	1	1	1	1	1	1	1	0.220616100804	1	1	1	1	1
GO_SIGNAL_RELEASE	1	1	0.149219417207	1	0.175848770718	0.00815863029056	8.61609129925e-05	1.37313505111e-06	0.0469869515746	1	1	1.9635456231e-05	1	1	1	1	1	1	1	2.36907531292e-06	1	0.0	8.29644250964e-05	1	1	1	1	1	1	1	0.000168135487309	1	0.143344318702	0.00587627530737	0.00498993744122	1	1	1	0.00360252332056	1	0.00652806084155	6.25112400976e-06	2.37628643682e-05	1.70851121406e-05	1	0.0	1	1	1	0.324106177307	1
GO_SODIUM_CHANNEL_ACTIVITY	1	1	1	0.0304292182491	1	1	0.472844376161	0.806423233417	1	1	1	1	1	1	1	1	1	1	1	1	1	1	1	1	1	1	1	1	1	1	1	1	1	0.0363451265897	1	1	1	1	1	1	1	1	1	1	1	1	1	1	1	1	1
GO_SODIUM_ION_TRANSMEMBRANE_TRANSPORT	1	1	1	1	1	1	1	1	1	1	1	1	1	1	1	1	1	1	1	1	1	1	1	1	1	1	1	1	1	1	1	1	1	0.151622408564	1	1	1	1	1	1	1	1	1	1	1	1	1	1	1	1	1
GO_SOMATODENDRITIC_COMPARTMENT	1	1	0.0	0.12298295255	1	0.00027950843945	2.40879552116e-06	0.0	0.000212142338791	1	1	9.59199426787e-06	1	1	1	1	1	1	0.213138123699	0.0	0.00222734452271	0.0	0.0	1	0.000531227323873	0.0478022953164	0.000581249434457	1	0.313719188071	1	0.0	0.00328554548502	0.246629953891	0.0	0.0	1	1	1	0.0	1	1.49231450117e-05	0.0	5.29612992217e-06	0.0	1	0.0	1	1	8.49273665127e-06	6.56495858875e-06	1
GO_SYNAPSE	1	0.00808690173369	1.04365687399e-05	1.50401134427e-05	0.0	0.0	2.53497858977e-05	3.34652993272e-06	1.36999109468e-05	0.775758206302	1	5.70582971005e-06	1	1	1	0.00204688007759	0.0118462653945	0.309806549965	0.0326695656475	3.62624086314e-06	3.5292748535e-05	7.6432666446e-06	1.33498274851e-05	0.22554943322	0.0852438434142	0.82674173461	1.65830736982e-05	0.245761773796	2.98129482701e-05	0.625554782154	1.9356460105e-05	3.9743155007e-06	1.32778696522e-05	9.62169180441e-06	0.0	1	0.17517840785	0.990224673747	0.0	0.000660559057733	1.7334465563e-05	5.70582971005e-06	1.60382586452e-05	1.21111706228e-05	1	8.10109925276e-06	0.0448106003408	1	0.000152654325532	2.14579503587e-05	1
GO_SYNAPSE_ORGANIZATION	1	1	0.0588685699177	1	1	1	0.0772647957498	1	1	1	1	1	1	1	1	1	1	1	1	0.575769804964	1	1	1	1	1	1	1	1	1	1	1	0.295546026354	1	1	1	1	1	1	0.000134568275313	1	1	0.0135981806089	1	1	1	1	1	1	1	1	1
GO_SYNAPTIC_MEMBRANE	1	1	1	1	1	0.244451848666	0.152136981329	2.60750194245e-05	1	1	1	6.62681062524e-05	1	1	1	1	1	1	1	0.000854355977197	1	0.00265831182279	2.79837437756e-05	1	1	1	0.00746033660929	1	1	1	1.50464943931e-05	0.38130017729	1	0.19642661176	0.00207712931728	1	1	1	0.0106123698486	1	0.000459066773752	0.00936650533098	0.000107852578452	1	1	0.00107217691315	1	1	1	0.0160346901117	1
GO_SYNAPTIC_SIGNALING	0.233519515897	1	0.00107387628967	0.00217563436567	0.00936628546735	0.00499094847411	0.0	0.0	0.0	1	1	0.0	1	1	1	1	1	0.123179938315	1	0.0	0.000216754100438	0.0	0.0	0.406674043472	1	1	0.0	1	0.00709881552612	1	0.0	0.0230889723598	2.52374781953e-05	0.0	0.0	1	1	1	0.0	0.256798447951	0.0	0.0	0.0	0.000504044527561	0.722232393678	0.0	1	1	0.0323927777909	2.76028963428e-05	1
GO_SYNAPTIC_VESICLE_EXOCYTOSIS	1	1	1	1	1	1	1	0.00401083805732	1	1	1	1	1	1	1	1	1	1	1	1	1	0.122324469304	0.177987131786	1	1	1	1	1	1	1	0.00260022960448	1	1	1	1	1	1	1	1	1	1	1	1	1	1	0.00011502083103	1	1	1	1	1
GO_SYNAPTIC_VESICLE_LOCALIZATION	1	1	1	1	1	1	1	0.596378278165	1	1	1	1	1	1	1	1	1	1	1	1	1	1	1	1	1	1	1	1	1	1	1	1	1	1	1	1	1	1	1	1	1	1	1	1	1	1	1	1	1	1	1
GO_SYNAPTIC_VESICLE_MEMBRANE	1	1	0.890735660741	1	1	1	1	0.303616252857	1	1	1	1	1	1	1	1	1	1	1	0.0414132542974	1	1	1	1	1	1	1	1	1	1	1	1	1	1	1	1	1	1	1	1	0.266997841872	1	0.158936640018	1	1	0.845548249318	1	1	1	1	1
GO_TRANSMEMBRANE_TRANSPORT	1	1	1	1	1	0.0977272377945	0.000177122781357	0.0	1	1	1	0.0103960359073	1	1	1	1	1	1	1	0.0895527760746	1	0.0838238153074	0.000187888865013	1	1	1	1	1	1	1	1	0.277420458261	1	0.00784476815389	1	1	1	1	1	1	0.00445883453733	0.0293290606668	0.000410069956241	3.27715010182e-05	1	1	1	1	1	1	1
GO_TRANSPORTER_ACTIVITY	1	1	1	1	1	1	0.00077707372744	3.36069026239e-05	1	1	1	0.123486475198	1	1	1	1	1	1	1	0.579675461245	1	0.027469264856	0.000195471293164	1	1	1	1	1	1	1	1	0.671949856835	1	0.82343245631	1	1	1	1	1	1	0.249615922674	0.358563173111	0.0330785040865	0.000212469308101	1	1	1	1	1	1	1
GO_TRANSPORTER_COMPLEX	1	1	0.332697056776	2.31585208252e-05	0.0263251118363	1	1.13943195901e-05	0.0	0.00279012591538	1	1	9.01573619583e-06	1	1	1	1	1	1	1	0.000156890691227	1	0.000445897670527	0.0	1	0.327549235302	1	6.80008499994e-05	1	1	1	0.0194730519837	0.0491613803015	0.299875951067	0.0	1	1	1	1	1	1	0.00051858011892	0.000547601520538	1.30614204887e-05	0.00147058343646	1	0.00487771094792	1	1	1	0.257456037323	1
GO_TRANSPORT_VESICLE	1	1	0.00469405662925	1	1	1	0.026954162912	2.49076252352e-05	1	1	1	0.0253397895595	1	1	1	1	1	1	1	0.00057746482657	0.110770415217	0.144040214894	0.0683517150437	1	1	1	1	1	1	1	0.180847422592	1	1	1	1	1	1	1	0.00629068621706	1	0.0310275684389	1	3.32185428994e-05	1	1	0.000795318423831	1	1	1	1	1
GO_TRANSPORT_VESICLE_MEMBRANE	1	1	0.0147342501013	1	1	1	0.0136665039276	5.50153798087e-05	1	1	1	1	1	1	1	1	1	1	1	0.00233942479557	0.00813554046703	1	0.15531814201	1	1	1	1	1	1	1	1	1	1	1	1	1	1	1	1	1	0.00950655196071	1	0.253016890892	1	1	0.291964491268	1	1	1	1	1
GO_TUBULIN_BINDING	1	1	1	1	1	1	0.0531724145349	0.190457690108	1	1	1	1	1	1	1	1	1	1	1	1	1	1	1	1	1	1	1	1	1	1	1	1	1	1	1	1	1	1	0.0897821357771	1	1	1	0.0315532748651	1	1	1	1	1	1	1	1
GO_T_TUBULE	1	1	1	1	1	1	1	1	1	1	1	1	1	1	1	1	1	1	1	1	1	0.231660625649	1	1	1	1	1	1	1	1	1	1	1	1	1	1	1	1	1	1	1	1	1	1	1	1	1	1	1	1	1
GO_VESICLE_MEDIATED_TRANSPORT_IN_SYNAPSE	1	1	0.03027774502	1	1	1	0.164230107305	0.0	1	1	1	0.407970151345	1	1	1	1	0.343712283486	1	1	0.997980215713	1	0.0379684429366	0.0113072965373	1	1	1	1	1	1	1	1.7294112313e-05	1	1	0.368018544278	0.0212742400226	1	1	1	0.00575500662277	1	1	0.00960737849145	0.000790485639666	0.130917852522	1	1.47646688498e-05	1	1	1	1	1
GO_VOLTAGE_GATED_CALCIUM_CHANNEL_ACTIVITY	1	1	1	1	1	1	1	1	1	1	1	1	1	1	1	1	1	1	1	1	1	0.530269750045	0.678052048044	1	1	1	1	1	1	1	1	0.955842574924	1	1	1	1	1	1	1	1	1	1	1	1	1	1	1	1	1	1	1
GO_VOLTAGE_GATED_CALCIUM_CHANNEL_COMPLEX	1	1	1	1	1	1	1	1	1	1	1	1	1	1	1	1	1	1	1	1	1	1	1	1	1	1	1	1	1	1	1	0.830980186612	1	1	1	1	1	1	1	1	1	1	1	1	1	1	1	1	1	1	1
GO_VOLTAGE_GATED_CATION_CHANNEL_ACTIVITY	1	1	0.266896472116	4.14426228934e-05	0.00749509684723	1	1.41631620529e-05	0.0	0.00044237547067	1	1	0.000130112727577	1	1	1	1	0.0426164544221	1	1	0.0024898516836	0.693010991019	2.37569059813e-05	1.812828897e-06	1	0.0	0.0318916098732	2.56640457511e-05	1	1	1	0.000242971250986	0.012225376905	0.000146580363722	0.00120905219506	1	1	0.239111515809	1	0.00465389034917	1	0.000172654096611	2.31882299473e-07	7.98154883319e-06	0.000272639204225	1	0.00794019637284	1	1	1	1	1
GO_VOLTAGE_GATED_ION_CHANNEL_ACTIVITY	1	1	0.286828749115	2.39878503172e-06	0.000230434822106	1	7.00781411234e-06	0.0	0.00707062031211	1	1	0.000234280835309	1	1	1	1	1	1	1	0.0403914898329	1	1.35994306383e-05	0.0	1	0.0	0.00406637673954	3.26933079497e-07	1	0.153749060957	1	9.37184057501e-05	0.399203989586	0.00751119206001	0.000206504400921	1	1	0.284441503432	0.637758890879	0.00104741845268	1	8.09144604519e-05	0.0	3.85949311776e-06	4.18114161671e-06	1	0.0219966958422	1	1	0.345426051015	0.103360841898	1
GO_VOLTAGE_GATED_POTASSIUM_CHANNEL_ACTIVITY	1	1	1	0.00106457694951	0.26778397628	1	0.00208581773608	0.00485005197128	0.199323307095	1	1	0.00724437422063	1	1	1	1	0.147364044429	1	1	1	1	1	5.49704809871e-06	1	0.000336049628014	1	0.178848464308	1	1	1	1	1	1	1	1	1	1	1	1	1	1	0.0868955012763	0.000230783174775	0.143347164563	1	1	1	1	1	1	1
