	AEBP1	ARNT2	ARX	ASCL1	ASCL2	E2F7	ETV1	FEV	FOXD4L5	FOXJ1	GATA2	HES4	HLF	HMBOX1	LMX1A	LMX1B	MAFA	MAFB	MYT1	NEUROD1	NEUROD2	NEUROG3	NHLH1	NPAS3	NR4A3	ONECUT1	PAX4	PAX6	PBX3	POU2F2	RFX6	SETBP1	SIM1	SIX2	SMAD9	SOX4	SPIB	TFCP2L1	TP73	ZNF519	ZNF846
GO_ACTION_POTENTIAL	1	1	1	1	1	1	0.0617536814628	1	1	1	1	1	1	1	1	1	1	0.514886345504	1	1	1	1	1	1	1	1	1	1	1	1	1	1	1	1	1	1	1	1	1	1	1
GO_ADULT_BEHAVIOR	1	1	1	1	1	1	1	1	1	1	1	1	1	1	1	1	1	1	1	1	1	1	1	1	0.000554588398005	1	1	0.000181237097677	1	1	1	1	1	1	1	1	1	1	1	1	1
GO_ALCOHOL_BINDING	1	1	1	1	1	1	1	1	1	1	1	0.830887806289	1	1	1	1	1	1	1	1	1	1	1	1	1	1	1	1	1	1	1	1	1	1	1	1	1	1	1	1	1
GO_AXON	1	1	0.0	1	1	1	0.0	0.0	0.152664986458	0.309307880947	0.0	1	1	1	0.0	0.00332482414914	0.0	0.0	1	0.212825361771	1	0.0	1	1	0.0	0.266267752191	1	0.000955761401852	1	1	0.0	1	1	0.0	0.0	1	0.0	0.0488851074136	1	1	1
GO_AXON_DEVELOPMENT	1	1	0.0629008951601	1	1	1	0.00128915398284	1	1	1	0.21504528053	1	1	1	1	1	1	1	1	1	1	0.000267505362119	1	1	1	1	1	1	1	1	1	1	1	0.333479817322	1	1	1	1	1	1	1
GO_BEHAVIOR	1	1	1	1	1	1	1	1	1	1	0.022542833308	1	1	1	0.00213372638704	1	0.0175936798211	0.0	1	1	1	1	1	1	7.22320407061e-05	1	1	0.0	1	1	1	1	1	0.0449799618305	1	1	1	1	1	1	1
GO_BIOLOGICAL_ADHESION	1	1	1	1	1	1	1	1	1	1	1	1	1	1	1	1	1	1	1	1	1	0.19414330401	1	1	1	0.00511932520401	1	1	1	1	1	1	1	1	1	1	1	1	1	1	1
GO_CALCIUM_DEPENDENT_CELL_CELL_ADHESION_VIA_PLASMA_MEMBRANE_CELL_ADHESION_MOLECULES	1	1	1	1	1	1	1	1	1	1	1	1	1	1	1	1	1	1	1	1	1	1	1	1	1	1	1	1	1	1	1	0.642937028736	1	1	1	1	1	1	1	1	1
GO_CALCIUM_ION_BINDING	1	1	1	1	1	1	1	1	1	1	1	1	1	1	1	1	1	1	1	1	1	0.0419570323065	1	1	1	1	1	1	1	1	1	1	1	1	1	0.0922529463532	1	1	1	1	1
GO_CALCIUM_ION_TRANSMEMBRANE_TRANSPORT	1	1	1	1	1	1	1	1	1	1	1	1	1	1	1	1	1	1	1	1	1	1	1	1	1	0.54264914358	1	1	1	1	1	1	1	0.0504951281424	1	1	1	1	1	1	1
GO_CALCIUM_ION_TRANSMEMBRANE_TRANSPORTER_ACTIVITY	1	1	1	1	1	1	1	1	1	1	1	1	1	1	1	1	1	1	1	1	1	1	1	1	1	0.041246161391	1	1	1	1	1	1	1	0.0189996800547	1	1	1	1	1	1	1
GO_CARDIAC_CONDUCTION	1	1	1	1	1	1	1	1	1	1	0.174821097023	1	1	1	1	1	1	0.000216125819976	1	1	1	1	1	1	1	1	1	0.264578053451	1	1	1	1	1	1	0.133453149736	1	1	1	1	1	1
GO_CATION_CHANNEL_ACTIVITY	1	1	0.80689651821	8.5213887824e-05	1	1	0.0	0.00081566803063	0.0342034686797	1	0.0	1	1	1	0.00106111226731	1	0.0	0.0	1	0.00367832484693	0.435412217118	0.0	1	1	0.0320863485018	0.0	1	0.0	1	1	0.000295054389254	1	1	4.98859648128e-05	0.0	1	0.000126169420294	0.264572709979	1	0.275803191029	1
GO_CATION_CHANNEL_COMPLEX	1	1	1	0.0015719808928	1	1	0.00144629239115	0.0602494411356	0.000474651242277	1	0.0	1	1	1	4.57111362628e-05	1	1	0.0	1	0.478415264183	1	0.000429761848401	1	1	0.885145660597	0.00444918985545	1	4.18936494384e-06	1	1	1	1	1	0.000530569284279	0.00121863416152	1	4.85521172972e-05	1	1	1	1
GO_CATION_TRANSMEMBRANE_TRANSPORT	1	1	1	0.993111169263	1	1	0.0070898482889	0.22326641416	1	1	0.00668737360109	1	1	1	1	1	0.790368149649	0.0	1	1	1	0.0118662404836	1	1	0.0238361976255	0.000279951146297	1	0.0	1	1	0.0615808112796	1	1	0.023585264024	0.0867215806194	1	0.0422367746496	1	1	0.236272236186	1
GO_CATION_TRANSMEMBRANE_TRANSPORTER_ACTIVITY	1	1	1	0.358871527986	1	1	0.00226143641057	0.609661828056	1	1	0.0186256659732	1	1	1	1	1	0.0632548559027	0.0	1	1	1	0.000764340217858	1	1	1	0.0123163897009	1	0.000743047879226	1	1	1	1	1	0.131740405003	0.0108833391132	1	0.659250966542	1	1	1	1
GO_CATION_TRANSPORT	1	1	1	0.21989776522	1	1	0.00211678091726	0.00742591722123	1	1	0.0127730487537	1	1	1	1	1	1	2.59492046739e-06	1	1	1	0.0234378190876	1	1	0.0250979883634	0.00308006155754	1	0.000180233396524	1	1	0.575878420963	1	1	0.0654021123138	0.27173382121	1	0.0176372047199	1	1	0.377379486368	1
GO_CELLULAR_COMPONENT_MORPHOGENESIS	1	1	0.0443210460378	1	1	1	4.22323143895e-05	1	1	1	0.128034490514	1	1	1	1	0.654510874442	1	1	1	1	1	0.014576157587	1	1	0.00284243826177	1	1	1	1	1	1	1	1	0.112463088386	0.00134881510745	1	1	1	1	1	1
GO_CELL_BODY	1	1	0.1804973353	1	1	1	0.000266797242755	1	1	1	0.00347752971607	1	1	1	0.148566669073	1	0.0855542143143	0.0	1	0.696131634619	1	0.00148083833124	1	1	2.7265038654e-05	1	1	0.00236010868478	1	1	0.00024129733639	1	0.514070269806	0.0072952004482	0.00647750473968	1	0.0121429475603	1	1	1	1
GO_CELL_CELL_ADHESION_VIA_PLASMA_MEMBRANE_ADHESION_MOLECULES	1	1	1	1	1	1	1	1	1	1	1	1	1	1	1	1	1	1	1	1	1	1	1	1	1	0.107948178979	1	1	1	1	1	1	1	1	1	1	1	1	1	1	1
GO_CELL_CELL_SIGNALING	1	1	1	1	1.77768940262e-05	1	0.0	9.29093859847e-07	1	1	0.0	1	1	1	0.0	0.0124798089311	0.0	0.0	1	0.070461086679	0.352079389534	0.0	1	1	0.0	1	1	0.0	1	1	0.000375034613057	1	1	0.0	0.0	0.391013220083	0.000253994696389	0.000948185114757	1	1	1
GO_CELL_JUNCTION_ASSEMBLY	1	1	1	1	1	1	1	1	1	1	1	1	1	1	1	1	1	1	1	1	1	1	1	1	0.0301162580534	1	1	1	1	1	1	1	1	1	1	1	1	1	1	1	1
GO_CELL_JUNCTION_ORGANIZATION	1	1	1	1	1	1	0.0673507028771	1	1	1	1	1	1	1	0.00516281023124	1	0.185123680389	0.00220700028737	1	1	1	1	1	1	0.000910113425277	0.00181737687853	1	1	1	1	0.00105786324214	1	1	1	0.56718124541	1	1	1	1	1	1
GO_CELL_MORPHOGENESIS	1	1	1	1	1	1	0.00494479451358	1	1	1	0.458326301509	1	1	1	1	1	1	1	1	1	1	0.00271229412134	1	1	0.0189578620535	1	1	1	1	1	1	1	1	1	1	1	1	1	1	1	1
GO_CELL_MORPHOGENESIS_INVOLVED_IN_DIFFERENTIATION	1	1	0.956484886082	1	1	1	0.0150999160665	1	1	1	1	1	1	1	1	1	1	1	1	1	1	0.000756020518111	1	1	0.0138969203754	1	1	1	1	1	1	1	1	1	1	1	1	1	1	1	1
GO_CELL_MORPHOGENESIS_INVOLVED_IN_NEURON_DIFFERENTIATION	1	1	0.274902890438	1	1	1	0.00158715930101	1	1	1	1	1	1	1	1	1	1	1	1	1	1	0.00068295251068	1	1	0.0117344469673	1	1	1	1	1	0.216870859819	1	1	1	0.122227179662	1	1	1	1	1	1
GO_CELL_PART_MORPHOGENESIS	1	1	0.0690003342027	1	1	1	7.16786257349e-05	1	1	1	0.0639120647255	1	1	1	1	1	1	1	1	1	1	0.00423538477607	1	1	0.00679892978319	1	1	1	1	1	0.267255112827	1	1	0.146463760418	0.0145936777886	1	1	1	1	1	1
GO_CELL_PROJECTION_ORGANIZATION	1	1	1	1	1	0.0874744871653	0.00582444506957	0.153778580104	1	1	0.011395720618	1	1	1	0.292397956704	4.57810050641e-05	1	0.0430509697087	1	1	1	0.000845236956422	1	1	0.00404801019955	1	1	1	0.482045065194	1	0.0	1	1	1	0.0889402060591	1	1	0.494370192462	1	1	1
GO_CENTRAL_NERVOUS_SYSTEM_NEURON_DIFFERENTIATION	1	1	0.791397117574	1	1	1	1	1	1	1	1	1	1	1	1	1	1	1	1	1	1	1	1	1	1	1	1	1	1	1	1	1	1	1	1	1	1	1	1	1	1
GO_CHEMICAL_HOMEOSTASIS	1	1	1	1	1	1	1	1	1	1	0.212270226401	1	1	1	1	1	1	1	1	1	1	1	1	1	1	1	1	1	1	1	1	1	1	1	1	1	1	1	1	1	1
GO_CHEMICAL_SYNAPTIC_TRANSMISSION_POSTSYNAPTIC	1	1	1	1	1	1	1	1	1	1	1	1	1	1	1	1	1	1	1	1	1	0.313077201906	1	1	1	1	1	1	1	1	1	1	1	1	1	1	1	1	1	1	1
GO_CIRCULATORY_SYSTEM_PROCESS	1	1	1	1	1	1	1	1	1	1	1	1	1	1	1	1	1	0.0	1	1	1	1	1	1	1	0.602626230558	1	0.0208592607441	1	1	1	1	1	0.549400333089	0.00085410328206	1	1	1	1	1	1
GO_CYTOSKELETAL_PROTEIN_BINDING	1	1	1	1	1	1	0.00983670785494	1	1	1	1	1	1	1	1	0.167774217541	0.383521686734	0.00146305120754	1	1	1	1	1	1	1	1	1	1	1	1	0.000592265975123	1	1	1	1	1	1	1	1	1	0.0634994077376
GO_DENDRITIC_TREE	1	1	1	1	1	1	3.43877519859e-06	1	1	1	0.374019383815	1	1	1	0.010912465278	0.180697309155	0.0	0.0	1	1	1	1	1	1	2.29096431961e-05	0.117477084355	1	0.300368004148	1	1	0.0	1	1	1	2.81070724705e-05	1	0.00246908479403	1	1	1	1
GO_DISTAL_AXON	1	1	1	1	1	1	0.0631038763581	0.00448936798858	1	1	0.222170860962	1	1	1	0.374348824598	1	1	0.0	1	1	1	0.0454472006416	1	1	0.00143412289755	1	1	1	1	1	0.0	1	1	0.832292094882	7.20339259586e-06	1	0.271525741072	1	1	1	1
GO_DIVALENT_INORGANIC_CATION_TRANSMEMBRANE_TRANSPORTER_ACTIVITY	1	1	1	1	1	1	1	1	1	1	1	1	1	1	1	1	1	1	1	1	1	1	1	1	1	0.335737975418	1	1	1	1	1	1	1	0.242533066944	1	1	1	1	1	1	1
GO_EXTRACELLULAR_MATRIX	1	1	1	1	1	1	1	1	1	1	1	1	1	1	1	1	1	1	1	1	1	0.078058051512	1	1	1	1	1	1	1	1	1	1	1	1	1	1	1	1	1	1	1
GO_GATED_CHANNEL_ACTIVITY	0.902869999476	1	0.2169070126	0.000107212130764	0.649039996252	1	1.41821496227e-05	0.000215999319728	0.000370579993219	1	6.23798738153e-06	1	1	1	3.92805631622e-05	1	1.43285194758e-05	3.94024200778e-06	1	0.000726941619742	0.0740732453631	1.00552520983e-05	1	1	0.00204736160968	0.0	1	1.70206488659e-05	1	0.430516881789	0.000390584810943	1	0.0483216325378	7.93952558709e-06	1.79283681059e-05	0.0767062752954	6.96296427103e-05	0.311841571226	1	0.309358384255	1
GO_GLUTAMATERGIC_SYNAPSE	1	1	0.161315506834	1	1	1	1	1	1	1	0.641289022772	1	1	1	1	1	1	1	1	1	1	0.000107718865019	1	1	0.00207313750425	1	1	0.33319405712	1	1	0.141952143858	1	1	0.636120794593	0.0889408201632	1	1	1	1	1	1
GO_GLUTAMATE_RECEPTOR_SIGNALING_PATHWAY	1	1	1	1	1	1	1	0.188598627149	1	1	1	1	1	1	1	1	1	1	1	1	1	1	1	1	1	1	1	1	1	1	1	1	1	1	1	1	1	1	1	1	1
GO_HEART_PROCESS	1	1	1	1	1	1	1	1	1	1	1	1	1	1	1	1	1	0.000643401466366	1	1	1	1	1	1	1	1	1	0.0134807806245	1	1	1	1	1	1	0.00204268977145	1	1	1	1	1	1
GO_HOMOPHILIC_CELL_ADHESION_VIA_PLASMA_MEMBRANE_ADHESION_MOLECULES	1	1	1	1	1	1	1	1	1	1	1	1	1	1	1	1	1	1	1	1	1	1	1	1	1	0.000762312094509	1	1	1	1	1	0.211797902158	1	1	1	1	1	1	1	1	1
GO_HORMONE_ACTIVITY	1	1	1	1	1	1	1	1	1	1	1	1	1	1	1	1	1	0.552505241589	1	1	1	1	1	1	1	1	1	1	1	1	1	1	0.103255250491	1	1	1	1	1	1	1	1
GO_HORMONE_TRANSPORT	1	1	1	1	1	1	0.152846319555	0.221943938077	1	1	4.24622790365e-05	1	1	1	6.31936227626e-05	1	0.0398842503274	0.00107986018238	1	1	1	1	1	1	1	1	1	0.0106309542647	1	1	1	1	1	1	1	1	0.00647564957029	1	1	1	1
GO_INORGANIC_ION_TRANSMEMBRANE_TRANSPORT	1	1	1	1	1	1	0.00302373235167	1	1	1	0.103373648852	1	1	1	1	1	1	0.0	1	1	1	0.138240262058	1	1	0.654255390612	0.00264524676772	1	0.00312686297757	1	1	1	1	1	0.10480096198	0.963728130113	1	0.180507501822	1	1	1	1
GO_INSULIN_SECRETION	1	1	1	1	1	1	0.396152488962	0.191874654904	1	1	0.0165113563122	1	1	1	0.00247435796965	1	0.0869500237867	0.00111475599478	1	1	1	1	1	1	1	1	1	0.0928940737922	1	1	0.865961701413	1	1	1	0.118486752218	1	0.0142954864339	1	1	1	1
GO_INTRINSIC_COMPONENT_OF_PLASMA_MEMBRANE	1	1	0.105308462504	1	1	1	0.000206162826111	0.0910656414628	1	1	2.22574506259e-05	1	1	1	1	1	0.10678429046	1.88414830373e-05	1	1	1	0.000821731129962	1	1	0.0102933293534	0.00704606178723	1	0.0349153003909	1	1	1	1	1	0.146332516505	0.153364276423	1	0.134860827004	1	1	1	1
GO_INTRINSIC_COMPONENT_OF_PRESYNAPTIC_MEMBRANE	1	1	1	1	1	1	1	1	1	1	1	1	1	1	1	1	1	0.188169539297	1	1	1	1	1	1	1	1	1	1	1	1	1	1	1	1	1	1	1	1	1	1	1
GO_INTRINSIC_COMPONENT_OF_SYNAPTIC_MEMBRANE	1	1	1	1	1	1	1	1	1	1	1	1	1	1	1	1	0.911144709077	0.0093995480104	1	1	1	1	1	1	1	1	1	1	1	1	1	1	1	1	1	1	1	1	1	1	1
GO_ION_GATED_CHANNEL_ACTIVITY	1	1	1	1	1	1	1	1	1	1	1	1	1	1	1	1	1	1	1	1	1	1	1	1	1	1	1	1	1	1	1	1	1	0.775823166564	1	1	1	1	1	1	1
GO_ION_TRANSMEMBRANE_TRANSPORT	1	1	1	1	1	1	6.52275552973e-05	0.287013199484	1	1	0.00314602255747	1	1	1	0.143057901601	1	0.119458120504	3.06402862762e-05	1	1	1	0.276648439563	1	1	0.00662546421094	0.000661555705113	1	8.36434956275e-05	1	1	1	1	1	0.0172122214178	0.19589273111	1	0.0334978179588	1	1	1	1
GO_ION_TRANSMEMBRANE_TRANSPORTER_ACTIVITY	1	1	1	1	1	1	0.00415701250599	1	1	1	0.382594579158	1	1	1	1	1	1	0.000166463091769	1	1	1	0.482320250395	1	1	1	0.0128918948162	1	0.445245295075	1	1	1	1	1	1	1	1	0.635047843523	1	1	1	1
GO_ION_TRANSPORT	1	1	1	1	1	1	0.000808763662934	1	1	1	0.112436664406	1	1	1	1	1	1	2.99484327546e-05	1	1	1	0.342153144463	1	1	0.0551673392491	0.0919752814036	1	0.00649042491426	1	1	1	1	1	0.16597182968	0.168652256808	1	0.00453693976602	1	1	1	1
GO_LIGAND_GATED_CATION_CHANNEL_ACTIVITY	1	1	1	0.0107976455118	1	1	0.503115577052	0.0484148858796	1	1	1	1	1	1	1	1	0.503115577052	1	1	1	1	1	1	1	1	1	1	6.7077510125e-05	1	1	1	1	1	1	0.126124721676	1	1	1	1	1	1
GO_LIGAND_GATED_ION_CHANNEL_ACTIVITY	1	1	1	0.121726413867	1	1	0.0112031461017	0.0194315970039	1	1	1	1	1	1	1	1	1	1	1	1	1	1	1	1	1	1	1	0.00176897849736	1	1	1	1	1	1	0.385431155671	1	1	1	1	1	1
GO_LOCOMOTORY_BEHAVIOR	1	1	1	1	1	1	1	1	1	1	1	1	1	1	1	1	1	1	1	1	1	1	1	1	0.172192847331	1	1	0.00484632725888	1	1	1	1	1	1	1	1	1	1	1	1	1
GO_MAIN_AXON	1	1	1	1	0.0444039843582	1	1	1	1	1	1	1	1	1	1	1	1	1	1	1	1	1	1	1	1	1	1	1	1	1	1	1	1	1	1	1	0.46251335371	1	1	1	1
GO_MEMBRANE_DEPOLARIZATION	1	1	1	1	1	1	0.0561234475536	1	1	1	1	1	1	1	1	1	1	0.00114127871032	1	1	1	1	1	1	1	0.0850455898383	1	1	1	1	1	1	1	1	1	1	0.918335110406	1	1	1	1
GO_MEMBRANE_DEPOLARIZATION_DURING_ACTION_POTENTIAL	1	1	1	1	1	1	0.255911611046	1	1	1	1	1	1	1	1	1	1	0.322025300829	1	1	1	1	1	1	1	1	1	1	1	1	1	1	1	1	1	1	1	1	1	1	1
GO_METAL_ION_TRANSMEMBRANE_TRANSPORTER_ACTIVITY	1	1	1	0.0290717312863	1	1	0.00853030912475	0.116742143082	1	1	0.000514537730832	1	1	1	1	1	1	0.0	1	1	1	0.000312226323635	1	1	1	0.00313644992427	1	0.000674587528208	1	1	0.0660475513626	1	1	0.0149353739467	0.00235688120401	1	0.00562033610865	1	1	1	1
GO_METAL_ION_TRANSPORT	1	1	1	0.0198160489019	1	1	0.0969208385172	1	1	1	0.00381567942826	1	1	1	1	1	1	7.13422121752e-05	1	1	1	0.0630461096667	1	1	0.0445432938697	0.000122571858397	1	6.93785435774e-05	1	1	1	1	1	1	0.421345856043	1	0.0754065282408	1	1	1	1
GO_MICROTUBULE	1	1	1	1	1	1	1	1	1	1	1	1	1	1	1	1	1	1	1	1	1	1	1	1	1	1	1	1	1	1	0.282400712289	1	1	1	1	1	1	1	1	1	1
GO_MICROTUBULE_BASED_PROCESS	1	1	1	1	1	1	1	1	1	1	1	1	1	1	1	1	1	1	1	1	1	1	1	1	1	1	1	1	1	1	0.151525661398	1	1	1	1	1	1	1	1	1	1
GO_MICROTUBULE_BINDING	1	1	1	1	1	1	0.21643493609	1	1	1	1	1	1	1	1	1	1	1	1	1	1	1	1	1	1	1	1	1	1	1	0.0470533421154	1	1	1	1	1	1	1	1	1	1
GO_MICROTUBULE_CYTOSKELETON_ORGANIZATION	1	1	1	1	1	1	1	1	1	1	1	1	1	1	1	1	1	1	1	1	1	1	1	1	1	1	1	1	1	1	0.0400514709586	1	1	1	1	1	1	1	1	1	1
GO_MONOVALENT_INORGANIC_CATION_TRANSMEMBRANE_TRANSPORTER_ACTIVITY	1	1	1	0.231261496102	1	1	1	1	1	1	1	1	1	1	1	1	1	0.00349586353683	1	1	1	1	1	1	1	1	1	0.781801014142	1	1	1	1	1	1	1	1	1	1	1	1	1
GO_MONOVALENT_INORGANIC_CATION_TRANSPORT	1	1	1	0.22774453139	1	1	0.419963771016	1	1	1	1	1	1	1	1	1	1	0.000901436088254	1	1	1	1	1	1	1	1	1	0.519161248606	1	1	1	1	1	1	1	1	1	1	1	1	1
GO_MULTICELLULAR_ORGANISMAL_SIGNALING	1	1	1	1	1	1	0.0486948319236	1	1	1	0.344970988016	1	1	1	1	1	0.230144685702	0.0	1	1	1	0.0243643896848	1	1	1	0.0971563604832	1	0.359318037987	1	1	0.540605199042	1	1	1	0.00207587117141	1	1	1	1	1	1
GO_NEUROGENESIS	1	1	0.460242092687	1	1	0.355098542859	9.47616058622e-06	0.0110660313476	1	1	0.0115102382305	1	1	1	0.0763689487747	0.000245986164022	0.0118077822976	0.00167842825465	1	0.00614470075798	1	0.0	1	1	4.75031667688e-05	1	1	1	0.000457595325108	1	0.0	1	1	1	3.10118010152e-05	1	0.0950032731147	1	1	1	1
GO_NEURON_DEVELOPMENT	1	1	0.309845851566	1	1	1	3.28375971435e-05	0.0577228466766	1	1	0.000193950331344	1	1	1	0.00146345631722	7.74049856105e-05	0.309090574513	0.000262694214467	1	0.681764335271	1	1.58451089773e-05	1	1	4.90114486832e-05	1	1	1	0.0352234157424	1	1.90897846863e-07	1	1	1	0.000659393443704	1	0.00612475026194	1	1	1	1
GO_NEURON_DIFFERENTIATION	1	1	0.0242495621528	1	1	0.100271888808	0.0	0.0160529591009	1	1	0.00290833187968	1	1	1	0.00330310410144	2.0653721502e-05	0.0262850177522	0.000440671681878	1	0.000659448683513	1	0.0	0.286746970819	1	0.0	1	0.512185353792	1	0.00392197402228	1	0.0	1	1	1	0.0	1	0.0179834664756	1	1	1	1
GO_NEURON_PROJECTION	1	0.261184056152	3.34048367741e-05	0.00173830278405	0.0262727185608	1	4.64485938112e-05	5.95563471413e-05	3.5962370911e-05	0.000864574977321	3.50653958037e-05	1	0.000948067789566	1	5.03047227987e-05	7.83892413562e-05	4.64485938112e-05	2.7690580034e-05	1	7.40014225591e-05	0.016540454583	4.31783263966e-05	1	1	6.09476412291e-05	2.87970561121e-05	0.0243874851299	3.57370967805e-05	8.03923954624e-05	1	2.45151008027e-05	1	1	3.77021594948e-05	5.28432901135e-05	0.146494960887	7.15301200889e-05	9.36640119895e-05	1	0.767149853141	0.000168938530855
GO_NEURON_PROJECTION_GUIDANCE	1	1	1	1	1	1	0.0120625513525	1	1	1	1	1	1	1	1	1	1	1	1	1	1	0.0475211684631	1	1	1	1	1	1	1	1	1	1	1	1	1	1	1	1	1	1	1
GO_NEURON_PROJECTION_TERMINUS	1	1	0.197728330247	1	1	1	1	1	1	1	1	1	1	1	1	1	1	0.00872784659111	1	1	1	1	1	1	1	1	1	1	1	1	1	1	1	1	0.14593330051	1	1	1	1	1	1
GO_NEURON_SPINE	1	1	1	1	1	1	1	1	1	1	1	1	1	1	1	1	1	0.146085636942	1	1	1	1	1	1	0.929035524477	1	1	0.329291762932	1	1	0.00968735952626	1	1	1	1	1	1	1	1	1	1
GO_NEURON_TO_NEURON_SYNAPSE	1	1	1	1	1	1	1	0.00124450216709	1	1	1	1	1	1	0.00858311133075	1	0.0448707963573	0.000310489182827	1	1	1	0.000821412778797	1	1	0.0	1	1	1	1	1	0.0	1	1	1	0.00710746063254	1	1	0.425631352236	0.492002256682	1	1
GO_NEUROPEPTIDE_SIGNALING_PATHWAY	1	1	1	1	1	1	1	1	1	1	1	1	1	1	1	1	1	1	1	1	1	1	1	1	1	1	1	1	1	1	1	1	0.66586582706	1	1	1	1	1	1	1	1
GO_NEUROTRANSMITTER_SECRETION	1	1	1	1	1	1	0.0796579619462	1	1	1	1	1	1	1	1	1	8.49365358371e-05	1	1	1	1	1	1	1	0.000679303432165	1	1	1	1	1	0.296181773651	1	1	1	0.211154511513	1	0.855949263789	0.251838408999	1	1	1
GO_NEUROTRANSMITTER_TRANSPORT	1	1	1	1	1	1	0.0674324324682	1	1	1	1	1	1	1	1	1	0.000601530191033	1	1	1	1	1	1	1	0.00249100708323	1	1	1	1	1	0.508745236469	1	1	1	0.352397616126	1	1	1	1	1	1
GO_PASSIVE_TRANSMEMBRANE_TRANSPORTER_ACTIVITY	1	1	0.425837920541	0.00407201424777	1	1	0.0	0.0187465307057	0.134720483014	1	0.0	1	1	1	0.000164606859249	1	9.59028169945e-06	0.0	1	0.0715197144452	1	0.000268388882716	1	1	0.24982273734	0.0	1	0.000297150812697	1	0.125617668152	0.182651627317	1	0.0383176529792	0.0	0.00042111583194	1	0.00102111376015	1	1	1	1
GO_PEPTIDE_HORMONE_SECRETION	1	1	1	1	1	1	0.124140081169	0.119102246243	1	1	0.00182052048186	1	1	1	0.000120964333585	1	0.124140081169	0.000103166165656	1	1	1	1	1	1	1	1	1	0.00698269220957	1	1	1	1	1	1	0.0896448473682	1	0.00215729335925	1	1	1	1
GO_PEPTIDE_SECRETION	1	1	1	1	1	1	1	1	1	1	0.147930260224	1	1	1	0.00900586995789	1	1	0.277655251397	1	1	1	1	1	1	1	1	1	1	1	1	1	1	1	1	1	1	0.376743696201	1	1	1	1
GO_PERIKARYON	1	1	1	1	1	1	1	1	1	1	1	1	1	1	1	1	1	0.548383383927	1	1	1	0.0747073473287	1	1	0.164714722138	1	1	1	1	1	1	1	1	1	1	1	1	1	1	1	1
GO_PLASMA_MEMBRANE_PROTEIN_COMPLEX	1	1	1	0.05646982333	1	1	0.0693173683601	1	1	1	1	1	1	1	1	1	1	0.0187006559711	1	1	1	1	1	1	1	1	1	0.245772633598	1	1	1	1	1	1	0.742907171256	1	0.0422609009415	1	1	1	1
GO_PLASMA_MEMBRANE_REGION	1	1	1	1	1	1	1	1	1	1	0.134901774035	1	1	1	1	1	0.778992281597	0.000952370008154	1	1	1	1	1	1	0.0176141179648	0.329577084107	1	1	1	1	1	1	1	1	1	1	1	1	1	1	1
GO_POSITIVE_REGULATION_OF_CELL_DEVELOPMENT	1	1	1	1	1	1	1	1	1	1	1	1	1	1	1	1	1	1	1	1	1	1	1	1	0.971530804132	1	1	1	1	1	1	1	1	1	1	1	1	1	1	1	1
GO_POSITIVE_REGULATION_OF_NEURON_DIFFERENTIATION	1	1	1	1	1	1	1	1	1	1	1	1	1	1	1	1	1	1	1	1	1	1	1	1	0.384635011783	1	1	1	1	1	1	1	1	1	1	1	1	1	1	1	1
GO_POSITIVE_REGULATION_OF_NEURON_PROJECTION_DEVELOPMENT	1	1	1	1	1	1	1	1	1	1	1	1	1	1	1	1	1	1	1	1	1	1	1	1	0.741297655945	1	1	1	1	1	1	1	1	1	1	1	1	1	1	1	1
GO_POSITIVE_REGULATION_OF_SYNAPTIC_TRANSMISSION	1	1	1	1	1	1	1	1	1	1	1	1	1	1	1	1	1	1	1	1	1	1	1	1	0.630868615207	1	1	1	1	1	1	1	1	1	1	1	1	1	1	1	1
GO_POSITIVE_REGULATION_OF_TRANSPORT	1	1	1	1	1	1	1	1	1	1	1	1	1	1	1	1	1	0.701734499022	1	1	1	1	1	1	1	1	1	1	1	1	1	1	1	1	1	1	1	1	1	1	1
GO_POSTSYNAPSE	1	1	0.28084555954	1	1	1	2.06299488068e-05	3.4122100645e-05	0.439001959879	0.0610015718048	0.000113968679825	1	1	1	3.58190868965e-05	9.56778653579e-05	1.56282505054e-05	7.50505458313e-06	1	1	1	9.1045196744e-05	1	1	3.07152758039e-05	0.000701393251435	1	0.000226462209983	0.0851065139602	1	0.0	1	1	4.4764771492e-05	1.28624268961e-05	1	0.0781568287551	0.00426149795656	1	1	1
GO_POSTSYNAPTIC_DENSITY_MEMBRANE	1	1	1	1	1	1	1	0.0657468463076	1	1	1	1	1	1	1	1	1	0.0906765904961	1	1	1	1	1	1	0.0572681445855	1	1	1	1	1	0.210597128141	1	1	1	0.16071044977	1	1	1	1	1	1
GO_POSTSYNAPTIC_MEMBRANE	1	1	1	1	1	1	0.000431481074739	7.59393541285e-05	1	0.082258298536	0.00156610777503	1	0.0276114055521	1	0.000622899219214	0.000479086467018	3.62505711805e-05	2.40052026326e-05	1	1	1	0.0346413412759	1	1	5.07330038764e-05	0.00305457482265	0.372710438819	0.0281692408699	1	1	0.0052657032063	1	1	0.00714858926852	7.20587270709e-05	0.000486861833161	0.239434608001	0.00927143711044	1	1	1
GO_POSTSYNAPTIC_SPECIALIZATION_MEMBRANE	1	1	1	1	1	1	1	0.00203471230096	1	1	1	1	1	1	1	1	1	0.355888699632	1	1	1	1	1	1	0.0228884700325	1	1	1	1	1	1	1	1	1	0.361082289764	1	1	1	1	1	1
GO_POTASSIUM_CHANNEL_ACTIVITY	1	1	1	0.00206009517896	1	1	0.0496251079846	1	1	1	0.099507749665	1	1	1	1	1	0.0496251079846	0.0	1	0.0229051567483	1	1	1	1	1	1	1	0.189674440373	1	1	1	1	1	1	0.439753108515	1	1	1	1	1	1
GO_POTASSIUM_CHANNEL_COMPLEX	1	1	1	0.0552715845811	1	1	1	0.908601851183	1	1	0.571470208637	1	1	1	1	1	1	0.00264231922279	1	1	1	1	1	1	1	1	1	0.0151921292414	1	1	1	1	1	1	1	1	1	1	1	1	1
GO_POTASSIUM_ION_TRANSMEMBRANE_TRANSPORTER_ACTIVITY	1	1	1	0.033356622477	1	1	1	1	1	1	0.336337293958	1	1	1	1	1	0.374710262787	4.86740826124e-05	1	0.421717455925	1	1	1	1	1	1	1	0.0681364526027	1	1	1	1	1	1	1	1	1	1	1	1	1
GO_POTASSIUM_ION_TRANSPORT	1	1	1	0.00506112537262	1	1	0.179491439575	1	1	1	0.0215984357035	1	1	1	1	1	0.0409132388295	0.000656834126037	1	1	1	1	1	1	1	1	1	1	1	1	1	1	1	1	1	1	1	1	1	1	1
GO_PRESYNAPSE	1	1	0.049477069188	1	1	1	0.00322140266799	1	1	1	0.171212188741	1	1	1	1.76025644349e-06	0.00124074829324	0.000907666065431	0.0	1	1	1	0.0421464755442	1	1	1.2334121285e-05	0.0264091374753	1	0.0465450554937	1	1	0.0	1	1	0.0205407839028	5.19046768399e-05	1	0.000578745954367	1	1	1	1
GO_PRESYNAPTIC_MEMBRANE	1	1	1	1	1	1	1	1	1	1	0.0498109027121	1	1	1	1	1	1	0.104535858294	1	1	1	1	1	1	0.164714722138	1	1	1	1	1	1	1	1	1	1	1	1	1	1	1	1
GO_REGULATION_OF_BLOOD_CIRCULATION	1	1	1	1	1	1	1	1	1	1	1	1	1	1	1	1	1	0.000168489765943	1	1	1	0.0315757360823	1	1	1	1	1	0.00337387038945	1	1	1	1	1	0.610829343841	0.0146083332246	1	1	1	1	1	1
GO_REGULATION_OF_BLOOD_PRESSURE	1	1	1	1	1	1	1	1	1	1	1	1	1	1	1	1	1	1	1	1	1	1	1	1	1	1	1	1	1	1	1	1	0.220548936567	1	1	1	1	1	1	1	1
GO_REGULATION_OF_CATION_TRANSMEMBRANE_TRANSPORT	1	1	1	1	1	1	1	1	1	1	1	1	1	1	1	1	1	1	1	1	1	1	1	1	1	1	1	0.872410363676	1	1	1	1	1	1	1	1	1	1	1	1	1
GO_REGULATION_OF_CELL_DEVELOPMENT	1	1	1	1	1	1	0.993180943203	1	1	1	1	1	1	1	1	1	1	1	1	1	1	0.00973142072408	1	1	0.0079642690181	1	1	1	1	1	2.88491347986e-05	1	1	1	1	1	1	1	1	1	1
GO_REGULATION_OF_CELL_PROJECTION_ORGANIZATION	1	1	1	1	1	1	0.97198629562	1	1	1	1	1	1	1	1	0.00979958771692	1	1	1	1	1	0.0137808885891	1	1	0.000663054237345	1	1	1	1	1	0.0883706814105	1	1	1	1	1	1	1	1	1	1
GO_REGULATION_OF_EXOCYTOSIS	1	1	1	1	1	1	1	1	1	1	1	1	1	1	1	1	0.176731984385	1	1	1	1	1	1	1	1	1	1	1	1	1	1	1	1	1	1	1	1	1	1	1	1
GO_REGULATION_OF_HEART_RATE_BY_CARDIAC_CONDUCTION	1	1	1	1	1	1	1	1	1	1	1	1	1	1	1	1	1	0.039461570344	1	1	1	1	1	1	1	1	1	1	1	1	1	1	1	1	1	1	1	1	1	1	1
GO_REGULATION_OF_HORMONE_LEVELS	1	1	1	1	1	1	1	1	1	1	0.0001455531334	1	1	1	0.000154708750013	1	0.306989348594	0.00620287424635	1	1	1	1	1	1	1	1	1	0.0431412423904	1	1	1	1	1	0.830983692705	1	1	1	1	1	1	1
GO_REGULATION_OF_HORMONE_SECRETION	1	1	1	1	1	1	0.976828232667	0.216612438563	1	1	0.00365386226276	1	1	1	8.25783996503e-05	1	0.976828232667	0.0998088056499	1	1	1	1	1	1	1	1	1	1	1	1	1	1	1	0.377525867008	1	1	0.110461816352	1	1	1	1
GO_REGULATION_OF_INSULIN_SECRETION	1	1	1	1	1	1	1	1	1	1	0.355359088262	1	1	1	0.0052713317788	1	1	0.208442163056	1	1	1	1	1	1	1	1	1	1	1	1	1	1	1	1	1	1	1	1	1	1	1
GO_REGULATION_OF_ION_TRANSMEMBRANE_TRANSPORT	1	1	1	0.198462221221	1	1	0.00587940747049	1	1	1	0.1605063406	1	1	1	0.825635401829	1	1	6.45208400085e-06	1	1	1	1	1	1	0.384633703198	0.16335628613	1	0.0485154605724	1	1	0.279056205641	1	1	0.0631704001282	0.166371153198	1	0.00173204621121	1	1	1	1
GO_REGULATION_OF_ION_TRANSPORT	1	1	1	0.0179500844125	1	1	4.90344692039e-05	1	1	1	0.0661009933342	1	1	1	0.117849522252	1	1	1.95653378997e-05	1	0.338955192513	1	1	1	1	0.00223689662386	0.392026399664	1	0.124970671493	1	1	0.276439183572	1	1	0.0146726532188	0.0484806056318	1	0.000105007362404	1	1	1	1
GO_REGULATION_OF_MEMBRANE_POTENTIAL	1	1	1	1	1	1	0.0	0.0580998951976	0.397790731162	1	0.0	1	1	1	0.0078440674297	1	0.0677663909897	0.0	1	1	1	0.000775328735546	1	1	0.012597813241	0.0305567452636	1	0.0308719289126	1	1	1	1	1	0.00178774101886	0.00516668163407	1	0.651161206683	1	1	1	1
GO_REGULATION_OF_METAL_ION_TRANSPORT	1	1	1	1	1	1	1	1	1	1	1	1	1	1	1	1	1	1	1	1	1	1	1	1	0.828116328481	1	1	1	1	1	1	1	1	1	1	1	1	1	1	1	1
GO_REGULATION_OF_NERVOUS_SYSTEM_DEVELOPMENT	1	1	1	1	1	1	0.46378939724	1	1	1	1	1	1	1	1	0.0312995156763	1	1	1	1	1	0.000447689294369	1	1	6.70689382587e-06	1	1	1	1	1	0.0	1	1	1	0.597329656435	1	1	1	1	1	1
GO_REGULATION_OF_NEURON_DIFFERENTIATION	1	1	1	1	1	1	0.0406429165412	1	1	1	1	1	1	1	1	0.0389971484808	1	1	1	1	1	0.00421621138966	1	1	4.28037391474e-05	1	1	0.559320795637	1	1	0.0	1	1	1	0.0502727033296	1	1	1	1	1	1
GO_REGULATION_OF_NEURON_PROJECTION_DEVELOPMENT	1	1	1	1	1	1	0.245027856533	1	1	1	1	1	1	1	1	0.205048480901	1	1	1	1	1	0.108411197058	1	1	0.0	1	1	0.539881511756	1	1	0.00143496664683	1	1	1	0.51710668099	1	1	1	1	1	1
GO_REGULATION_OF_NEUROTRANSMITTER_LEVELS	1	1	1	1	1	1	1	1	1	1	1	1	1	1	1	1	0.00497029764164	1	1	1	1	1	1	1	0.0208362028893	1	1	1	1	1	1	1	1	1	0.516985805967	1	1	1	1	1	1
GO_REGULATION_OF_NEUROTRANSMITTER_TRANSPORT	1	1	1	1	1	1	1	1	1	1	1	1	1	1	1	1	0.314116812136	1	1	1	1	1	1	1	1	1	1	1	1	1	1	1	1	1	1	1	1	1	1	1	1
GO_REGULATION_OF_PEPTIDE_HORMONE_SECRETION	1	1	1	1	1	1	0.396152488962	1	1	1	0.0978231586307	1	1	1	0.000398633939512	1	1	0.0294384170411	1	1	1	1	1	1	1	1	1	1	1	1	1	1	1	1	1	1	0.426822217791	1	1	1	1
GO_REGULATION_OF_PEPTIDE_SECRETION	1	1	1	1	1	1	1	1	1	1	1	1	1	1	0.236588247046	1	1	1	1	1	1	1	1	1	1	1	1	1	1	1	1	1	1	1	1	1	1	1	1	1	1
GO_REGULATION_OF_POSTSYNAPTIC_MEMBRANE_POTENTIAL	1	1	1	1	1	1	1	1	1	1	1	1	1	1	1	1	1	1	1	1	1	0.977562048924	1	1	1	1	1	1	1	1	1	1	1	1	1	1	1	1	1	1	1
GO_REGULATION_OF_REGULATED_SECRETORY_PATHWAY	1	1	1	1	1	1	1	1	1	1	1	1	1	1	1	1	0.644182818517	0.939148747685	1	1	1	1	1	1	1	1	1	1	1	1	1	1	1	1	1	1	1	1	1	1	1
GO_REGULATION_OF_SECRETION	1	1	1	1	1	1	0.0361645145541	0.767117787866	1	1	0.00753694351423	1	1	1	0.000657954148941	1	0.0361645145541	0.00368805644816	1	1	1	1	1	1	0.0362221011917	1	1	0.443489431403	1	1	1	1	1	1	1	1	0.0112241799571	1	1	1	1
GO_REGULATION_OF_SYNAPTIC_PLASTICITY	1	1	1	1	1	1	1	1	1	1	1	1	1	1	1	1	1	1	1	1	1	1	1	1	0.0995021042916	1	1	0.833303201119	1	1	0.970776210594	1	1	1	1	1	1	1	1	1	1
GO_REGULATION_OF_SYNAPTIC_VESICLE_CYCLE	1	1	1	1	1	1	1	1	1	1	1	1	1	1	1	1	0.0235959054606	1	1	1	1	1	1	1	0.742455682067	1	1	1	1	1	1	1	1	1	1	1	1	1	1	1	1
GO_REGULATION_OF_SYNAPTIC_VESICLE_EXOCYTOSIS	1	1	1	1	1	1	1	1	1	1	1	1	1	1	1	1	0.691659309167	1	1	1	1	1	1	1	1	1	1	1	1	1	1	1	1	1	1	1	1	1	1	1	1
GO_REGULATION_OF_SYSTEM_PROCESS	1	1	1	1	1	1	0.00461661785567	1	1	1	0.539245561091	1	1	1	1	1	1	5.00592979549e-05	1	1	1	0.0	1	1	0.847774758069	1	1	7.71754923451e-05	1	1	1	1	1	0.970402426096	0.00754586988639	1	1	1	1	1	1
GO_REGULATION_OF_TRANSMEMBRANE_TRANSPORT	1	1	1	0.414226876232	1	1	0.0141741873417	1	1	1	0.0978164835915	1	1	1	1	1	1	8.77152403589e-05	1	1	1	1	1	1	0.415774558907	0.620513778224	1	0.083550365205	1	1	0.796019644923	1	1	0.0504774367361	0.467942821359	1	0.0232660747734	1	1	1	1
GO_REGULATION_OF_TRANSPORT	1	1	1	0.0254238355096	0.0639934626056	1	0.0	0.00246129875876	1	1	0.0	1	1	1	3.87225272558e-05	1	0.0115848363298	0.0	1	0.399876279336	1	1	1	1	0.0	1	1	0.00324951024189	1	1	0.0	1	1	0.0114946135671	0.00241847934474	0.19801795741	0.0	0.167061853174	1	1	1
GO_REGULATION_OF_TRANS_SYNAPTIC_SIGNALING	1	1	1	1	0.387061097727	1	0.00020102357043	1	0.179432207267	1	0.152086059309	1	1	1	1	1	0.00309522266324	0.000442608467741	1	1	1	0.000345712900123	1	1	0.0	0.228366535297	1	0.00254408000669	1	1	1.5110469575e-05	1	1	0.201567720747	0.0023214163738	1	1	0.628245192202	0.899455494335	1	1
GO_SECRETION	1	1	1	1	1	1	1	1	1	1	0.136714010599	1	1	1	1	1	1	1	1	1	1	1	1	1	1	1	1	1	1	1	1	1	1	1	1	1	1	1	1	1	1
GO_SIGNAL_RELEASE	1	1	1	1	0.629138467292	1	0.00288136063207	0.0021493589283	1	1	0.00014481469667	1	1	1	0.000958088623572	1	0.000259368470349	0.00206237580636	1	1	1	1	1	1	0.00589119277711	1	1	0.00147214842519	1	1	0.336857895788	1	1	0.693789438916	0.0050164189554	1	0.000721189460025	1	1	1	1
GO_SITE_OF_POLARIZED_GROWTH	1	1	1	1	1	1	1	1	1	1	1	1	1	1	1	1	1	0.102534153278	1	1	1	1	1	1	1	1	1	1	1	1	0.0323095866638	1	1	1	1	1	1	1	1	1	1
GO_SOMATODENDRITIC_COMPARTMENT	1	1	0.0087789400585	1	1	1	0.0	0.000265783991641	0.0679484893707	1	0.0	1	1	1	0.0	0.0467345105785	0.0	0.0	1	1	1	1.10988894468e-05	1	1	1.18369008548e-05	0.000469073295195	0.0886544168823	0.0	0.00125270846697	1	0.0	1	1	0.000230118812462	0.0	1	1.8742257088e-05	0.0722082455119	1	1	1
GO_SYNAPSE	1	0.0140418450874	0.000936691083519	0.0224197925032	0.000182190306274	0.388713811128	1.38942253721e-05	3.51809524067e-05	0.000258035049518	0.038284466027	5.66442727123e-06	1	0.0186796022643	0.245729647655	3.01448446648e-05	4.04642014314e-05	1.38943607455e-05	4.06487654336e-06	0.151039366537	0.07281706386	0.0141001354188	1.59431701211e-05	1	0.0179271298156	2.95056965827e-05	0.0	0.00590272871896	3.15272380735e-06	5.62470310592e-05	1	7.58921681054e-09	1	0.00545490317163	1.52571303844e-05	1.71319896914e-05	0.000368974226384	4.07240849123e-05	3.4880810017e-05	0.616659516404	1	0.000370321552217
GO_SYNAPSE_ASSEMBLY	1	1	1	1	1	1	1	1	1	1	1	1	1	1	1	1	1	1	1	1	1	1	1	1	0.0560062019685	1	1	1	1	1	1	1	1	1	1	1	1	1	1	1	1
GO_SYNAPSE_ORGANIZATION	1	1	1	1	1	1	0.0398334102556	1	1	1	1	1	1	1	0.0181717328658	1	1	0.245789264111	1	1	1	0.423867958493	1	1	0.00751325660925	0.483452696714	1	1	1	1	8.28409419951e-06	1	1	1	1	1	1	1	1	1	1
GO_SYNAPTIC_MEMBRANE	1	1	1	1	1	1	0.00267612937813	0.000185831944249	1	0.737893555068	6.35197375203e-05	1	0.0145643359205	1	0.00010367348864	0.00998143934657	0.0	0.0	1	1	1	0.000622600701358	1	1	4.68209875351e-05	0.00287522563021	0.672442492981	0.0110595914588	1	1	0.00185344045514	1	1	0.000102272562423	7.01245965042e-05	0.00327999602532	0.201002384432	0.00132634039541	1	1	1
GO_SYNAPTIC_SIGNALING	1	1	1	1	0.00133540955002	1	0.0	0.000690374478199	0.0189780376845	1	0.0	1	1	1	0.000193410109398	0.00429081866939	0.0	0.0	0.0888481252852	1	0.442899051256	0.0	1	0.00171289255869	0.0	0.0927650475238	1	0.0	0.74700504008	1	0.0	1	0.0462967927827	0.0	0.0	1	8.93911313221e-05	0.000106210983239	1	0.692681320044	0.892207237595
GO_SYNAPTIC_VESICLE_EXOCYTOSIS	1	1	1	1	1	1	1	1	1	1	1	1	1	1	1	1	0.00834128045766	1	1	1	1	1	1	1	0.227221520719	1	1	1	1	1	1	1	1	1	1	1	1	0.0529343222255	1	1	1
GO_SYNAPTIC_VESICLE_LOCALIZATION	1	1	1	1	1	1	1	1	1	1	1	1	1	1	1	0.489323448806	1	1	1	1	1	1	1	1	1	1	1	1	1	1	1	1	1	1	1	1	1	1	1	1	1
GO_SYNAPTIC_VESICLE_TRANSPORT	1	1	1	1	1	1	1	1	1	1	1	1	1	1	1	0.714534806721	1	1	1	1	1	1	1	1	1	1	1	1	1	1	1	1	1	1	1	1	1	1	1	1	1
GO_TAXIS	1	1	1	1	1	1	1	1	1	1	1	1	1	1	1	1	1	1	1	1	1	0.2175653579	1	1	1	1	1	1	1	1	1	1	1	1	1	1	1	1	1	1	1
GO_TRANSMEMBRANE_TRANSPORT	1	1	1	1	1	1	0.0100574117668	1	1	1	0.00685991262263	1	1	1	0.9872285232	1	1	1.1451764431e-05	1	1	1	1	1	1	0.935145030006	0.00641030661944	1	0.00759980092435	1	1	1	1	1	1	1	1	1	1	1	1	1
GO_TRANSMISSION_OF_NERVE_IMPULSE	1	1	1	1	1	1	0.210474968963	1	1	1	1	1	1	1	1	1	1	1	1	1	1	1	1	1	1	1	1	1	1	1	1	1	1	1	1	1	1	1	1	1	1
GO_TRANSPORTER_ACTIVITY	1	1	1	1	1	1	0.127300619588	1	1	1	0.400678312413	1	1	1	1	1	1	0.000752950525672	1	1	1	1	1	1	1	0.162288787475	1	1	1	1	1	1	1	1	1	1	1	1	1	1	1
GO_TRANSPORTER_COMPLEX	1	1	1	0.00471922233111	1	1	0.0	0.0156091077437	0.00117029784431	1	0.0	1	1	1	0.000162446216376	1	0.233016082792	0.0	1	0.0175402821301	1	0.000340879133446	1	1	0.105639831408	0.0391943380364	1	0.0	1	1	1	1	1	3.64299013169e-05	0.000706044037106	1	0.000420499043282	1	1	1	1
GO_TRANSPORT_VESICLE	1	1	1	1	1	1	1	1	1	1	1	1	1	1	1	1	1	0.787980546438	1	1	1	1	1	1	1	1	1	1	1	1	1	1	1	1	1	1	1	1	1	1	1
GO_TRANSPORT_VESICLE_MEMBRANE	1	1	1	1	1	1	1	1	1	1	1	1	1	1	1	1	1	0.448930070153	1	1	1	1	1	1	1	1	1	1	1	1	1	1	1	1	1	1	1	1	1	1	1
GO_TUBULIN_BINDING	1	1	1	1	1	1	0.136538171851	1	1	1	1	1	1	1	1	1	0.477802383079	1	1	1	1	1	1	1	1	1	1	1	1	1	0.000421555469209	1	1	1	1	1	1	1	1	1	0.932328425322
GO_VESICLE_MEDIATED_TRANSPORT_IN_SYNAPSE	1	1	1	1	1	1	0.666014386387	0.30522330228	1	1	1	1	1	1	1	0.214774774582	0.000245496184454	1	1	1	1	1	1	1	6.23176267811e-05	1	1	0.145370805039	1	1	0.0543612048378	1	1	1	0.963198148842	1	0.13179258855	0.063919850415	1	1	1
GO_VOLTAGE_GATED_CALCIUM_CHANNEL_ACTIVITY	1	1	1	1	1	1	1	1	1	1	1	1	1	1	1	1	1	0.0106021598798	1	1	1	1	1	1	1	1	1	1	1	1	1	1	1	1	1	1	1	1	1	1	1
GO_VOLTAGE_GATED_CALCIUM_CHANNEL_COMPLEX	1	1	1	1	1	1	1	1	0.897702857335	1	1	1	1	1	0.183241738449	1	1	0.00814968404871	1	1	1	1	1	1	1	1	1	1	1	1	1	1	1	0.0633538786018	1	1	1	1	1	1	1
GO_VOLTAGE_GATED_CATION_CHANNEL_ACTIVITY	1	1	1	0.000764541003531	1	1	0.00192569453217	1	1	1	0.000121103604644	1	1	1	1	1	0.436515964124	0.0	1	0.014246448902	1	0.108873600518	1	1	0.035659496348	0.593762447111	1	0.0170676005826	1	1	0.0126091915622	1	1	0.0345364731522	2.05199247914e-05	1	0.00617184797811	1	1	1	1
GO_VOLTAGE_GATED_ION_CHANNEL_ACTIVITY	1	1	1	0.00031326244106	1	1	0.0	1	0.529152679411	1	0.00479724312831	1	1	1	1	1	0.517876817671	0.0	1	0.00197909686435	1	0.0116914264792	1	1	0.806771797847	1	1	0.0310975288155	1	1	0.00895662584902	1	1	0.103581579498	1.12179711548e-05	1	9.43738963457e-05	1	1	1	1
GO_VOLTAGE_GATED_POTASSIUM_CHANNEL_ACTIVITY	1	1	1	0.0256369148941	1	1	1	1	1	1	0.232656381343	1	1	1	1	1	1	0.000693871786572	1	0.107387855656	1	1	1	1	1	1	1	1	1	1	1	1	1	1	1	1	1	1	1	1	1
