	ASCL1	ETV1	FEV	GATA2	HES4	HMBOX1	LMX1A	LMX1B	MAFA	MAFB	NEUROD1	NEUROG3	NR4A3	PAX6	POU2F2	RFX6	SMAD9	SPIB	TFCP2L1
KEGG_MATURITY_ONSET_DIABETES_OF_THE_YOUNG	1	0.06457232515427158	1	1	1	1	0.04794062483145767	1	0.05701451729275908	0.008526006366903371	2.9575521973912444e-05	0.0381924942328955	1	0.03087637063500015	1	6.698815571137828e-07	1	0.03693043640284133	0.0352738515154325
REACTOME_CARDIAC_CONDUCTION	0.00012544093473165763	1.8099765967005688e-05	0.007681897618976308	0.003622481832692981	1	0.02996080810575308	0.0444916244616721	0.04641034660378063	0.001335482170796487	6.017749800690808e-07	0.0032173321480900574	1.3160637890585747e-07	0.006453763137651003	0.000815330400601777	0.0036694458808514963	1.8132723508257342e-06	1.4080283328832266e-05	0.00027205028053778335	0.005896477162416924
REACTOME_CHYLOMICRON_ASSEMBLY	1	0.011397270582106489	1	1	1.2582339257161124e-06	1	1	1	1	1	1	1	1	1	1	1	1	0.00020077913734350972	0.00594332462202829
REACTOME_CHYLOMICRON_REMODELING	1	0.011397270582106489	1	1	1.2582339257161124e-06	1	1	1	1	1	1	1	1	1	1	1	1	0.00020077913734350972	0.00594332462202829
REACTOME_DEFECTIVE_C1GALT1C1_CAUSES_TN_POLYAGGLUTINATION_SYNDROME_TNPS_	1	0.03191271974878984	0.018894185365103677	1	1	1.2152348625171783e-06	1	1	0.02801408947750894	0.000164398953695577	1	1	0.01762851624415518	1	0.0027329615630173887	1	1	1	4.065395709995645e-05
REACTOME_DEFECTIVE_GALNT3_CAUSES_FAMILIAL_HYPERPHOSPHATEMIC_TUMORAL_CALCINOSIS_HFTC_	1	0.028465830775768475	0.01680865448803126	1	1	9.327510129830685e-07	1	1	0.02496988642575848	0.00012741365968460538	1	1	0.01567803450063643	1	0.0024186136471232578	1	1	1	3.1378248529945196e-05
REACTOME_GABA_B_RECEPTOR_ACTIVATION	0.0018475840148892697	0.005574302430323974	0.0020328425510008907	0.010991880321446823	1	5.7238835483586215e-05	0.0030691557753014242	0.06691300200706496	4.92801906480933e-05	8.263357381099734e-05	1	0.01616445539825928	0.0017769797679428878	0.00010613189025332481	0.0010164264371361753	0.018613881289617273	0.001057365487151296	7.859965341916464e-07	0.001657868801787643
REACTOME_G_ALPHA_I_SIGNALLING_EVENTS	0.026844860061434495	0.00014302127299015144	0.004959580848953982	1	0.012524302477861071	1	0.004684765567602001	0.0021089462724371844	0.001581415109631168	0.0005507629170643513	0.0006848967401731354	0.0015661835905623755	7.867399502536898e-06	0.03505865173297629	1	0.00027124880413065267	0.026699323496010563	0.00012256285225265007	3.1084879992260284e-07
REACTOME_INCRETIN_SYNTHESIS_SECRETION_AND_INACTIVATION	1	3.23902572597623e-05	0.0028762144409386625	0.0018443550677590403	1	1	5.97775360988706e-07	1	0.04905611717233982	1	1	0.002779181618595805	0.03128009209321925	0.026414825986920132	1	0.036092070454029734	1	0.000157641720750612	1
REACTOME_INSULIN_PROCESSING	1	7.36007580358633e-05	0.04494441208713251	8.963508011050614e-06	1	1	6.903986704553944e-08	1	1	0.0010605848754255964	0.016329544847726418	0.004426397780711411	0.04205689265263168	0.0031930328402508534	1	1	0.0027788487781181814	0.004203545885718252	1
REACTOME_INTEGRATION_OF_ENERGY_METABOLISM	0.0033006269060157356	0.03445143055301447	1.0135503225594533e-06	2.097085165231327e-05	1	0.0001869215172288774	2.8450373703581278e-06	0.004260835932890394	0.0002756034794302309	1.5298234540161992e-05	0.00791752500499876	0.002264299054330454	0.0019996903761050344	0.031820011064959575	0.08896549808753318	8.567368374501338e-05	0.005649666813913989	0.00035067174403591306	0.039901058796545374
REACTOME_INWARDLY_RECTIFYING_K_CHANNELS	1.471322436552569e-06	0.0002655530080950541	0.009521943780593123	0.054287696656139195	1	0.012799494492739205	0.001421201682049733	0.046369996747730235	0.00019130090296615165	2.4650599745545954e-05	0.02666274681439451	0.0008912306520346691	0.06698522714803157	2.0599179483271612e-06	0.01133579203628965	0.0010871940821923776	1.5462072342486977e-06	3.6359442647793117e-06	0.0007571760248498149
REACTOME_MUSCLE_CONTRACTION	0.0010786429778230078	3.959288114796511e-05	0.04501190494881091	0.006707809780077012	1	0.08017236695515506	0.07021268756939236	0.05208559273702562	0.0013769589118588499	2.2973968759609775e-06	0.003798071304403794	1.6382717491492116e-06	0.012482592888919286	0.007770814677888871	0.014808041419931195	1.6284590435788893e-05	6.139050568165771e-05	0.0009221103946503995	0.011333593536241193
REACTOME_NEURONAL_SYSTEM	9.178543480814483e-10	1.825284368095481e-11	4.552834687032714e-08	8.125237349609904e-08	1	4.496315825108788e-06	3.3130753696042348e-09	2.6727658286596068e-06	8.597567102697212e-12	7.806111312902431e-11	1.4677913944272092e-06	7.98266489798749e-07	1.5538192954522856e-10	2.8336739070766725e-06	2.3482854367706807e-06	2.3926194359091824e-11	5.363332000740684e-11	5.128909186247199e-09	8.503194137698955e-08
REACTOME_NEUROTRANSMITTER_RECEPTORS_AND_POSTSYNAPTIC_SIGNAL_TRANSMISSION	0.0010786429778230078	8.613918249467112e-06	0.0002664841250631378	0.023433928956743344	1	0.0005029949970027925	0.00015527915282043114	0.00416206672937014	3.808448741149384e-06	0.002730209601986	0.062377210334828126	0.042861003027057865	4.001717827806228e-05	0.0020000710358476503	0.014808041419931195	5.018184672245241e-07	1.6939552115458056e-06	4.237619295244244e-05	6.059906713873353e-06
REACTOME_PEPTIDE_HORMONE_METABOLISM	1	2.412871999424304e-06	0.0009419871320803797	3.0368318970630526e-09	1	1	0.0	1	0.0027534683940064753	2.2101753958225778e-05	0.027801443248542834	0.0008844594563657271	0.0047245511375888505	0.00047986321500725904	1	1	0.002588218690147026	0.00011282119711231164	0.0920079006370047
REACTOME_PHASE_0_RAPID_DEPOLARISATION	0.0017256846112599922	6.366928702061792e-05	0.015669170581914083	0.0010467858998378654	1	0.018117969459233385	0.021142701134809316	0.008101576487223205	1	0.0007008158397173725	1	3.9488908809559575e-08	0.01420620208404677	0.0011604891602927658	0.000948620257520516	1.6496929318932096e-05	7.497297079717136e-05	0.00014996119512089567	0.013505415474176052
REACTOME_POTASSIUM_CHANNELS	6.195684298937465e-09	4.2354231233332484e-11	0.00031587908815611243	1.4817529565780418e-05	1	0.0016442884288196957	1.451677466879353e-05	0.000532887194895415	6.400888707958075e-10	2.1651680448542265e-11	5.569498096047454e-08	5.82793926673375e-07	0.0002523563792246053	2.0105229709965755e-06	4.432455402714197e-07	9.523437478620167e-07	1.2439866259317256e-07	3.670163510527402e-05	3.064863842316967e-05
REACTOME_REGULATION_OF_GENE_EXPRESSION_IN_ENDOCRINE_COMMITTED_NEUROG3_PROGENITOR_CELLS	1	1	1	1	1	1	1	0.0009442859965674844	1	1	1.3093728212787425e-08	0.0014974472604585287	1	1	1	1.411560502928566e-07	1	1	1
REACTOME_REGULATION_OF_INSULIN_SECRETION	0.00099846150012739	0.009697709296394241	5.872312447419148e-06	0.0001897174897421694	1	0.006668680014171535	1.4269942075761932e-06	0.007310655794596221	0.0013240714175765111	6.811291778374695e-06	0.019154529106745866	0.0004122960595547287	0.014827326008605146	0.010893555633405771	1	7.961303297054911e-06	0.0013745605899050384	0.00037360654892104606	0.06588321046051238
REACTOME_SYNTHESIS_SECRETION_AND_INACTIVATION_OF_GLUCOSE_DEPENDENT_INSULINOTROPIC_POLYPEPTIDE_GIP_	1	1.4195528001970104e-06	0.000509395920743505	0.0003222559085385157	1	1	1.1413265554871543e-08	1	0.01673237142750794	1	1	0.0004916563385992667	0.010435803744793248	0.008751898004525804	1	0.012118596456918151	1	1.4000213268805517e-05	1
REACTOME_TRANSMISSION_ACROSS_CHEMICAL_SYNAPSES	0.00013899064619304902	2.658649322362372e-06	7.562935586125086e-06	0.0006561407904012162	1	4.955903429537667e-05	2.5263553038445963e-07	0.00032565684846608267	1.003015932310447e-06	1.5043958742411156e-05	0.04637777969310419	0.001961621326206364	1.6702196004025893e-07	0.000814287423112181	0.0014721395159436046	2.382143482471122e-09	1.5030405120519674e-07	1.820998776214111e-07	3.946692945011598e-06
WP_DOPAMINERGIC_NEUROGENESIS	1	0.08875601557048984	0.006183159717273901	1	1	1	0.008453666317879693	1	0.011011978968528569	0.01414218751017704	0.0013131540236839268	0.0004895260748082331	0.05091463600591806	0.0003148809189159607	1	2.127097801785105e-06	0.0037694156566445702	0.051483612077398044	0.049221794279323605
WP_SUDDEN_INFANT_DEATH_SYNDROME_SIDS_SUSCEPTIBILITY_PATHWAYS	0.00031202646208883245	1.7042949383316852e-05	3.7814835347926845e-05	1.3542824331969072e-06	1	0.045622302655690006	9.859624146324464e-05	0.0001981960958782336	0.0009634833906696505	2.131873569766185e-05	2.636244295528556e-06	3.409023689437962e-05	0.0007985398237446706	7.793793512811398e-05	1	2.6758002591442676e-08	0.028339458386996363	0.04834592414329275	0.0007054292399895079
WP_SYNAPTIC_VESICLE_PATHWAY	1	0.0002151114573570867	0.0004777925041837827	0.0023303512380765667	0.006172092619988745	0.0021212801908151446	7.7223815500016e-06	0.0001539337118163786	0.008554092692469095	2.4856278648677232e-06	1	0.00045202751504658245	3.71111835614224e-05	0.0025773536981326117	0.02402877584662555	0.030617862480265323	0.0021561937149008337	0.0036640090056527796	0.0033484504284654326
