	ARNT2	ARX	ASCL1	ASCL2	E2F7	EBF3	ETV1	FEV	FOXD4L5	FOXJ1	FOXP2	GATA2	HES4	HEY1	HIC1	HLF	HMBOX1	ISL1	LMX1A	LMX1B	MAFA	MAFB	NEUROD2	NEUROG3	NHLH1	NR4A3	ONECUT1	PAX4	PAX6	PBX3	POU2F2	POU5F1	RFX6	SIX2	SMAD9	SOX4	SPIB	ST18	TET1	TFCP2L1	TP73	ZFP69B	ZNF382	ZNF492	ZNF519	ZNF846	ZNF883
BIOCARTA_BOTULIN_PATHWAY	1	0.00013964333839278087	1	1	1	1	1	1	1	1	1	1	1	1	1	1	1	1	1	1	1	1	1	1	1	1	1	1	1	1	1	1	1	1	1	0.0015521937906259886	1	1	1	1	1	1	1	1	1	1	1
BIOCARTA_CARDIACEGF_PATHWAY	1	1	1	1	1	1	1	1	1	1	1	1	1	1	1	1	1	1	1	1	1	1	1	1	1	1	1	1	1	1	1	1	1	1	1	0.021320922882226645	1	1	1	1	1	1	1	1	1	1	1
KEGG_ACUTE_MYELOID_LEUKEMIA	1	1	1	1	1	1	1	1	1	1	1	1	1	1	1	1	1	1	1	1	0.016795296962156092	1	1	1	1	1	1	1	1	1	1	1	1	1	1	1	1	1	1	1	1	1	1	1	1	1	1
KEGG_ADIPOCYTOKINE_SIGNALING_PATHWAY	1	1	1	1	1	1	1	1	1	1	1	1	1	1	1	1	1	1	1	1	0.022761965166929965	1	1	1	1	1	1	1	1	1	1	1	1	1	1	1	1	1	1	1	1	1	1	1	1	1	1
KEGG_ARACHIDONIC_ACID_METABOLISM	1	1	1	1	1	1	1	1	1	1	1	1	1	1	1	1	1	1	1	1	1	0.008132808889519838	1	1	1	1	1	1	1	1	1	1	1	1	1	1	1	1	1	1	1	1	1	1	1	1	1
KEGG_ARRHYTHMOGENIC_RIGHT_VENTRICULAR_CARDIOMYOPATHY_ARVC	1	1	1	1	0.0724948226689196	1	1	0.0031441190428550536	1	1	1	1	1	1	1	1	1	1	1	1	0.02738327581605393	1	1	1	1	1	1	1	1	1	1	1	1	0.04725541654763976	1	0.014329808995088622	1	1	1	0.09237048404650017	1	1	1	0.02520845994430798	1	1	1
KEGG_AXON_GUIDANCE	1	1	1	1	1	1	1	1	1	1	1	1	1	1	1	1	1	1	1	1	0.07426658493291638	1	1	1	1	1	1	1	1	1	1	1	1	1	1	1	1	1	1	1	1	1	1	1	1	1	1
KEGG_BLADDER_CANCER	1	1	1	1	1	1	1	1	1	1	1	1	1	1	1	1	1	1	1	1	1	1	1	1	1	1	1	1	0.007494294814639035	1	1	1	1	1	1	1	1	1	1	1	1	1	1	1	1	1	1
KEGG_CALCIUM_SIGNALING_PATHWAY	1	0.029763079926795277	1	1	1	1	1	0.05829238806621495	1	1	1	1	1	1	0.024018327963160502	1	1	1	1	1	1	1	1	1	1	1	1	0.03501414010455817	1	1	1	1	1	1	1	1	1	1	1	0.007712609690868066	1	1	1	1	1	0.08316672430277772	1
KEGG_CARDIAC_MUSCLE_CONTRACTION	1	1	1	1	0.08115074496507868	1	1	0.00397977659743054	1	1	1	1	1	1	1	1	1	1	1	0.06416700550723387	0.030895985854353825	1	1	1	1	1	1	1	1	1	1	1	1	0.053111700195141	1	0.017830432093299153	1	1	1	1	1	1	1	1	1	1	1
KEGG_CELL_ADHESION_MOLECULES_CAMS	1	1	1	0.03874278625220329	1	1	1	1	1	1	1	1	1	1	1	1	0.0753613209034294	0.06131450384695536	1	1	0.011075191451192623	1	1	1	1	1	1	1	1	1	1	1	1	0.0035002100745546993	1	0.08841535462333305	1	1	1	1	1	1	1	1	1	1	1
KEGG_CHEMOKINE_SIGNALING_PATHWAY	1	1	0.08066943372523516	1	1	1	1	1	1	1	1	1	1	1	1	1	1	1	1	1	1	1	1	1	1	1	1	0.03905760019786031	1	1	1	1	1	1	1	0.09207027821591707	1	1	1	1	1	1	1	1	1	1	1
KEGG_COMPLEMENT_AND_COAGULATION_CASCADES	1	1	1	1	1	1	1	1	1	1	1	1	1	1	1	1	1	1	0.0039045517356243176	1	1	1	1	1	1	1	1	1	1	1	1	1	1	1	1	1	1	1	1	1	0.003083118308437549	1	1	1	1	1	1
KEGG_DILATED_CARDIOMYOPATHY	1	1	1	1	1	1	1	0.0063208928094949934	1	1	0.014450195532340615	1	1	1	1	1	1	1	1	0.0804516866086924	0.03920866158382408	1	0.007292591955857741	1	1	1	1	1	1	1	1	1	1	0.008678006790658888	1	0.005654747870148302	1	1	1	0.024215878436987692	1	1	1	0.03615081981893398	1	1	1
KEGG_ECM_RECEPTOR_INTERACTION	1	0.040265549955572744	1	1	1	1	0.0242638856555748	1	1	1	1	1	1	1	1	1	1	1	1	1	1	1	1	1	1	1	1	1	1	1	1	1	1	0.05921188093322338	1	0.021821258637550134	1	1	1	1	1	1	1	1	1	1	1
KEGG_ENDOCYTOSIS	0.030225374264217342	1	1	1	1	1	1	1	1	1	1	1	1	1	1	1	1	1	1	1	1	1	0.027446385451288524	1	1	1	1	1	1	1	1	1	1	1	1	1	1	1	1	1	1	1	1	1	1	1	1
KEGG_ERBB_SIGNALING_PATHWAY	1	0.0003219049440204014	1	1	1	1	1	1	1	1	1	1	1	1	1	1	1	1	1	1	1	1	1	1	1	1	1	1	1	1	1	1	1	1	1	0.09798679482767181	1	1	1	1	1	1	1	1	1	0.08955441317839541	1
KEGG_FC_EPSILON_RI_SIGNALING_PATHWAY	1	1	1	1	1	1	1	1	1	1	1	1	1	1	1	1	1	1	1	1	1	1	1	1	1	1	1	1	1	1	1	1	1	0.053111700195141	1	1	1	1	1	1	1	1	1	1	1	1	1
KEGG_FC_GAMMA_R_MEDIATED_PHAGOCYTOSIS	0.009135352843109179	0.051192036648322725	1	1	1	1	1	1	1	1	1	1	1	1	1	1	1	1	1	1	1	1	1	1	1	1	1	1	1	1	1	1	1	0.07476400560977314	1	1	1	1	1	1	1	1	1	1	1	1	1
KEGG_FOCAL_ADHESION	1	0.006722696292045693	1	1	1	1	1	1	1	1	1	1	1	1	1	1	1	1	1	1	1	1	1	1	1	1	1	1	1	1	1	1	1	1	0.09271470728098308	0.040898543207514515	0.09271470728098308	1	1	1	1	1	1	1	1	1	1
KEGG_FOLATE_BIOSYNTHESIS	1	1	1	1	1	1	1	1	1	1	1	1	1	1	1	1	1	1	1	1	1	1	1	1	1	1	1	1	1	1	1	1	1	1	1	1	1	1	1	0.002483619625549438	1	1	1	1	1	1	1
KEGG_FRUCTOSE_AND_MANNOSE_METABOLISM	1	1	1	1	1	1	1	1	1	1	1	1	1	1	1	1	1	1	1	1	1	1	1	1	1	1	1	1	1	1	1	1	1	1	1	1	1	1	1	0.022863135482457664	1	1	1	1	1	0.016298156923267526	1
KEGG_GAP_JUNCTION	1	0.00476875911215513	0.021171575831350986	1	1	1	1	1	0.05585953669735588	1	0.014450195532340615	1	1	1	0.006553851712742476	1	1	1	1	1	1	1	1	1	1	1	1	0.009721775956286871	1	1	1	1	1	1	1	0.02727883769382744	0.022396376393965745	1	1	1	1	1	1	0.03615081981893398	0.01997589804681177	1	1
KEGG_GLIOMA	1	0.0018945313077701753	1	1	1	1	1	1	1	1	1	1	1	1	1	1	1	1	1	1	1	1	1	1	1	1	1	1	1	1	1	1	1	1	1	1	1	1	1	1	1	1	1	1	1	1	1
KEGG_GLUTATHIONE_METABOLISM	1	1	1	1	1	1	1	1	1	1	1	1	1	1	1	1	1	1	1	1	1	0.006097669751590318	1	1	1	1	1	1	1	1	1	1	1	1	1	1	1	1	1	1	1	1	1	1	1	1	1
KEGG_GLYCEROLIPID_METABOLISM	1	1	1	1	1	1	1	1	1	1	1	1	1	1	1	1	1	1	1	1	1	1	1	1	1	1	1	1	1	1	1	1	1	1	0.007022686765670638	1	1	1	1	0.044855979852420624	1	1	1	1	1	1	1
KEGG_GLYCEROPHOSPHOLIPID_METABOLISM	1	1	1	1	1	1	1	1	1	1	1	1	1	1	1	1	1	1	1	1	1	1	1	1	1	1	1	1	1	1	1	1	1	0.05073911125251396	1	1	1	1	1	1	1	1	1	1	1	1	1
KEGG_GNRH_SIGNALING_PATHWAY	1	1	1	1	1	1	1	1	1	1	1	1	1	1	1	1	1	0.03746073076304657	1	1	1	1	1	1	1	1	1	0.01212376352878708	1	1	1	1	1	0.011870567868183413	1	1	1	1	1	0.032556727723276224	1	1	1	1	1	1	1
KEGG_HYPERTROPHIC_CARDIOMYOPATHY_HCM	1	1	1	1	0.08829411968343748	1	1	0.004747823703045051	1	1	1	1	1	1	1	1	1	1	1	1	0.03382797923469638	1	1	1	1	0.027345296533840102	1	1	1	1	1	1	1	0.05797301793510967	1	0.020983077537324424	1	1	1	1	1	1	1	0.0026376898539576255	1	1	1
KEGG_JAK_STAT_SIGNALING_PATHWAY	1	1	1	1	1	1	1	1	1	1	1	1	1	1	1	1	1	1	1	1	1	1	1	1	1	1	1	1	1	1	1	1	1	1	1	1	1	1	1	1	1	1	1	0.09418014154112753	1	1	1
KEGG_LEUKOCYTE_TRANSENDOTHELIAL_MIGRATION	1	1	1	1	1	1	1	1	1	1	1	1	1	1	1	1	0.05935956947811649	0.04810020008511484	1	1	1	1	1	1	1	1	1	1	1	1	1	1	1	0.017182927144331672	1	1	1	1	1	1	1	1	1	1	1	1	1
KEGG_LONG_TERM_POTENTIATION	1	0.028840606877900576	1	1	1	1	1	1	1	1	1	1	1	1	0.004016152429646924	1	1	1	1	1	1	1	1	1	1	1	1	1	1	1	1	1	1	1	1	1	1	1	1	1	1	1	1	1	1	0.0614843826725372	1
KEGG_MAPK_SIGNALING_PATHWAY	0.060995933831087035	1	1	1	1	1	1	1	1	1	1	1	0.010533962154590681	1	1	1	1	1	1	1	0.06578774730547399	1	1	1	1	1	1	0.07224684115035607	1	1	1	1	1	0.03661791672814063	1	1	1	1	1	1	1	1	1	1	1	1	1
KEGG_MELANOGENESIS	1	0.056025701524469174	1	1	1	1	1	1	1	1	1	1	1	1	0.00819103693276757	1	1	1	1	1	1	1	1	1	1	1	1	1	1	1	1	1	1	1	1	1	1	1	1	1	1	1	1	1	1	1	1
KEGG_MELANOMA	1	1	1	1	1	1	0.01770521148135873	1	1	1	1	1	1	1	1	1	1	1	1	1	0.025359472572240915	1	1	1	1	1	1	1	1	1	1	1	1	1	1	0.06094523650336048	1	1	1	1	1	1	1	1	1	1	1
KEGG_MTOR_SIGNALING_PATHWAY	1	1	1	1	1	1	1	1	1	1	1	1	1	1	1	1	1	1	1	1	1	1	1	1	1	1	1	1	1	1	1	1	1	1	0.007880368057923692	1	1	1	1	1	1	1	1	1	1	1	1
KEGG_NEUROACTIVE_LIGAND_RECEPTOR_INTERACTION	0.06302369602617786	1	1	1	1	1	1	1	0.0009922908629640403	1	0.017573997337657743	1	1	1	1	1	0.06521823365272417	1	1	1	1	1	1	1	0.0056168714842013134	1	1	1	1	0.023319127894593006	1	1	1	1	1	1	1	1	1	0.039798915477548324	1	1	1	1	1	0.07167701243458513	1
KEGG_NEUROTROPHIN_SIGNALING_PATHWAY	1	0.08236546885728602	1	1	1	1	1	1	1	1	1	1	1	1	1	1	1	1	1	1	1	1	1	1	1	1	1	1	1	1	1	1	1	1	1	1	1	1	1	1	1	1	1	1	1	1	1
KEGG_NON_SMALL_CELL_LUNG_CANCER	1	0.01775590981311037	1	1	1	1	1	1	1	1	1	1	1	1	1	1	1	1	1	1	1	1	1	1	1	1	1	1	1	1	1	1	1	1	1	1	1	1	1	1	1	1	1	1	1	1	1
KEGG_P53_SIGNALING_PATHWAY	1	1	1	1	1	1	1	1	1	1	1	1	1	1	1	1	1	1	1	1	1	0.011045970647102554	1	1	1	1	1	1	1	1	1	1	1	1	1	1	1	1	1	1	1	1	1	1	1	1	1
KEGG_PATHOGENIC_ESCHERICHIA_COLI_INFECTION	1	0.019017051138449648	1	1	1	1	1	1	1	1	1	1	1	1	1	1	1	1	1	1	1	1	1	1	1	1	1	1	1	1	1	1	1	1	1	1	1	1	1	1	1	1	1	0.014925345493685072	0.008083607488853839	1	1
KEGG_PATHWAYS_IN_CANCER	1	1	1	1	1	1	1	1	1	1	1	1	1	1	1	1	1	1	1	1	1	1	1	1	1	1	1	1	1	1	1	1	1	1	1	1	1	1	1	1	1	1	1	1	0.04336009054297907	1	1
KEGG_PPAR_SIGNALING_PATHWAY	1	1	1	1	1	1	1	1	1	1	1	1	1	1	1	1	1	1	1	0.050497619107044756	1	1	1	1	1	0.0193716890966964	1	1	1	1	1	1	1	1	1	1	1	1	1	1	1	1	1	1	1	1	1
KEGG_PROGESTERONE_MEDIATED_OOCYTE_MATURATION	1	1	1	1	0.09193425051972481	1	1	1	1	1	1	1	1	1	1	1	1	1	1	1	1	1	1	1	1	1	1	1	1	1	1	1	1	0.06045993355710855	1	1	1	1	1	1	1	1	1	1	1	1	1
KEGG_PROSTATE_CANCER	1	1	1	1	1	1	1	1	1	1	1	1	1	1	1	1	1	1	1	1	0.03842105549446617	1	1	1	1	1	1	1	1	1	1	1	1	1	1	1	1	1	1	1	1	1	1	1	1	1	1
KEGG_PROXIMAL_TUBULE_BICARBONATE_RECLAMATION	1	1	1	1	1	1	1	1	0.004225175066475795	1	1	1	1	1	1	1	1	1	1	1	1	1	1	1	1	1	1	1	1	1	1	1	1	1	1	1	1	1	1	1	1	1	1	1	1	1	1
KEGG_RENAL_CELL_CARCINOMA	1	0.028840606877900576	1	1	1	1	1	1	1	1	1	1	1	1	1	1	1	1	1	0.05181137617859144	1	1	1	1	1	1	1	1	1	1	1	1	1	1	1	1	1	1	1	1	1	1	1	1	1	1	1
KEGG_SNARE_INTERACTIONS_IN_VESICULAR_TRANSPORT	1	0.00906451326072899	1	1	1	1	1	1	1	1	1	1	1	1	1	1	1	1	1	1	1	1	1	1	1	1	1	1	1	1	1	1	1	1	1	0.08322625564950259	1	1	1	1	1	1	1	1	1	1	1
KEGG_TGF_BETA_SIGNALING_PATHWAY	1	1	1	1	0.09377074129507434	1	1	1	1	1	1	1	1	1	1	1	1	1	1	1	1	1	1	1	1	1	1	1	1	1	1	1	1	0.061717065369157664	1	1	1	1	1	1	1	1	1	1	1	1	1
KEGG_TIGHT_JUNCTION	0.016766639770248615	0.08916456335395762	0.042837812571025036	1	1	1	1	1	1	1	1	1	1	1	1	1	0.0102173050072073	1	1	1	0.07727276766198155	1	1	1	1	1	1	1	1	1	1	1	1	1	1	1	1	1	1	1	1	1	1	1	1	1	1
KEGG_TOLL_LIKE_RECEPTOR_SIGNALING_PATHWAY	1	0.05701117564801417	1	1	1	1	1	1	1	1	1	1	1	1	1	1	1	1	1	1	1	1	1	1	1	1	1	1	1	1	1	1	1	0.08297886776048702	1	1	1	1	1	1	1	1	1	1	1	1	1
KEGG_TYPE_II_DIABETES_MELLITUS	1	1	1	1	0.03214605392779313	1	1	1	1	1	1	1	1	1	1	1	1	1	1	1	1	1	1	1	1	1	1	1	1	1	1	1	1	1	1	0.021483659143138434	1	1	1	1	1	1	1	1	1	1	1
KEGG_TYPE_I_DIABETES_MELLITUS	1	1	1	1	1	1	1	0.048206439158179015	1	1	1	1	1	1	1	1	1	1	1	1	1	1	1	1	1	1	1	1	1	1	1	1	1	1	1	1	1	1	1	0.035365232717385786	1	1	1	1	1	1	1
KEGG_T_CELL_RECEPTOR_SIGNALING_PATHWAY	1	0.06305028898521581	1	0.026438865060059213	1	1	1	1	1	1	1	1	1	1	1	1	1	1	1	1	1	1	1	1	1	1	1	1	1	1	1	1	1	1	1	1	1	1	1	1	1	1	1	1	1	1	1
KEGG_VASCULAR_SMOOTH_MUSCLE_CONTRACTION	1	1	0.03333898098891397	1	1	1	1	0.014651076126287799	1	1	0.022922741185016138	1	1	1	0.010513020213480884	1	1	1	1	1	1	0.02969236808781528	1	1	1	1	1	0.01551741055213629	1	1	1	1	1	1	1	0.015372088807610984	1	1	1	0.00817381822911134	1	1	1	1	1	1	1
KEGG_VEGF_SIGNALING_PATHWAY	1	0.033552068653958544	1	1	1	1	1	1	1	1	1	1	1	1	1	1	1	1	1	1	1	1	1	1	1	1	1	1	1	1	1	1	1	0.049567737439450976	1	1	1	1	1	1	1	1	1	1	1	1	1
KEGG_VIBRIO_CHOLERAE_INFECTION	1	0.01775590981311037	1	1	1	1	1	1	1	1	1	1	1	1	1	1	1	1	1	1	1	1	1	1	1	1	1	1	1	1	1	1	1	1	1	1	1	1	1	1	1	1	1	1	1	1	1
KEGG_WNT_SIGNALING_PATHWAY	1	1	1	1	1	1	1	1	1	1	1	1	1	1	1	1	1	1	1	1	1	0.00040734479858661743	1	1	1	1	1	1	1	1	1	1	1	1	1	1	0.0067759703721421705	1	1	1	1	1	1	1	0.05157270231214728	1	1
NABA_CORE_MATRISOME	1	1	1	1	0.08265155821654879	1	1	0.025373931442838504	1	1	1	1	1	1	1	1	1	0.05022202439968515	1	0.05565142211341101	0.07055456992842057	1	1	1	1	1	1	1	0.053381951093182556	1	1	1	1	1	1	0.00833240725203388	1	1	1	1	1	1	1	1	1	1	1
NABA_ECM_AFFILIATED	1	1	0.00862786781557534	1	0.08180756988126325	1	0.08579687970437821	1	1	1	1	1	1	0.0033197125103041625	1	1	1	1	1	1	1	1	1	1	0.022043054710845	1	1	1	1	1	1	1	1	1	1	1	0.07075625807485841	1	1	1	1	1	1	1	0.06359904579015652	0.01662546342588156	0.006935161034257509
NABA_ECM_GLYCOPROTEINS	1	1	1	1	0.029907328217705476	1	1	1	1	1	1	0.06445606025696238	1	1	1	1	1	1	1	0.08303014698674893	0.03069155152962577	1	1	1	1	1	1	1	0.022738647722008953	1	1	1	1	0.06451493025036381	1	0.03843866312594557	1	1	1	1	1	1	1	1	1	1	1
NABA_ECM_REGULATORS	1	1	1	1	1	1	1	1	1	1	1	0.013604368532484368	1	1	1	1	1	0.005664449134418659	1	0.0014998299401572934	1	1	1	1	1	1	0.0497178207874287	1	0.03734846249550783	1	1	1	1	0.00513182941775181	1	0.08195400373244077	1	0.015999196323025155	1	0.0821179513523338	1	1	1	1	1	1	1
NABA_MATRISOME	1	1	0.01199486647955561	1	1	0.019496256341601903	0.007779404325899408	0.07552006604300687	0.027675978778960553	1	1	0.018615772879879366	1	0.012924220761312055	1	1	1	0.01066224924626058	1	5.933718067807625e-05	1	1	1	1	1	1	0.0646967858039742	1	0.0036231583489071406	1	1	1	1	0.007667532584569092	1	0.005127972261835145	1	0.04821932337476009	1	0.04881173251195714	0.0310625720073453	1	0.029856794799051345	1	0.034413237304873	0.013803825420344085	0.037165794325976775
NABA_MATRISOME_ASSOCIATED	1	1	0.009852756093339354	1	1	0.0082826190266021	0.005045097487880512	1	0.09736777486317816	1	1	0.07196192378487565	1	0.005403674115021739	1	1	1	0.07483293046340089	1	0.00046458175927244216	1	1	1	1	0.07916732878074961	1	1	1	0.027284061685278305	1	1	1	1	0.02361083395741337	1	0.09433045816302432	1	0.021472889146899043	1	0.0336790959337262	0.05904413033868372	0.07916732878074961	0.029217072369442265	1	0.03306120534931023	0.003647070439642408	1
NABA_PROTEOGLYCANS	1	1	1	1	1	1	1	0.033125198585711946	1	1	0.0023003176370848255	1	1	1	1	1	1	1	1	1	1	1	1	1	1	1	1	1	1	1	1	1	1	1	1	0.07216821088961511	1	1	1	0.02414155692533604	1	1	1	1	1	1	1
NABA_SECRETED_FACTORS	1	1	0.05347453233141253	1	1	1	0.016503260772730455	1	0.014891385228245513	1	1	1	1	1	1	1	1	1	1	1	1	1	1	1	1	1	1	1	1	1	1	1	1	1	1	1	1	1	1	1	1	0.07838994617238093	1	1	1	0.04758844439323473	1
PID_AJDISS_2PATHWAY	1	1	1	1	1	1	1	0.05866589130217825	0.017605843196603077	1	1	1	1	1	1	1	1	1	1	1	1	1	1	1	1	1	1	1	1	1	1	1	1	1	1	1	1	1	1	1	1	1	1	1	1	1	1
PID_AMB2_NEUTROPHILS_PATHWAY	1	1	1	1	1	1	1	1	1	1	1	1	1	1	1	1	1	1	1	1	1	1	1	1	1	1	1	1	1	1	1	1	1	1	1	1	1	1	1	0.0323993467323721	1	1	1	1	1	1	1
PID_AR_NONGENOMIC_PATHWAY	1	1	1	1	1	1	1	1	1	1	1	1	1	1	1	1	1	1	1	1	1	1	1	1	1	1	1	1	1	1	1	1	1	1	1	0.05825963817010393	1	1	1	1	1	1	1	1	1	1	1
PID_AVB3_OPN_PATHWAY	1	1	1	1	1	1	1	1	1	1	1	1	1	1	1	1	1	1	1	1	1	1	1	1	1	1	1	1	1	1	1	1	1	0.009249775892059442	1	1	1	1	1	1	1	1	1	1	1	1	1
PID_E2F_PATHWAY	1	1	1	1	1	1	1	1	1	1	1	1	1	1	1	1	1	1	1	1	1	0.012650856299843083	1	1	1	1	1	1	1	1	1	1	1	1	1	1	1	1	1	1	1	0.0043598158742306214	1	1	1	1	1
PID_ENDOTHELIN_PATHWAY	1	1	1	1	1	1	1	0.0939696033429771	0.029277214582805078	1	1	1	1	1	0.0032662279629217528	1	1	1	1	1	1	1	1	1	1	1	1	1	1	1	1	1	1	1	1	1	1	1	1	1	1	1	1	1	1	1	1
PID_ER_NONGENOMIC_PATHWAY	1	1	1	1	1	1	1	1	1	1	1	1	1	1	1	1	1	0.006495789326839363	1	1	1	1	1	1	1	1	1	1	1	1	1	1	1	1	1	0.09086633973323188	1	1	1	1	1	1	1	1	1	1	1
PID_HNF3B_PATHWAY	1	1	1	1	1	1	1	1	1	1	1	1	1	1	1	1	1	1	1	0.0016584677593942665	1	0.0049639601322765126	0.0018734826300056406	1	1	1	1	1	1	1	1	1	1	1	1	1	1	1	1	1	1	1	1	0.009819339721741871	1	0.02761828641541153	1
PID_INTEGRIN1_PATHWAY	1	1	1	1	1	1	0.01542087909244938	1	1	1	1	1	1	1	1	1	1	1	1	1	1	1	1	1	1	1	1	1	1	1	1	1	1	0.03842940450618049	1	1	1	1	1	1	1	1	1	1	1	1	1
PID_INTEGRIN2_PATHWAY	1	1	1	1	1	1	1	0.023329157400428957	1	1	1	1	1	1	1	1	1	1	1	1	1	1	1	1	1	1	1	1	1	1	1	1	1	1	1	1	1	1	1	0.016917553724469903	1	1	1	1	1	1	1
PID_INTEGRIN_A4B1_PATHWAY	1	1	1	1	1	1	0.004028943475542945	1	1	1	1	1	1	1	1	1	1	1	1	1	1	1	1	1	1	1	1	1	1	1	1	1	1	0.010440008307838422	1	0.06508758256524527	1	1	1	1	1	1	1	1	1	1	1
PID_INTEGRIN_A9B1_PATHWAY	1	1	1	1	1	1	0.002322598853701674	1	1	1	1	1	1	1	1	1	1	1	1	1	1	1	1	1	1	1	1	1	1	1	1	1	1	0.006076367584898379	1	0.03947113079042386	1	1	1	1	1	1	1	1	1	1	1
PID_LIS1_PATHWAY	1	1	1	1	1	1	1	1	1	1	1	1	1	1	1	1	1	1	1	1	1	1	1	1	1	1	1	1	1	1	1	1	1	1	1	0.04853010583052819	1	1	1	1	1	1	1	1	1	1	1
PID_LKB1_PATHWAY	1	1	1	1	0.0027694550249734995	1	1	1	1	1	1	1	1	1	1	1	1	1	1	1	1	1	1	1	1	1	1	1	1	1	1	1	1	1	1	1	1	1	1	1	1	1	1	1	1	1	1
PID_LYSOPHOSPHOLIPID_PATHWAY	1	1	1	1	1	1	1	1	1	1	1	1	1	1	1	1	1	0.016517056338470004	1	1	1	1	1	1	1	1	1	1	1	1	1	1	1	0.03737579225408527	1	0.049158733874696936	1	1	1	0.07397083427687345	1	1	1	1	1	1	1
PID_P38_MK2_PATHWAY	1	1	1	1	1	1	1	0.012588807438241756	1	1	1	1	1	1	1	1	1	1	1	1	1	1	1	1	1	1	1	1	1	1	1	1	1	1	1	1	1	1	1	1	1	1	1	1	1	1	1
PID_P53_DOWNSTREAM_PATHWAY	1	1	1	1	1	1	1	1	1	1	1	1	1	1	1	1	1	1	1	1	1	1	1	1	1	1	1	1	0.06745053651410671	1	1	1	1	1	1	1	0.048343341382486416	1	1	1	1	1	1	1	1	1	1
PID_PS1_PATHWAY	1	1	1	1	1	1	1	1	1	1	1	1	1	1	1	1	1	1	1	1	1	0.0051820335068764045	1	1	1	1	1	1	1	1	1	1	1	1	1	1	1	1	1	1	1	1	1	1	1	1	1
PID_RET_PATHWAY	1	1	1	1	1	1	1	0.003931579915703809	1	1	1	1	1	1	1	1	1	1	1	1	1	1	1	1	1	1	1	1	1	1	1	1	1	1	1	0.08702078540611458	1	1	1	1	1	1	1	1	1	1	1
PID_S1P_S1P3_PATHWAY	1	1	1	1	1	1	1	1	1	1	1	1	1	1	1	1	1	1	1	1	1	1	1	1	1	1	1	1	1	1	1	1	1	1	1	0.05170193366791853	1	1	1	1	1	1	1	1	1	1	1
PID_SYNDECAN_4_PATHWAY	1	1	1	1	1	1	0.0037916252383489724	1	1	1	1	1	1	1	1	1	1	1	1	1	1	1	1	1	1	1	1	1	1	1	1	1	1	0.009836804626021878	1	0.061640944373992035	1	1	1	1	1	1	1	1	1	1	1
PID_THROMBIN_PAR1_PATHWAY	1	1	1	1	1	1	1	0.048206439158179015	1	1	1	1	1	1	1	1	1	1	1	1	1	1	1	1	1	1	1	1	1	1	1	1	1	1	1	1	1	1	1	1	1	1	1	1	1	1	1
PID_TOLL_ENDOGENOUS_PATHWAY	1	1	1	1	1	1	1	1	1	1	1	1	1	1	1	1	1	1	1	1	1	1	1	1	1	1	1	1	1	1	1	1	1	1	1	0.03661181593771179	1	1	1	1	1	1	1	1	1	1	1
REACTOME_ACETYLCHOLINE_BINDING_AND_DOWNSTREAM_EVENTS	1	1	1	1	1	1	1	1	1	1	2.7380030979129444e-06	1	1	1	1	1	1	1	1	1	1	1	1	1	1	1	1	1	1	1	1	1	1	1	1	1	1	1	1	1	1	1	1	1	1	1	1
REACTOME_ACETYLCHOLINE_NEUROTRANSMITTER_RELEASE_CYCLE	1	0.0018447293260367426	1	1	1	1	1	1	1	1	1	1	1	1	1	1	1	1	1	1	1	1	1	1	1	1	1	1	1	1	1	1	1	1	1	0.019108810926621533	1	1	1	1	1	1	1	1	1	1	1
REACTOME_ACTIVATION_OF_AMPK_DOWNSTREAM_OF_NMDARS	1	0.005349723395849382	1	1	1	1	1	1	1	1	1	1	1	1	1	1	1	1	1	1	1	1	1	1	1	1	1	1	1	1	1	1	1	1	1	0.05170193366791853	1	1	1	1	1	1	1	0.004165094441685557	0.002219728515754249	1	1
REACTOME_ACTIVATION_OF_KAINATE_RECEPTORS_UPON_GLUTAMATE_BINDING	1	1	1	1	1	1	1	1	1	1	1	1	1	1	1	1	1	1	1	1	1	1	1	1	1	1	1	1	1	0.0020885247328470413	1	1	1	1	1	0.00628667717235587	1	1	1	1	1	1	1	0.004453186233729478	1	1	1
REACTOME_ACTIVATION_OF_MATRIX_METALLOPROTEINASES	1	1	1	1	1	1	1	1	1	1	1	1	1	1	1	1	1	0.004456317048326275	1	1	1	1	1	1	1	1	1	1	1	1	1	1	1	0.010440008307838422	1	1	1	1	1	0.021613868565600325	1	1	1	1	1	1	1
REACTOME_ACTIVATION_OF_NMDA_RECEPTORS_AND_POSTSYNAPTIC_EVENTS	1	0.005383852918103393	1	1	1	1	1	1	1	1	0.015691957700157855	1	1	1	1	1	1	1	1	1	1	1	1	1	1	1	1	0.010567665784834812	1	1	1	1	1	1	1	1	1	1	1	1	1	1	1	0.039127146292126436	0.021671160086365715	1	1
REACTOME_ADAPTIVE_IMMUNE_SYSTEM	1	1	1	1	1	1	1	1	1	1	1	1	1	1	0.09667405983643185	1	1	1	1	1	1	1	1	1	1	1	1	1	1	1	1	1	1	1	1	1	1	1	1	1	1	1	1	1	1	1	1
REACTOME_ADORA2B_MEDIATED_ANTI_INFLAMMATORY_CYTOKINES_PRODUCTION	1	1	1	1	1	1	1	1	1	1	0.030014910020839225	1	1	1	1	1	0.01042847951362813	1	1	1	1	1	1	1	1	1	1	0.0013391743289348224	1	0.03647931269974125	1	1	1	1	1	0.02691355542818763	1	1	1	0.06413330201212442	1	1	1	1	1	1	1
REACTOME_ADP_SIGNALLING_THROUGH_P2Y_PURINOCEPTOR_1	1	1	1	1	1	1	1	1	1	1	1	1	1	1	1	1	1	1	1	1	1	1	1	1	1	1	1	1	1	1	1	1	1	1	1	0.03947113079042386	1	1	1	1	1	1	1	1	1	1	1
REACTOME_ADP_SIGNALLING_THROUGH_P2Y_PURINOCEPTOR_12	1	1	1	1	1	1	1	1	1	1	1	1	1	1	1	1	1	1	1	1	1	1	1	1	1	1	1	1	1	1	1	1	1	1	1	0.031148938386104774	1	1	1	1	1	1	1	1	1	1	1
REACTOME_ADRENALINE_NORADRENALINE_INHIBITS_INSULIN_SECRETION	1	1	1	1	1	1	1	0.021835273917937492	1	1	1	1	1	1	1	1	1	1	1	1	1	1	1	1	1	1	1	1	1	1	1	1	1	1	1	0.005167158506854674	1	1	1	1	1	1	1	1	1	1	1
REACTOME_AFLATOXIN_ACTIVATION_AND_DETOXIFICATION	1	1	1	1	1	1	1	1	1	1	1	1	1	1	1	1	1	1	1	1	1	1	1	1	1	1	1	1	1	1	1	1	1	1	1	1	1	1	1	0.007450096021787478	1	1	1	1	1	1	1
REACTOME_AGGREPHAGY	1	0.012023058970378697	1	1	1	1	1	1	1	1	1	1	1	1	1	1	1	1	1	1	1	1	1	1	1	1	1	1	1	1	1	1	1	1	1	1	1	1	1	1	1	1	1	0.009402697582923003	0.005056260389630474	1	1
REACTOME_AMYLOID_FIBER_FORMATION	1	1	1	1	1	1	1	1	1	1	1	1	1	1	1	1	1	1	1	1	1	1	0.010544984702830495	1	1	1	1	1	1	1	1	1	1	1	1	1	1	1	1	1	1	1	1	1	1	1	1
REACTOME_ANTIGEN_PROCESSING_UBIQUITINATION_PROTEASOME_DEGRADATION	1	1	1	1	1	1	1	1	1	1	1	1	1	1	0.007918897874213071	1	1	1	1	1	1	1	1	0.04106002759864924	1	1	1	1	1	0.032103806978328375	1	1	1	1	1	1	1	1	1	1	1	1	1	1	1	1	1
REACTOME_ANTIVIRAL_MECHANISM_BY_IFN_STIMULATED_GENES	1	1	1	1	1	1	1	1	1	1	1	1	1	1	1	0.0037992900997196877	1	1	1	1	1	1	1	1	1	1	1	1	1	1	1	1	1	1	1	1	1	1	1	1	1	1	1	0.030481123235864382	1	0.08094936974738953	1
REACTOME_ANTI_INFLAMMATORY_RESPONSE_FAVOURING_LEISHMANIA_PARASITE_INFECTION	1	1	1	1	1	1	1	1	1	1	0.07570230568364922	1	1	1	1	1	0.04017482808891215	1	1	1	1	1	1	1	1	1	1	0.005781780391268199	1	0.09082327453472394	1	1	1	1	1	0.06414912306233411	1	1	1	0.01894710414782952	1	1	1	1	1	1	1
REACTOME_AQUAPORIN_MEDIATED_TRANSPORT	1	1	1	1	1	1	1	1	1	1	1	1	1	1	1	1	1	1	1	1	1	1	1	1	1	1	1	0.0033441694134976885	1	1	1	1	1	1	1	0.027977648075387718	1	1	1	1	1	1	1	1	1	1	1
REACTOME_ARACHIDONIC_ACID_METABOLISM	1	1	1	1	1	1	1	1	1	1	1	1	1	1	1	1	1	1	1	1	1	1	1	1	1	1	1	1	1	1	1	1	1	1	1	1	1	1	1	0.06246276617848068	1	1	1	1	1	1	1
REACTOME_ASPARAGINE_N_LINKED_GLYCOSYLATION	1	0.028020217148411963	1	1	1	1	1	1	1	1	1	1	1	1	1	1	1	1	1	1	1	1	1	1	1	0.06845356177373607	1	1	1	1	1	1	1	1	1	0.09278426935606732	1	1	1	1	1	1	1	1	0.03699437267603034	1	1
REACTOME_ASSEMBLY_AND_CELL_SURFACE_PRESENTATION_OF_NMDA_RECEPTORS	1	0.0006074119492066599	1	1	0.028456049912305437	1	1	1	1	1	1	1	1	1	1	1	1	1	1	1	1	1	1	1	1	1	1	1	1	1	1	1	1	1	1	1	1	1	1	1	1	1	1	0.009402697582923003	0.005056260389630474	0.026488078157798856	1
REACTOME_ASSEMBLY_OF_COLLAGEN_FIBRILS_AND_OTHER_MULTIMERIC_STRUCTURES	1	1	1	1	1	1	1	0.08896549808497678	1	1	1	1	1	1	1	1	1	1	1	1	1	1	1	1	1	1	1	1	1	1	1	1	1	1	1	1	1	1	1	1	1	1	1	1	1	1	1
REACTOME_AUTOPHAGY	1	1	1	1	1	1	1	1	1	1	1	1	1	1	1	1	1	1	1	1	1	1	1	1	1	1	1	1	1	1	1	1	1	1	1	1	1	1	1	1	1	1	1	0.09010348078644315	0.05157270231214728	1	1
REACTOME_A_TETRASACCHARIDE_LINKER_SEQUENCE_IS_REQUIRED_FOR_GAG_SYNTHESIS	1	1	1	1	1	1	1	1	1	1	1	1	1	1	1	1	1	1	1	1	1	1	1	1	1	1	1	1	1	1	1	1	1	1	1	0.004177378787011077	1	1	1	0.013724306604489311	1	1	1	1	1	1	1
REACTOME_BETA_CATENIN_INDEPENDENT_WNT_SIGNALING	0.020269145110864528	1	1	1	1	1	1	1	1	1	1	1	1	1	1	1	0.08841974068717995	1	1	1	1	1	1	1	1	1	1	1	1	1	1	1	1	1	1	1	1	1	1	1	1	1	1	1	1	1	1
REACTOME_BETA_DEFENSINS	1	1	1	1	1	1	1	1	1	1	1	1	1	1	1	1	1	1	1	1	1	1	1	1	1	1	1	1	1	1	1	1	1	1	1	1	1	1	1	0.033869455471041254	1	1	1	1	1	1	1
REACTOME_BIOLOGICAL_OXIDATIONS	1	1	1	1	1	1	1	1	1	1	0.07453109877481301	1	1	1	1	1	0.03928146661763943	1	1	1	1	0.014743061142898473	1	1	1	1	1	1	1	1	1	1	1	1	1	1	1	1	1	1	1	0.0358101374787444	1	1	1	1	0.01149670168020811
REACTOME_CA2_ACTIVATED_K_CHANNELS	1	1	1	1	1	1	1	1	1	1	1	1	1	1	1	1	1	1	1	1	1	1	1	1	1	1	1	1	1	1	1	1	1	1	1	2.965743023053413e-06	1	1	1	1	1	1	1	1	1	1	1
REACTOME_CA2_PATHWAY	1	1	1	1	1	1	1	1	1	1	1	1	1	1	1	1	1	1	1	1	1	1	1	1	1	1	1	1	1	1	1	1	1	1	1	0.04373128474550314	1	1	1	1	1	1	1	1	1	1	1
REACTOME_CARBOXYTERMINAL_POST_TRANSLATIONAL_MODIFICATIONS_OF_TUBULIN	1	0.01150416593139425	1	1	0.027266742826631885	1	1	1	1	1	1	1	1	1	1	1	0.009393228427991174	1	1	1	1	1	1	1	1	1	1	1	1	1	1	1	1	1	1	0.016959225534195488	0.005444682769180087	1	1	1	1	1	1	0.008994220329839542	0.004833715828953755	1	1
REACTOME_CARDIAC_CONDUCTION	1	0.001767846369577497	1	0.0039765239181747125	0.0489101016343958	1	0.05898883359446605	1.616095555834196e-05	1	1	1	1	1	1	1	1	1	1	1	0.03488828669558153	0.08236788697090258	1	3.815953333996536e-05	1	1	1	1	1	0.06745053651410671	1	1	1	1	0.003891411736243633	0.048343341382486416	0.007901901116589949	1	1	1	0.01481777514813809	1	1	1	1	1	0.00013504373997552666	1
REACTOME_CA_DEPENDENT_EVENTS	1	0.008608124830226993	1	1	1	1	1	1	1	1	1	1	1	1	0.0011374436726786508	1	1	1	1	1	1	1	1	1	1	1	1	1	1	1	1	1	1	1	1	1	1	1	1	1	1	1	1	1	1	1	1
REACTOME_CELLULAR_RESPONSES_TO_EXTERNAL_STIMULI	1	0.08122268756987971	1	1	1	1	1	1	1	1	1	1	1	1	1	1	1	1	1	1	1	1	1	1	1	1	1	1	1	1	1	1	1	1	1	1	1	1	1	1	1	1	1	1	1	1	1
REACTOME_CELL_CELL_COMMUNICATION	1	1	0.041672631450836994	0.03716856828675974	1	1	1	1	1	1	1	1	1	1	1	1	0.07244465124123012	1	1	1	0.07526431054591387	1	1	1	1	1	1	1	1	1	1	1	1	1	1	1	1	1	1	1	1	1	1	1	1	0.03902015874226272	1
REACTOME_CELL_CELL_JUNCTION_ORGANIZATION	1	1	0.011430055318026655	1	0.057759356672223205	1	1	1	1	1	1	1	1	1	1	1	0.020637056722648373	1	1	1	0.021507468714385025	1	1	1	1	1	1	1	1	1	1	1	1	1	1	1	1	1	1	1	1	1	1	1	1	0.05392846440805621	1
REACTOME_CELL_JUNCTION_ORGANIZATION	1	1	0.022060017914685703	0.01960297289518509	1	1	1	1	1	1	1	1	1	1	1	1	0.039202536149463896	1	1	1	0.04080235131822685	1	1	1	1	1	1	1	1	1	1	1	1	1	1	1	1	1	1	1	1	1	1	1	1	0.01597704975026648	1
REACTOME_CGMP_EFFECTS	1	1	1	1	1	1	1	0.007387369516512088	1	1	1	1	1	1	1	1	1	1	1	1	1	1	1	1	1	1	1	1	1	1	1	1	1	1	1	0.0009871375633390134	1	1	1	1	1	1	1	1	1	1	1
REACTOME_CHONDROITIN_SULFATE_BIOSYNTHESIS	1	1	1	1	1	1	1	1	1	1	1	1	1	1	1	1	1	1	1	1	1	1	1	1	1	1	1	1	1	1	1	1	1	1	1	0.02604467943709654	1	1	1	1	1	1	1	1	1	1	1
REACTOME_CHONDROITIN_SULFATE_DERMATAN_SULFATE_METABOLISM	1	1	1	1	1	1	1	1	1	1	1	1	1	1	1	1	1	1	1	1	1	1	1	1	1	1	1	1	1	1	1	1	1	1	1	0.025268307967378778	1	1	1	0.046520049857417756	1	1	1	1	1	1	1
REACTOME_CHYLOMICRON_ASSEMBLY	1	1	1	1	1	1	1	1	1	1	1	1	1	1	1	1	1	1	1	1	1	1	1	1	1	0.0004170857325466182	1	1	1	1	1	1	1	1	1	1	1	1	1	1	1	1	1	1	1	1	1
REACTOME_CHYLOMICRON_REMODELING	1	1	1	1	1	1	1	1	1	1	1	1	1	1	1	1	1	1	1	1	1	1	1	1	1	0.0004170857325466182	1	1	1	1	1	1	1	1	1	1	1	1	1	1	1	1	1	1	1	1	1
REACTOME_CILIUM_ASSEMBLY	1	1	1	1	1	1	1	1	1	1	1	1	1	1	1	1	1	1	1	1	1	1	1	1	1	1	1	1	1	1	1	1	1	1	1	1	0.09509009053982642	1	1	1	1	1	1	1	0.012642101618952295	1	1
REACTOME_CLASS_A_1_RHODOPSIN_LIKE_RECEPTORS_	0.0881445155793138	1	1	1	1	1	0.06875438788218147	0.05367716452337301	0.012778835416876078	0.08061808519215408	1	1	1	1	1	1	0.0008356321145234213	0.07769327203094023	1	1	1	1	1	0.04652512724381985	0.0733057938280911	0.018783294977087084	1	1	1	0.038220284395856896	1	1	1	1	1	0.009287572470269678	1	1	1	0.007720564261071594	1	0.0733057938280911	1	1	1	0.0006032942237053085	1
REACTOME_CLASS_B_2_SECRETIN_FAMILY_RECEPTORS_	1	1	1	1	1	1	1	1	1	1	1	1	1	1	1	1	1	1	1	0.08666158458756579	1	1	1	1	1	1	1	1	1	1	1	1	1	1	1	0.03133154514732328	1	1	1	1	1	1	1	1	1	1	1
REACTOME_CLASS_I_MHC_MEDIATED_ANTIGEN_PROCESSING_PRESENTATION	1	1	1	1	1	1	1	1	1	1	1	1	1	1	0.01304253790372012	1	1	1	1	1	1	1	1	0.05711572592214498	1	1	1	1	1	0.05076812097899397	1	1	1	1	1	1	1	1	1	1	1	1	1	1	1	1	1
REACTOME_CLATHRIN_MEDIATED_ENDOCYTOSIS	1	1	1	1	1	1	1	1	1	1	1	1	1	1	1	1	1	1	1	1	1	1	1	1	1	1	1	1	0.07443802853075443	1	1	1	1	1	1	1	1	1	1	1	1	1	1	1	1	1	1
REACTOME_COLLAGEN_DEGRADATION	1	1	1	1	1	1	1	0.09650178152211941	1	1	1	1	1	1	1	1	1	1	1	0.044118081805448184	1	1	1	1	1	1	1	1	1	1	1	1	1	0.03633362815000951	1	1	1	1	1	0.07200799278986458	1	1	1	1	1	1	1
REACTOME_COOPERATION_OF_PDCL_PHLP1_AND_TRIC_CCT_IN_G_PROTEIN_BETA_FOLDING	1	1	1	1	1	1	1	1	0.013657816810213497	1	1	1	1	1	1	1	1	1	1	1	1	1	1	1	1	1	1	1	1	1	1	1	1	1	1	0.015920989095599358	1	1	1	1	1	1	1	1	1	1	1
REACTOME_COOPERATION_OF_PREFOLDIN_AND_TRIC_CCT_IN_ACTIN_AND_TUBULIN_FOLDING	1	0.0068905135586813104	1	1	1	1	1	1	1	1	1	1	1	1	1	1	1	1	1	1	1	1	1	1	1	1	1	1	1	1	1	1	1	1	1	0.06508758256524527	1	1	1	1	1	1	1	0.005371122423880159	0.002869346305203968	1	1
REACTOME_COPI_DEPENDENT_GOLGI_TO_ER_RETROGRADE_TRAFFIC	1	0.0550463954805015	1	1	1	1	1	1	1	1	1	1	1	1	1	1	1	1	1	1	1	1	1	1	1	1	1	0.01189562337027339	1	1	1	1	1	1	1	1	1	1	1	1	1	1	1	0.004463081826325488	0.02432235972974861	1	1
REACTOME_COPI_INDEPENDENT_GOLGI_TO_ER_RETROGRADE_TRAFFIC	1	0.0171393104250831	1	1	1	1	1	1	1	1	1	1	1	1	1	1	1	1	1	1	1	1	1	1	1	1	1	1	1	1	1	1	1	1	1	1	1	1	1	1	1	1	1	0.013439700566762025	0.0072660090984321135	1	1
REACTOME_COPI_MEDIATED_ANTEROGRADE_TRANSPORT	1	0.05701117564801417	1	1	1	1	1	1	1	1	1	1	1	1	1	1	1	1	1	1	1	1	1	1	1	1	1	1	1	1	1	1	1	1	1	0.040447619782410626	1	1	1	1	1	1	1	0.045348442802795264	0.0018889808937017083	1	1
REACTOME_CREB1_PHOSPHORYLATION_THROUGH_NMDA_RECEPTOR_MEDIATED_ACTIVATION_OF_RAS_SIGNALING	1	1	1	1	1	1	1	1	1	1	1	1	1	1	1	1	1	1	1	1	1	1	1	1	1	1	1	1	1	1	1	1	1	1	1	1	1	1	1	1	1	1	1	1	1	0.011228213381673124	1
REACTOME_CS_DS_DEGRADATION	1	1	1	1	1	1	1	1	1	1	1	1	1	1	1	1	1	1	1	1	1	1	1	1	1	1	1	1	1	1	1	1	1	1	1	0.013106872141936177	1	1	1	1	1	1	1	1	1	1	1
REACTOME_CYTOKINE_SIGNALING_IN_IMMUNE_SYSTEM	1	1	1	1	1	1	1	1	1	1	1	1	1	1	1	0.07450012388668037	1	1	1	1	1	1	1	1	1	1	1	1	1	1	1	1	1	1	1	1	1	1	1	1	1	1	1	1	1	1	1
REACTOME_CYTOSOLIC_SULFONATION_OF_SMALL_MOLECULES	1	1	1	1	1	1	1	1	1	1	0.0010819339515143467	1	1	1	1	1	1	1	1	1	1	1	1	1	1	1	1	1	1	1	1	1	1	1	1	0.03661181593771179	1	1	1	1	1	1	1	1	1	0.0003404502710628865	1
REACTOME_C_TYPE_LECTIN_RECEPTORS_CLRS_	1	1	1	1	1	1	1	1	1	1	1	1	1	0.0022657487742551163	1	1	1	1	1	1	1	1	1	1	0.015294631024575733	1	1	1	1	1	1	1	1	1	1	1	1	1	1	1	1	1	1	1	1	0.04688995651917538	1
REACTOME_DAG_AND_IP3_SIGNALING	1	0.010497095316346239	1	1	1	1	1	1	1	1	1	1	1	1	0.001395940980350896	1	1	1	1	1	1	1	1	1	1	1	1	1	1	1	1	1	1	1	1	1	1	1	1	1	1	1	1	1	1	1	1
REACTOME_DECTIN_2_FAMILY	1	1	1	1	1	1	1	1	1	1	1	1	1	7.789603004448864e-05	1	1	1	1	1	1	1	1	1	1	0.0005600117386697079	1	1	1	1	1	1	1	1	1	1	1	1	1	1	1	1	1	1	1	1	0.0004337326881787007	1
REACTOME_DEFECTIVE_B4GALT7_CAUSES_EDS_PROGEROID_TYPE	1	1	1	1	1	1	1	1	1	1	1	1	1	1	1	1	1	1	1	1	1	1	1	1	1	1	1	1	1	1	1	1	1	1	1	0.0019362518054050204	1	1	1	0.008240989166384605	1	1	1	1	1	1	1
REACTOME_DEFECTIVE_C1GALT1C1_CAUSES_TN_POLYAGGLUTINATION_SYNDROME_TNPS_	1	1	1	1	1	1	1	1	1	1	1	1	1	3.267074131063641e-05	1	1	1	1	1	1	1	1	1	1	0.00023605367985390924	1	1	1	1	1	1	1	1	1	1	1	1	1	1	1	1	1	1	1	1	0.000117745720087159	1
REACTOME_DEFECTIVE_CHST14_CAUSES_EDS_MUSCULOCONTRACTURAL_TYPE	1	1	1	1	1	1	1	1	1	1	1	1	1	1	1	1	1	1	1	1	1	1	1	1	1	1	1	1	1	1	1	1	1	1	1	0.004238785990782867	1	1	1	1	1	1	1	1	1	1	1
REACTOME_DEFECTIVE_CHST3_CAUSES_SEDCJD	1	1	1	1	1	1	1	1	1	1	1	1	1	1	1	1	1	1	1	1	1	1	1	1	1	1	1	1	1	1	1	1	1	1	1	0.004238785990782867	1	1	1	1	1	1	1	1	1	1	1
REACTOME_DEFECTIVE_CHSY1_CAUSES_TPBS	1	1	1	1	1	1	1	1	1	1	1	1	1	1	1	1	1	1	1	1	1	1	1	1	1	1	1	1	1	1	1	1	1	1	1	0.004238785990782867	1	1	1	1	1	1	1	1	1	1	1
REACTOME_DEFECTIVE_GALNT3_CAUSES_FAMILIAL_HYPERPHOSPHATEMIC_TUMORAL_CALCINOSIS_HFTC_	1	1	1	1	1	1	1	1	1	1	1	1	1	2.8834397702959258e-05	1	1	1	1	1	1	1	1	1	1	0.00020845103899969075	1	1	1	1	1	1	1	1	1	1	1	1	1	1	1	1	1	1	1	1	9.736990488051767e-05	1
REACTOME_DEFENSINS	1	1	1	1	1	1	1	1	1	1	1	1	1	1	1	1	1	1	1	1	1	1	1	1	1	1	1	1	1	1	1	1	1	1	1	1	1	1	1	0.049915208060461236	1	1	1	1	1	1	1
REACTOME_DEGRADATION_OF_THE_EXTRACELLULAR_MATRIX	1	1	1	1	1	1	1	1	1	1	1	1	1	1	1	1	1	0.06707958239915568	1	1	0.08547408824935487	1	1	1	1	0.07004373931602981	1	1	1	1	1	1	1	0.028042917981642046	1	1	1	1	1	0.07240796230638091	1	1	1	0.07918479137759393	1	1	1
REACTOME_DERMATAN_SULFATE_BIOSYNTHESIS	1	1	1	1	1	1	1	1	1	1	1	1	1	1	1	1	1	1	1	1	1	1	1	1	1	1	1	1	1	1	1	1	1	1	1	0.008121133677209902	1	1	1	1	1	1	1	1	1	1	1
REACTOME_DEVELOPMENTAL_BIOLOGY	1	0.00890206986592279	1	1	1	1	1	0.04196691736244795	1	1	1	1	1	1	1	1	1	1	1	1	0.03981294253282952	1	0.019275824491236992	1	1	1	1	1	0.02123206320255777	1	1	1	1	1	1	0.04821552271702667	1	1	0.0028341711802519765	1	1	1	1	1	0.05157354159236016	1	1
REACTOME_DISEASE	1	0.03173582081807358	1	1	1	1	1	1	1	1	0.09552035888027399	1	1	1	1	1	1	1	1	1	1	0.06954572750703591	1	1	1	1	1	1	1	1	1	1	0.08271307933150629	1	1	1	1	1	1	1	1	1	1	1	1	1	1
REACTOME_DISEASES_ASSOCIATED_WITH_GLYCOSAMINOGLYCAN_METABOLISM	1	1	1	1	1	1	1	1	1	1	1	1	1	1	1	1	1	1	1	1	1	1	1	1	1	1	1	1	1	1	1	1	1	1	1	0.014919710758488414	1	1	1	0.0323993467323721	1	1	1	1	1	1	1
REACTOME_DISEASES_ASSOCIATED_WITH_O_GLYCOSYLATION_OF_PROTEINS	1	1	1	1	0.06254320296407923	1	1	1	1	1	1	0.009068827201833773	1	0.000540222167193849	1	1	1	1	1	1	1	1	1	1	0.0037944342659838037	1	1	1	0.018846846560344965	1	1	1	0.0009199418729520792	1	1	1	1	1	1	1	1	1	1	1	1	0.0006255958260196204	1
REACTOME_DISEASES_OF_GLYCOSYLATION	1	1	1	1	1	0.0031275924988631854	0.06360758872018013	1	1	0.017669174130734322	1	0.03666681627788071	1	0.002362452068216614	1	1	1	1	1	1	1	1	1	1	0.015921128191209166	1	1	1	0.07266964743581728	1	1	1	0.003992690995059056	1	1	1	0.0521884644955255	1	1	0.07609432755020851	1	1	1	1	1	0.009281422699237707	1
REACTOME_DISEASES_OF_METABOLISM	1	1	1	1	1	0.00899658658840019	1	1	1	0.04804653051902408	1	0.09533656518235945	1	0.006831008949202855	1	1	1	1	1	1	1	1	1	1	0.043512202287509294	1	1	1	1	1	1	1	0.011425748789560375	1	1	1	1	1	1	0.09009897632013864	1	1	1	1	1	0.013651251306468715	1
REACTOME_DISEASES_OF_MITOTIC_CELL_CYCLE	1	1	1	1	1	1	1	1	1	1	1	1	1	1	1	1	1	1	1	1	1	0.0032006366975698697	1	1	1	1	1	1	1	1	1	1	1	1	0.0038416445541495925	0.07579798811344851	1	1	1	1	1	1	1	1	1	0.018168008795412915	1
REACTOME_DOPAMINE_NEUROTRANSMITTER_RELEASE_CYCLE	1	8.589965279193201e-05	1	1	0.0003353399110980204	1	1	1	1	1	1	1	1	1	1	1	1	1	1	0.006348731176851419	1	1	1	1	1	1	1	1	1	0.0012267661249364403	1	1	1	1	1	0.033836884106374976	1	1	1	1	1	1	1	1	1	1	1
REACTOME_EFFECTS_OF_PIP2_HYDROLYSIS	1	1	1	1	1	1	0.0027076050460063117	1	1	1	1	1	1	1	1	1	1	1	1	1	1	1	1	1	1	1	1	1	1	1	1	1	1	1	1	1	1	1	1	1	1	1	1	1	1	1	1
REACTOME_ELEVATION_OF_CYTOSOLIC_CA2_LEVELS	1	1	1	1	1	1	0.0009443378270542757	1	1	1	1	1	1	1	1	1	1	1	1	1	1	1	1	1	1	1	1	1	1	1	1	1	1	1	1	1	1	1	1	0.005298746611501204	1	1	1	1	1	1	1
REACTOME_EPHB_MEDIATED_FORWARD_SIGNALING	1	1	1	1	1	1	1	1	1	1	1	1	1	1	1	1	1	1	1	1	1	1	1	1	1	1	1	1	1	1	1	1	1	1	1	1	1	1	1	1	1	1	1	1	1	0.024286231395741154	1
REACTOME_EPH_EPHRIN_SIGNALING	1	1	1	1	1	1	1	1	1	1	1	1	1	1	1	1	1	1	1	1	1	1	1	1	1	1	1	1	1	1	1	1	1	1	1	1	1	1	1	1	1	1	1	1	1	0.09841732248088086	1
REACTOME_ER_TO_GOLGI_ANTEROGRADE_TRANSPORT	1	1	1	1	1	1	1	1	1	1	1	1	1	1	1	1	1	1	1	1	1	1	1	1	1	1	1	1	1	1	1	1	1	1	1	0.04706626039330275	1	1	1	1	1	1	1	0.09418014154112753	0.006139494186688577	1	1
REACTOME_EXTRACELLULAR_MATRIX_ORGANIZATION	1	1	1	1	1	1	1	1	1	1	0.022925419367126998	1	1	1	1	1	0.08274167258338871	0.06249951554365407	1	1	0.08708968103310677	1	1	1	1	1	0.07523182190793487	1	1	1	1	1	1	0.013389872985134499	1	0.08801115650293634	1	1	1	0.017711446879799753	1	1	1	0.07849059470286746	1	1	1
REACTOME_EXTRA_NUCLEAR_ESTROGEN_SIGNALING	1	1	1	1	1	1	1	1	1	1	1	1	1	1	1	1	1	1	1	1	1	1	1	1	1	1	1	1	1	1	1	1	1	0.048406466585203534	1	0.06946769547373233	1	1	1	1	1	1	1	1	1	1	1
REACTOME_FACTORS_INVOLVED_IN_MEGAKARYOCYTE_DEVELOPMENT_AND_PLATELET_PRODUCTION	1	0.026454686794944338	1	1	1	1	1	1	1	1	1	1	1	1	1	1	1	1	1	1	1	1	1	1	1	1	1	0.03218499184325729	1	1	1	0.006935161034257509	1	1	1	1	1	1	1	1	1	1	1	0.002414470686239345	0.06359904579015652	1	1
REACTOME_FATTY_ACID_METABOLISM	1	1	1	1	1	1	1	1	1	1	1	1	1	1	1	1	1	1	1	1	1	0.06453677213420594	1	1	1	1	1	1	1	1	0.018969955956139817	1	1	1	1	1	1	1	1	1	1	1	1	1	1	1	1
REACTOME_FLT3_SIGNALING	1	1	1	1	1	1	1	1	1	1	1	1	1	1	1	1	1	1	1	1	1	1	1	1	1	1	1	1	1	1	1	1	1	1	1	1	1	1	1	1	1	1	1	1	1	0.08768205144516572	1
REACTOME_FORMATION_OF_TUBULIN_FOLDING_INTERMEDIATES_BY_CCT_TRIC	1	0.0043135236079302475	1	1	1	1	1	1	1	1	1	1	1	1	1	1	1	1	1	1	1	1	1	1	1	1	1	1	1	1	1	1	1	1	1	0.042412276790393943	1	1	1	1	1	1	1	0.003355328330538976	0.0017849527421140987	1	1
REACTOME_FOXO_MEDIATED_TRANSCRIPTION	1	1	1	1	1	1	1	1	1	1	1	1	1	1	1	1	1	1	1	1	0.02213098134589886	1	1	1	1	1	1	1	1	1	1	1	1	1	1	1	1	1	1	1	1	1	1	1	1	1	1
REACTOME_FRUCTOSE_METABOLISM	1	1	1	1	1	1	1	1	1	1	1	1	1	1	1	1	1	1	1	1	1	1	1	1	1	1	1	1	1	1	1	1	1	1	1	1	1	1	1	0.0009654820437723366	1	1	1	1	1	0.0006745036048193542	1
REACTOME_GABA_B_RECEPTOR_ACTIVATION	1	1	1	1	1	1	1	0.048206439158179015	0.014285428398792321	1	1	1	1	1	1	1	1	1	1	0.02119044539281889	1	1	0.0017117760312207464	1	1	1	1	0.0022981121965148787	1	1	1	1	1	0.017327042728668696	1	0.0020778365808964416	1	1	1	0.035365232717385786	1	1	1	0.008994220329839542	1	1	1
REACTOME_GABA_RECEPTOR_ACTIVATION	1	1	1	1	1	1	1	0.08649456416805379	0.002086482214761709	1	1	1	1	1	1	1	1	1	1	0.03925150519684906	1	1	0.003306777051610865	1	1	1	1	0.004428116899521384	1	1	1	1	1	0.03228201964923327	1	0.0009514455138444067	1	1	1	0.008173039573204033	1	1	1	0.017011038446787974	1	1	1
REACTOME_GABA_SYNTHESIS_RELEASE_REUPTAKE_AND_DEGRADATION	1	0.002308283407811418	1	1	1	1	1	1	1	1	1	1	1	1	1	1	1	1	1	1	1	1	1	1	1	1	1	1	1	1	1	1	1	1	1	0.02363383666638763	1	1	1	1	1	1	1	1	1	1	1
REACTOME_GAP_JUNCTION_ASSEMBLY	1	0.00906451326072899	1	1	1	1	1	1	1	1	1	1	1	1	1	1	1	1	1	1	1	1	1	1	1	1	1	1	1	1	1	1	1	1	1	0.08322625564950259	1	1	1	1	1	1	1	0.007076300869112706	0.0037916252370601145	1	1
REACTOME_GAP_JUNCTION_TRAFFICKING_AND_REGULATION	1	0.015934439492040653	1	1	1	1	1	1	1	1	1	1	1	1	1	1	1	1	1	1	1	1	1	1	1	1	1	1	1	1	1	1	1	1	1	1	1	1	1	1	1	1	1	0.012487515344530409	0.0067431917429247035	1	1
REACTOME_GLUCAGON_LIKE_PEPTIDE_1_GLP1_REGULATES_INSULIN_SECRETION	1	1	1	1	1	1	1	1	1	1	1	1	1	1	1	1	1	1	1	1	1	1	1	1	1	1	1	1	1	1	1	1	1	1	1	0.09870304113310457	1	1	1	1	1	1	1	1	1	1	1
REACTOME_GLUCAGON_SIGNALING_IN_METABOLIC_REGULATION	1	1	1	1	1	1	1	1	1	1	1	1	1	1	1	1	1	1	1	1	1	1	1	1	1	1	1	0.0013573653585146062	1	1	1	1	1	1	1	0.008218052602136927	1	1	1	1	1	1	1	1	1	1	1
REACTOME_GLUCAGON_TYPE_LIGAND_RECEPTORS	1	1	1	1	1	1	1	1	1	1	1	1	1	1	1	1	1	1	1	1	1	1	1	1	1	1	1	1	1	1	1	1	1	1	1	0.008218052602136927	1	1	1	1	1	1	1	1	1	1	1
REACTOME_GLUTAMATE_NEUROTRANSMITTER_RELEASE_CYCLE	1	0.0036809075849243422	1	1	1	1	1	1	1	1	1	1	1	1	1	1	1	1	1	1	1	1	1	1	1	1	1	1	1	1	1	1	1	1	1	0.03661181593771179	1	1	1	1	1	1	1	1	1	1	1
REACTOME_GLUTATHIONE_CONJUGATION	1	1	1	1	1	1	1	1	1	1	1	1	1	1	1	1	1	1	1	1	1	0.0032006366975698697	1	1	1	1	1	1	1	1	1	1	1	1	1	1	1	1	1	1	1	1	1	1	1	1	1
REACTOME_GOLGI_TO_ER_RETROGRADE_TRANSPORT	1	0.0914674634294903	1	1	1	1	1	1	1	1	1	1	1	1	1	1	1	1	1	1	1	1	1	1	1	1	1	0.020696909231209926	1	1	1	1	1	1	1	1	1	1	1	1	1	1	1	0.010005809966029622	0.04161851995730892	1	1
REACTOME_GPCR_LIGAND_BINDING	1	1	1	1	1	1	1	0.036044968934289656	0.0032785768845335905	0.027366150423295932	1	1	1	1	1	1	0.000892877272862802	1	1	0.09432467115086218	1	1	1	0.08462527558143629	0.003092196982665052	0.054561600528525434	1	0.04026918181092409	1	0.019896694087786604	1	1	1	1	1	0.0022601081258035727	1	1	1	0.014460175325055946	1	0.02364669145096321	1	1	1	0.0050429307712387406	1
REACTOME_G_ALPHA_I_SIGNALLING_EVENTS	0.021900984874092533	0.017787175941428757	0.017412635147952327	0.06765246074042941	1	0.023052440916910277	1	0.0017021371744659897	0.0002773043505320816	1	0.04808285568682058	0.052675050019257985	1	1	0.001865053939886674	1	0.047779497352989364	0.001243473033748388	1	0.004974557562024473	1	1	0.019037920557509302	1	0.01639604707881226	0.0014197503135903178	0.0028138893933123965	0.028291433235394625	1	0.06246428513943303	1	1	1	1	1	0.005200872056440264	1	1	1	1	1	0.01639604707881226	1	1	1	0.08249923842455165	1
REACTOME_G_ALPHA_Q_SIGNALLING_EVENTS	1	1	1	1	1	1	0.02395230973782081	0.008605653205117081	0.01319760014502147	1	1	0.01047638860015776	1	1	1	1	0.037093575346838104	1	1	1	1	1	1	1	1	1	1	1	1	1	1	1	1	1	1	0.0017141246235463647	1	1	1	0.0037645503079647424	1	8.073979813616461e-06	1	0.035030769490502545	1	0.035894966391093686	1
REACTOME_G_ALPHA_S_SIGNALLING_EVENTS	1	1	1	1	1	1	1	1	1	1	1	1	1	1	1	1	1	1	1	1	1	1	1	1	1	1	1	0.05942035407060964	1	1	1	1	1	1	1	1	1	1	1	1	1	1	1	1	1	1	1
REACTOME_G_ALPHA_Z_SIGNALLING_EVENTS	1	0.014199121112809188	0.0063646864335900055	1	1	1	1	0.007055821733166656	0.017605843196603077	1	1	1	1	1	0.0019094513538648883	1	1	1	1	0.026032632199888828	1	1	1	1	1	1	1	0.0028563016842200195	1	1	1	1	1	1	1	0.003119774646475504	1	1	1	1	1	0.0019094513538648883	1	1	1	1	1
REACTOME_G_BETA_GAMMA_SIGNALLING_THROUGH_CDC42	1	1	1	1	1	1	1	1	1	1	1	1	1	1	1	1	1	1	1	1	1	1	1	1	1	1	1	1	1	1	1	1	1	1	1	0.02604467943709654	1	1	1	1	1	1	1	1	1	1	1
REACTOME_G_BETA_GAMMA_SIGNALLING_THROUGH_PI3KGAMMA	1	1	1	1	1	1	1	1	1	1	1	1	1	1	1	1	1	1	1	1	1	1	1	1	1	1	1	1	1	1	1	1	1	1	1	0.003729695124573551	1	1	1	1	1	1	1	1	1	1	1
REACTOME_G_PROTEIN_ACTIVATION	1	1	1	1	1	1	1	1	1	1	1	1	1	1	1	1	1	1	1	1	1	1	1	1	1	1	1	1	1	1	1	1	1	1	1	0.005167158506854674	1	1	1	1	1	1	1	1	1	1	1
REACTOME_G_PROTEIN_BETA_GAMMA_SIGNALLING	1	1	1	1	1	1	1	1	1	1	1	1	1	1	1	1	1	1	1	1	1	1	1	1	1	1	1	1	1	1	1	1	1	1	1	0.007540044964479242	1	1	1	1	1	1	1	1	1	1	1
REACTOME_G_PROTEIN_MEDIATED_EVENTS	1	0.01775590981311037	1	1	1	1	1	1	1	1	1	1	1	1	0.002410663542813163	1	1	1	1	1	1	1	1	1	1	1	1	1	1	1	1	1	1	1	1	1	1	1	1	1	1	1	1	1	1	1	1
REACTOME_HCMV_EARLY_EVENTS	1	0.09612572187009438	1	1	1	1	1	1	1	1	1	1	1	1	1	1	1	1	1	1	1	1	1	1	1	1	1	1	1	1	1	1	1	1	1	1	1	1	1	1	1	1	1	0.07724811069921567	0.043887833940031706	1	1
REACTOME_HCMV_INFECTION	1	1	1	1	1	1	1	1	1	1	1	1	1	1	1	1	1	1	1	1	1	1	1	1	1	1	1	1	1	1	1	1	1	1	1	1	1	1	1	1	1	1	1	1	0.05842568851028984	1	1
REACTOME_HDL_REMODELING	1	1	1	1	1	1	1	1	1	1	1	1	1	1	1	1	1	1	1	1	1	1	1	1	1	0.0004170857325466182	1	1	1	1	1	1	1	1	1	1	1	1	1	1	1	1	1	1	1	1	1
REACTOME_HEDGEHOG_OFF_STATE	1	0.06824195085122442	1	1	1	1	1	1	1	1	0.022184269595308836	1	1	1	1	1	1	1	1	1	1	1	1	1	1	1	1	0.015010113896068211	1	1	1	1	1	1	1	1	1	1	1	1	1	1	1	0.05445310870429321	0.030494870888665315	1	1
REACTOME_HEMOSTASIS	1	0.013348119245583767	1	1	1	1	1	1	1	1	1	1	1	1	1	1	1	1	0.011864642626149724	1	1	1	1	1	1	1	1	1	1	1	1	0.09020292337871538	1	1	1	1	1	1	1	1	1	1	1	0.024042330041211257	1	1	1
REACTOME_HEPARAN_SULFATE_HEPARIN_HS_GAG_METABOLISM	1	1	1	1	1	1	1	1	1	1	1	1	1	1	1	1	1	1	1	1	1	1	1	1	1	1	1	1	1	1	1	1	1	1	1	0.03231973921920206	1	1	1	0.0551698325884854	1	1	1	1	1	1	1
REACTOME_HIGHLY_CALCIUM_PERMEABLE_NICOTINIC_ACETYLCHOLINE_RECEPTORS	1	1	1	1	1	1	1	1	1	1	6.361828350787135e-07	1	1	1	1	1	1	1	1	1	1	1	1	1	1	1	1	1	1	1	1	1	1	1	1	1	1	1	1	1	1	1	1	1	1	1	1
REACTOME_HIGHLY_CALCIUM_PERMEABLE_POSTSYNAPTIC_NICOTINIC_ACETYLCHOLINE_RECEPTORS	1	1	1	1	1	1	1	1	1	1	1.2462220002618096e-06	1	1	1	1	1	1	1	1	1	1	1	1	1	1	1	1	1	1	1	1	1	1	1	1	1	1	1	1	1	1	1	1	1	1	1	1
REACTOME_HIGHLY_SODIUM_PERMEABLE_POSTSYNAPTIC_ACETYLCHOLINE_NICOTINIC_RECEPTORS	1	1	1	1	1	1	1	1	1	1	8.41064654157897e-05	1	1	1	1	1	1	1	1	1	1	1	1	1	1	1	1	1	1	1	1	1	1	1	1	1	1	1	1	1	1	1	1	1	1	1	1
REACTOME_HSP90_CHAPERONE_CYCLE_FOR_STEROID_HORMONE_RECEPTORS_SHR_	1	0.019661440298885613	1	1	1	1	1	1	1	1	1	1	1	1	1	1	1	1	1	1	1	1	1	1	1	1	1	1	1	1	1	1	1	1	1	1	1	1	1	1	1	1	1	0.0154356431042324	0.008364952764878475	1	1
REACTOME_INCRETIN_SYNTHESIS_SECRETION_AND_INACTIVATION	1	1	1	1	1	1	1	0.015006480108937681	1	1	0.0009930243138187578	1	1	1	1	1	1	1	1	0.006348731176851419	0.0028698357173775335	1	1	1	1	1	1	1	1	1	1	1	1	1	1	8.547869579378364e-06	1	1	1	0.0005081910226828468	1	1	1	1	1	1	1
REACTOME_INFECTIOUS_DISEASE	1	1	1	1	1	1	1	1	1	1	0.09727730846282734	1	1	1	1	1	1	1	1	1	1	1	1	1	1	1	1	0.05230272421656801	1	1	1	1	1	1	1	1	1	1	1	1	1	1	1	1	1	1	1
REACTOME_INNATE_IMMUNE_SYSTEM	1	1	1	1	1	1	1	1	1	1	1	1	0.024317401307772046	1	1	1	1	1	1	1	1	1	1	1	0.014348399737382778	1	1	1	1	1	1	1	0.03422526571579598	1	1	1	1	1	1	1	1	1	1	1	1	1	0.04589088181776091
REACTOME_INSULIN_PROCESSING	1	0.004647376190749175	1	1	1	1	1	6.437241713364017e-05	1	1	1	1	1	1	1	1	1	1	1	0.0003656327524622638	0.003946365021720855	1	1	1	1	1	1	1	1	1	1	1	1	1	1	0.00034576132539110294	1	1	1	0.0008227649312362306	1	1	1	0.0036161044873718184	1	1	1
REACTOME_INTEGRATION_OF_ENERGY_METABOLISM	1	0.06305028898521581	1	1	0.003979776600586349	1	1	1	1	1	0.020383055089420954	1	1	1	0.0003976272291247307	1	1	0.04229944076451764	1	1	1	1	1	1	1	1	1	0.013774411233923867	1	0.024863939825513603	1	1	1	0.09145734442570164	1	8.977911237662006e-06	1	1	1	1	1	1	1	0.050238566751637403	1	1	1
REACTOME_INTERACTION_BETWEEN_L1_AND_ANKYRINS	1	1	1	1	1	1	1	0.0020275240478946355	1	1	1	1	1	1	1	1	1	1	1	1	1	1	1	1	1	1	1	1	1	1	1	1	1	1	1	0.0005959744605561479	1	1	1	1	1	1	1	1	1	0.013659886117248221	1
REACTOME_INTERFERON_ALPHA_BETA_SIGNALING	1	0.029605847007075248	1	1	1	1	1	1	1	1	1	1	1	1	1	6.48083775178776e-05	0.024340314861944323	1	1	1	1	1	1	1	1	1	1	1	1	1	1	1	1	1	1	1	1	1	1	1	1	1	1	0.023338549876537273	1	1	1
REACTOME_INTERFERON_SIGNALING	1	0.04144695191937786	1	1	1	1	1	1	1	1	1	1	1	1	1	0.001423248085484885	1	1	1	1	1	1	1	1	1	1	1	1	1	1	1	1	1	1	1	1	1	1	1	1	1	1	0.011740520789246034	1	1	1	1
REACTOME_INTRACELLULAR_SIGNALING_BY_SECOND_MESSENGERS	1	1	1	1	1	1	1	1	1	1	1	1	1	1	0.007639401764625187	1	1	1	1	1	1	1	1	1	1	1	1	1	1	1	1	1	1	1	1	1	1	1	1	1	1	1	1	1	1	1	1
REACTOME_INTRAFLAGELLAR_TRANSPORT	1	0.01775590981311037	1	1	1	1	1	1	1	1	1	1	1	1	1	1	1	1	1	1	1	1	1	1	1	1	1	1	1	1	1	1	1	1	1	1	1	1	1	1	1	1	1	0.013927320603712934	0.0075341140264997275	1	1
REACTOME_INTRA_GOLGI_AND_RETROGRADE_GOLGI_TO_ER_TRAFFIC	1	1	1	1	1	1	1	1	1	1	0.06427221856150744	1	1	1	1	1	1	1	1	1	1	0.0818530083825213	1	1	1	1	1	0.04445041162863239	1	1	1	1	1	1	1	1	0.09588587463921194	1	1	1	1	1	1	0.02992724569958638	0.08645582104113747	1	1
REACTOME_INWARDLY_RECTIFYING_K_CHANNELS	1	1	1	1	1	1	1	0.033125198585711946	1	1	1	1	1	1	1	1	1	1	1	1	1	1	1	1	0.001017827003822136	1	1	1	1	1	1	1	1	1	1	0.0009535127939402921	1	1	1	1	1	1	1	0.0060271976501822255	1	1	1
REACTOME_ION_CHANNEL_TRANSPORT	1	0.005108599377822598	1	0.008994932952825385	1	1	0.015725806622325367	0.0642553831683198	0.04313223808930966	1	1	0.05766920253833652	1	1	1	1	1	1	1	0.01564512766232007	1	1	1	1	1	1	1	1	1	1	1	1	1	1	0.0811199750659366	1	1	1	1	1	1	1	1	1	1	1	1
REACTOME_ION_HOMEOSTASIS	1	0.01775590981311037	1	1	1	1	1	1	1	1	1	1	1	1	1	1	1	1	1	1	1	1	1	1	1	1	1	1	1	1	1	1	1	1	1	1	1	1	1	1	1	1	1	1	1	0.038623614857141275	1
REACTOME_KINESINS	1	0.022329357257518945	1	1	1	1	1	1	1	1	1	1	1	1	1	1	1	1	1	1	1	1	1	1	1	1	1	0.004573615801967912	1	1	1	1	1	1	1	0.04199286061637031	1	1	1	1	1	1	1	0.001087226702023214	0.009533822090556199	1	1
REACTOME_L1CAM_INTERACTIONS	0.014219405853571399	0.0107709100620903	1	1	1	1	1	0.07688727139332996	1	0.012873930591044469	1	1	1	1	1	1	1	1	1	1	1	1	0.012873930591044469	1	1	0.05420636872384077	1	1	0.05420636872384077	1	1	1	1	1	1	0.0008637347690968467	0.038642848348886205	1	1	1	1	1	1	0.06144664993256499	0.0030710361618881965	1	1
REACTOME_LEISHMANIA_INFECTION	1	1	1	1	1	1	1	1	1	1	1	1	1	1	1	1	0.0859517632339325	1	1	1	1	1	1	1	1	1	1	0.013712512769949003	1	1	1	1	1	1	1	1	1	1	1	0.060236403877690914	1	1	1	1	1	1	1
REACTOME_LGI_ADAM_INTERACTIONS	1	1	1	1	1	1	1	1	1	1	1	1	1	1	1	1	1	1	1	1	1	1	1	1	1	1	1	1	1	1	1	1	1	1	1	0.013106872141936177	1	1	1	1	1	1	1	1	1	1	1
REACTOME_LONG_TERM_POTENTIATION	1	1	1	1	1	1	1	1	1	1	1	1	1	1	1	1	1	1	1	1	1	1	1	1	1	1	1	1	1	1	1	1	1	1	1	1	1	1	1	1	1	1	1	1	1	0.007655867500916513	1
REACTOME_LTC4_CYSLTR_MEDIATED_IL4_PRODUCTION	1	1	1	1	1	1	1	1	1	1	1	1	1	1	1	1	1	1	1	1	1	1	1	1	1	1	1	1	1	1	1	1	1	1	1	1	1	1	1	0.0009654820437723366	1	1	1	1	1	1	1
REACTOME_MAPK6_MAPK4_SIGNALING	1	1	1	1	1	1	1	1	1	1	1	1	1	1	1	1	1	1	1	1	1	1	1	1	1	1	1	1	1	1	1	1	1	1	1	1	1	1	1	1	1	1	1	1	0.021241862955266422	1	1
REACTOME_MAPK_FAMILY_SIGNALING_CASCADES	1	1	1	1	1	1	1	1	1	1	1	1	1	1	1	1	1	1	1	1	1	1	1	1	1	1	1	1	1	1	1	1	1	1	1	1	1	1	1	1	1	1	1	1	0.0440253784793625	1	1
REACTOME_METABOLISM_OF_ANGIOTENSINOGEN_TO_ANGIOTENSINS	1	1	1	1	1	1	1	1	1	1	1	1	1	1	1	1	1	1	1	1	1	1	1	1	1	1	1	1	1	1	1	1	1	1	1	0.0014119154108227505	1	1	1	1	1	1	0.0007980182214839537	1	1	1	1
REACTOME_METABOLISM_OF_CARBOHYDRATES	1	1	1	1	1	1	1	1	1	1	1	1	1	1	1	1	1	1	1	1	1	1	1	1	1	1	0.07179032717658573	1	1	1	1	1	1	1	1	1	1	1	1	1	1	1	1	1	1	0.08852479620684184	1
REACTOME_METABOLISM_OF_FAT_SOLUBLE_VITAMINS	1	1	1	1	1	1	1	0.05866589130217825	1	1	0.004290158172440051	1	1	1	1	1	1	1	1	0.026032632199888828	1	1	0.0021291519357375943	1	1	0.0004367676916180452	7.148480996033157e-07	1	1	1	1	1	1	1	1	1	1	1	1	1	1	1	1	1	1	1	1
REACTOME_METABOLISM_OF_LIPIDS	1	1	1	1	1	1	1	1	1	1	1	1	1	1	1	1	1	1	1	1	1	0.09268880367292076	1	1	1	0.07716884325560092	1	1	1	1	1	1	1	1	1	1	1	1	1	1	1	1	1	1	1	1	1
REACTOME_METABOLISM_OF_VITAMINS_AND_COFACTORS	1	1	1	0.009675932315832192	1	1	1	1	1	1	0.05666540828750066	1	1	1	1	1	0.026415356468775575	1	1	0.07630633435998135	1	1	0.029730222084437763	1	1	0.0027273914453481707	7.436542770022925e-06	1	1	0.06831402229882899	1	1	1	1	1	1	1	1	1	1	1	1	1	1	1	1	1
REACTOME_METABOLISM_OF_WATER_SOLUBLE_VITAMINS_AND_COFACTORS	1	1	1	1	1	1	1	1	1	1	1	1	1	1	1	1	1	1	1	1	1	1	1	1	1	1	1	1	1	0.03161815346370478	1	1	1	1	1	1	1	1	1	1	1	1	1	1	1	1	1
REACTOME_MHC_CLASS_II_ANTIGEN_PRESENTATION	1	0.08236546885728602	1	1	1	1	1	1	1	1	1	1	1	1	1	1	1	1	1	1	1	1	1	1	1	1	1	1	1	1	1	1	1	1	1	1	1	1	1	1	1	1	1	0.008461059317633746	0.03722089177792576	1	1
REACTOME_MITOCHONDRIAL_FATTY_ACID_BETA_OXIDATION	1	1	1	1	1	1	1	1	1	1	1	1	1	1	1	1	1	1	1	1	1	1	1	1	1	1	1	1	1	1	0.0008952683335987643	1	1	1	1	1	1	1	1	1	1	1	1	1	1	1	1
REACTOME_MITOTIC_G2_G2_M_PHASES	1	1	1	1	1	1	1	1	1	1	1	1	1	1	1	1	1	1	1	1	1	1	1	1	1	1	1	1	1	1	1	1	1	1	1	1	0.0935044920244823	1	1	1	1	1	1	1	0.08428489869823186	1	1
REACTOME_MITOTIC_METAPHASE_AND_ANAPHASE	1	0.05989985661257646	1	1	1	1	1	1	1	1	1	0.08885600139359506	1	1	1	1	1	1	1	1	1	1	1	1	1	1	1	1	1	1	1	1	1	1	1	1	1	1	1	1	1	1	1	1	1	1	1
REACTOME_MITOTIC_PROMETAPHASE	1	1	1	1	1	1	1	1	1	1	1	0.06853551541391578	1	1	1	1	1	1	1	1	1	1	1	1	1	1	1	1	1	1	1	1	1	1	1	1	0.09588587463921194	1	1	1	1	1	1	1	0.08645582104113747	1	1
REACTOME_MUSCLE_CONTRACTION	1	0.0010341298119882492	0.09266155884060767	0.012054659360280051	1	1	1	4.578384652909051e-05	0.05619064114137151	1	0.06538622930017723	1	1	1	1	1	1	1	1	0.022304914694063926	1	1	0.00018245526231808196	1	1	1	1	1	1	1	1	1	1	0.015641810220355046	0.015513079560464549	0.004563880174866641	1	1	1	0.013633470917007617	1	1	1	1	0.08791266706083145	2.2544623579312528e-05	1
REACTOME_NCAM1_INTERACTIONS	1	1	1	1	1	1	1	0.0003736092485276954	1	1	1	1	1	1	1	1	1	1	1	1	1	1	1	1	1	1	1	1	0.007494294814639035	1	1	1	1	1	1	0.09870304113310457	1	1	1	0.033869455471041254	1	1	1	1	1	1	1
REACTOME_NCAM_SIGNALING_FOR_NEURITE_OUT_GROWTH	1	1	1	1	1	1	1	0.0017432874159510892	1	1	1	1	1	1	1	1	1	1	1	1	1	1	1	1	1	1	1	1	0.016316133505897112	1	1	1	1	1	1	0.045505229080534226	1	1	1	0.07006263835552295	1	1	1	1	1	1	1
REACTOME_NEDDYLATION	1	1	1	1	1	1	1	1	1	1	1	1	1	1	1	1	1	1	1	1	1	1	1	1	1	1	1	1	1	0.09852540974101576	1	1	1	1	1	1	1	1	1	1	1	1	1	1	1	1	1
REACTOME_NEGATIVE_REGULATION_OF_NMDA_RECEPTOR_MEDIATED_NEURONAL_TRANSMISSION	1	1	1	1	1	1	1	1	1	1	1	1	1	1	1	1	1	1	1	1	1	1	1	1	1	1	1	1	1	1	1	1	1	1	1	1	1	1	1	1	1	1	1	1	1	0.006402063985100792	1
REACTOME_NEGATIVE_REGULATION_OF_TCF_DEPENDENT_SIGNALING_BY_WNT_LIGAND_ANTAGONISTS	1	1	1	1	1	1	1	1	1	1	1	1	1	1	1	1	1	1	1	1	1	0.0005500694150705199	1	1	1	1	1	1	1	1	1	1	1	1	1	1	1	1	1	1	1	1	1	1	1	1	1
REACTOME_NERVOUS_SYSTEM_DEVELOPMENT	1	0.02161798086565181	1	1	1	1	1	0.0027521840231012895	0.0986786341682484	1	1	1	1	1	1	1	1	1	1	1	0.050206652647388994	1	0.00844591471282341	1	1	0.03274801037152009	1	1	0.00851108715634219	1	1	1	0.05654026127361167	1	1	0.006813263764165689	1	1	0.004006015566732746	1	1	1	1	1	0.050132806748902414	1	1
REACTOME_NETRIN_1_SIGNALING	1	1	1	1	1	1	0.00906451326018709	1	1	1	1	1	1	1	1	1	1	1	1	1	0.01309115334842359	1	1	1	1	1	1	1	1	1	1	1	1	1	1	1	1	1	1	0.046520049857417756	1	1	1	1	1	1	1
REACTOME_NEUREXINS_AND_NEUROLIGINS	1	0.019017051138449648	1	1	0.004555566850940385	1	1	0.07683018758518023	1	1	1	1	1	1	1	1	1	1	1	1	1	1	1	1	1	1	1	1	1	1	1	1	1	0.028423958573673413	1	0.005446863098049981	1	1	1	0.006752601352708609	1	1	1	1	1	1	1
REACTOME_NEURONAL_SYSTEM	0.02291013422789212	2.8529444207059385e-07	0.0818130907977378	0.002462320556948061	0.00015937589760006698	1	1	2.9359228883918398e-05	0.007583337997984052	1	1.070606002961938e-06	0.054935427336101794	1	1	0.001986595081819198	1	0.012429709525315413	1	0.001986595081819198	0.005457961532768341	1	0.07047714314126119	0.01992282508245946	0.06848514522759297	0.01716479476167021	1	1	4.235260077045666e-05	1	0.0021183648839128155	0.08674576737412809	0.00016609643322329504	1	1.9022177020766584e-05	1	3.59316021381062e-10	0.08775707931166665	1	1	0.0005110215823068698	0.08674576737412809	1	0.014875788176630267	0.0022507588539133483	0.07605121381080726	0.08727833190293321	1
REACTOME_NEUROTOXICITY_OF_CLOSTRIDIUM_TOXINS	1	3.762622591274578e-08	1	1	1	1	1	6.133237925365354e-05	1	1	1	1	1	1	1	1	1	1	1	0.0011798375932634553	1	1	1	1	1	1	1	1	1	1	1	1	1	1	1	4.89414333859628e-06	1	1	1	1	1	1	1	1	1	1	1
REACTOME_NEUROTRANSMITTER_RECEPTORS_AND_POSTSYNAPTIC_SIGNAL_TRANSMISSION	0.003464155278580461	0.0010341298119882492	1	1	1	1	1	0.026517949577255284	0.011062966499517102	1	2.942863285282371e-06	0.06971677416593658	1	1	0.03119874134703471	1	0.03251062586827036	1	1	1	1	1	0.034518789931191174	1	0.03119874134703471	1	1	0.004574166673734004	1	0.011011978964676983	1	0.009953007635610023	1	0.07174665882686204	1	0.0011935768423482207	1	1	1	1	1	1	0.08324013470366509	0.00057148929021833	0.013152149415684877	1	1
REACTOME_NEUROTRANSMITTER_RELEASE_CYCLE	1	0.0009374764035859906	1	1	0.0034964152084568934	1	1	1	1	1	1	1	1	1	1	1	1	1	1	0.029132648790221594	1	1	1	1	1	1	1	1	1	0.005943060898585983	1	1	1	1	1	1	1	1	1	1	1	1	1	1	1	1	1
REACTOME_NEUTROPHIL_DEGRANULATION	1	1	1	1	1	1	1	1	1	1	1	1	1	1	1	1	1	1	1	1	1	1	1	1	1	1	1	1	1	0.09370775761537797	1	1	1	1	1	1	1	1	1	1	1	1	1	1	1	1	1
REACTOME_NGF_STIMULATED_TRANSCRIPTION	1	1	1	1	0.0016153878849909376	1	1	1	1	1	1	1	1	1	1	1	1	1	1	1	1	1	1	1	0.0012634923300749445	1	1	1	1	1	1	1	1	0.014390029695224515	1	0.013027455006914601	1	1	1	0.0001446398994822129	1	1	1	1	1	1	1
REACTOME_NITRIC_OXIDE_STIMULATES_GUANYLATE_CYCLASE	1	1	1	1	1	1	1	0.013774411232345685	1	1	1	1	1	1	1	1	1	1	1	1	1	1	1	1	1	1	1	1	1	1	1	1	1	1	1	0.002567590868371439	1	1	1	1	1	1	1	1	1	1	1
REACTOME_NOREPINEPHRINE_NEUROTRANSMITTER_RELEASE_CYCLE	1	0.0020703066628334765	1	1	1	1	1	1	1	1	1	1	1	1	1	1	1	1	1	1	1	1	1	1	1	1	1	1	1	1	1	1	1	1	1	0.021320922882226645	1	1	1	1	1	1	1	1	1	1	1
REACTOME_NOTCH2_ACTIVATION_AND_TRANSMISSION_OF_SIGNAL_TO_THE_NUCLEUS	1	1	1	1	1	1	1	1	1	1	1	1	1	1	1	1	1	1	1	1	1	1	1	1	1	1	1	1	0.0020910910989424547	1	1	1	1	1	1	1	1	1	1	1	1	1	1	1	1	1	1
REACTOME_NUCLEAR_ENVELOPE_NE_REASSEMBLY	1	0.033552068653958544	1	1	1	1	1	1	1	1	1	1	1	1	1	1	1	1	1	1	1	1	1	1	1	1	1	1	1	1	1	1	1	1	1	1	1	1	1	1	1	1	1	0.026488078157697492	0.014516734829475908	1	1
REACTOME_NUCLEAR_EVENTS_KINASE_AND_TRANSCRIPTION_FACTOR_ACTIVATION_	1	1	1	1	0.005789671406503993	1	1	1	1	1	1	1	1	1	1	1	1	1	1	1	1	1	1	1	0.0030654612440605966	1	1	1	1	1	1	1	1	0.03327710562901054	1	0.04199286061637031	1	1	1	0.0008176039494803833	1	1	1	1	1	1	1
REACTOME_N_GLYCAN_ANTENNAE_ELONGATION_IN_THE_MEDIAL_TRANS_GOLGI	1	0.0043135236079302475	1	1	0.010476106058204815	1	1	0.018973276276742945	1	1	1	1	1	1	1	1	1	1	1	1	1	1	1	1	1	0.002918988170874215	1	1	1	1	1	1	1	1	1	1	1	1	1	1	1	1	1	1	1	1	1
REACTOME_ONCOGENIC_MAPK_SIGNALING	1	0.038542555098459275	1	1	1	1	1	1	1	1	1	1	1	1	1	1	1	1	1	1	1	1	1	1	1	1	1	1	1	1	1	1	1	1	1	1	1	1	1	1	1	1	1	1	1	0.08094936974738953	1
REACTOME_OPIOID_SIGNALLING	1	0.04560572565028753	1	1	1	1	1	1	1	1	1	1	1	1	0.006553851712742476	1	1	1	1	1	1	1	1	1	1	1	1	0.009721775956286871	1	1	1	1	1	1	1	0.02727883769382744	1	1	1	1	1	1	1	1	1	1	1
REACTOME_ORGANELLE_BIOGENESIS_AND_MAINTENANCE	1	1	1	1	1	1	1	1	1	1	1	1	1	1	1	1	1	1	1	1	1	1	1	1	1	1	1	1	1	1	1	1	1	1	1	1	1	1	1	1	1	1	1	1	0.03430160605038923	1	1
REACTOME_OTHER_INTERLEUKIN_SIGNALING	1	0.0036809075849243422	1	1	1	1	1	1	1	1	1	1	1	1	1	1	1	1	1	1	1	1	1	1	1	1	1	1	1	1	1	1	1	1	1	0.03661181593771179	1	1	1	1	1	1	1	1	1	1	1
REACTOME_O_LINKED_GLYCOSYLATION	1	1	1	1	1	1	1	1	1	1	1	0.022981310700489588	1	0.0014321093824570807	1	1	1	1	1	1	1	1	1	1	0.009822862100739682	1	1	1	0.04646984504818641	1	1	1	0.0024281749047048162	1	1	1	1	1	1	1	1	1	1	1	1	0.003819570132792105	1
REACTOME_O_LINKED_GLYCOSYLATION_OF_MUCINS	1	1	1	1	1	1	1	1	1	1	1	1	1	0.0004491273857583078	1	1	1	1	1	1	1	1	1	1	0.003165089624798778	1	1	1	1	1	1	1	1	1	1	1	1	1	1	1	1	1	1	1	1	0.005439443811582123	1
REACTOME_PCP_CE_PATHWAY	0.008416501833397483	1	1	1	1	1	1	1	1	1	1	1	1	1	1	1	1	1	1	1	1	1	1	1	1	1	1	1	1	1	1	1	1	1	1	1	1	1	1	1	1	1	1	1	1	1	1
REACTOME_PEPTIDE_HORMONE_METABOLISM	1	0.04560572565028753	0.001442892617659508	0.018809791102496698	1	1	1	8.638456541310013e-06	1	0.007292591955857741	0.0007967245642129805	1	1	1	1	1	1	0.03033224587107708	1	7.2149379097830035e-06	0.003766387151561079	1	1	1	1	0.03174874408712203	1	1	1	1	1	1	1	0.06683420320001754	1	1.299624852180159e-09	1	1	1	2.753714142489372e-06	1	1	0.001200497149750901	0.0033183948572415023	1	0.0948425930709147	1
REACTOME_PEPTIDE_LIGAND_BINDING_RECEPTORS	0.03530963681284138	1	1	1	1	1	0.018834632121409678	0.00556810945725128	0.009660393029473302	0.03208829291496018	1	1	1	1	1	1	0.029378053709977925	1	1	1	1	1	1	0.017927745218654145	0.02899066003355666	0.0031665279855052075	1	1	1	0.07342013762474842	1	1	1	1	1	0.0035915718413084274	1	1	1	0.0023873775460729885	1	0.02899066003355666	1	1	1	0.00013586641346330364	1
REACTOME_PHASE_0_RAPID_DEPOLARISATION	1	1	1	1	0.02609825458002879	1	0.00646380642890787	2.234795189959282e-05	1	1	1	1	1	1	1	1	1	1	1	1	0.009364846710742558	1	0.0016335586071970498	1	1	1	1	1	0.007494294814639035	1	1	1	1	0.016570700928665638	1	0.00017796213713261455	1	1	1	0.033869455471041254	1	1	1	1	1	9.62720535478967e-05	1
REACTOME_PHASE_2_PLATEAU_PHASE	1	1	1	1	0.009707635585234353	1	1	0.0010750514430530878	1	1	1	1	1	1	1	1	1	1	1	1	0.0033879277767154825	1	1	1	1	1	1	1	1	1	1	1	1	0.006076367584898379	1	0.003729695124573551	1	1	1	0.012725129122945211	1	1	1	1	1	1	1
REACTOME_PHASE_4_RESTING_MEMBRANE_POTENTIAL	1	0.002308283407811418	1	0.0008905986681657652	1	1	1	0.010360346924500496	1	1	1	1	1	1	1	1	1	1	1	1	1	1	0.0003309008751254394	1	1	1	1	1	1	1	1	1	1	0.003526786195253595	1	1	1	1	1	1	1	1	1	1	1	1	1
REACTOME_PHASE_II_CONJUGATION_OF_COMPOUNDS	1	1	1	1	1	1	1	1	1	1	0.020738114251395823	1	1	1	1	1	0.006044476683646716	0.04300904078423984	1	1	0.055290262620628194	0.00208160567364446	1	1	1	1	1	1	1	1	1	1	1	0.09289459979302261	1	1	1	1	1	1	1	1	1	1	1	0.024926284418224087	1
REACTOME_PLASMA_LIPOPROTEIN_ASSEMBLY	1	1	1	1	1	1	1	1	1	1	1	1	1	1	1	1	1	1	1	1	1	1	1	1	1	0.0015571047372257008	1	1	1	1	1	1	1	1	1	1	1	1	1	1	1	1	1	1	1	1	1
REACTOME_PLASMA_LIPOPROTEIN_ASSEMBLY_REMODELING_AND_CLEARANCE	1	1	1	1	1	1	1	1	1	1	1	1	1	1	1	1	1	1	1	0.05313737112483197	1	1	1	1	1	0.020439741875291517	1	1	1	1	1	1	1	1	1	1	1	1	1	1	1	1	1	1	1	1	1
REACTOME_PLASMA_LIPOPROTEIN_CLEARANCE	1	1	1	1	1	1	1	1	1	1	1	1	1	1	1	1	1	1	1	0.012811952079655575	1	1	1	1	1	1	1	1	1	1	1	1	1	1	1	1	1	1	1	1	1	1	1	1	1	1	1
REACTOME_PLASMA_LIPOPROTEIN_REMODELING	1	1	1	1	1	1	1	1	1	1	1	1	1	1	1	1	1	1	1	0.012075887349957015	1	1	1	1	1	0.004402685190196598	1	1	1	1	1	1	1	1	1	1	1	1	1	1	1	1	1	1	1	1	1
REACTOME_PLATELET_ACTIVATION_SIGNALING_AND_AGGREGATION	1	1	1	1	1	1	1	1	0.09887200373288119	1	1	1	1	1	1	1	1	1	0.04840839222515547	1	1	1	0.05341409371499872	1	1	1	0.05859405007032026	1	1	1	1	1	1	1	1	1	1	1	1	1	1	1	1	1	1	1	1
REACTOME_PLATELET_CALCIUM_HOMEOSTASIS	1	1	1	1	1	1	0.002910602021111486	0.021835273917937492	1	1	1	1	1	1	1	1	1	1	1	1	1	1	1	1	1	1	1	1	1	1	1	1	1	1	1	1	1	1	1	0.01582100775815598	1	1	1	1	1	1	1
REACTOME_PLATELET_HOMEOSTASIS	1	1	1	1	1	1	0.025349081895769787	0.005385244856242366	1	1	1	1	1	1	1	1	1	1	0.00600040734399554	1	1	1	1	1	1	1	1	1	1	1	1	1	1	1	1	0.004664985336700678	1	1	1	1	1	1	1	0.03326783887485518	1	0.087812079665464	1
REACTOME_POST_CHAPERONIN_TUBULIN_FOLDING_PATHWAY	1	0.0033823244039722367	1	1	1	1	1	1	1	1	1	1	1	1	1	1	1	1	1	1	1	1	1	1	1	1	1	1	1	1	1	1	1	1	1	0.033836884106374976	1	1	1	1	1	1	1	0.0026286139047972945	0.0013958354106169413	1	1
REACTOME_POST_TRANSLATIONAL_MODIFICATION_SYNTHESIS_OF_GPI_ANCHORED_PROTEINS	1	1	1	1	1	1	1	1	1	1	1	1	1	1	1	1	1	1	1	1	0.04242034210272394	1	1	1	1	1	1	1	1	1	1	1	1	1	1	1	1	1	1	1	1	1	1	1	1	1	1
REACTOME_POST_TRANSLATIONAL_PROTEIN_MODIFICATION	1	1	1	1	1	1	1	1	1	0.04757318209469252	1	1	1	1	1	1	1	1	1	1	1	1	1	1	1	1	1	1	1	1	1	1	1	1	1	1	1	1	1	1	1	1	1	1	1	1	1
REACTOME_POTASSIUM_CHANNELS	1	0.006936208354211049	0.0272163044056406	9.361133867835658e-05	0.023802572656619447	1	0.03533960328673791	0.00019627378445330468	0.07078006909578316	1	1	1	1	1	1	1	0.005164688997785327	1	0.008506594824694513	0.01667256657867555	1	1	0.009459317130732448	0.005163230821970011	0.008506594824694513	1	1	0.0006381984343066804	1	0.02276324108579808	1	0.0026057313694637374	1	0.00011938563986568784	1	6.990518641725174e-08	0.028772499925866724	1	1	0.03421491714755265	1	1	1	0.004847554161026224	1	1	1
REACTOME_PRESYNAPTIC_DEPOLARIZATION_AND_CALCIUM_CHANNEL_OPENING	1	1	1	1	1	1	1	0.003477372793026734	1	1	1	1	1	1	1	1	1	1	1	1	1	1	1	1	1	1	1	1	1	1	1	1	1	1	1	0.008121133677209902	1	1	1	1	1	1	1	1	1	1	1
REACTOME_PRESYNAPTIC_FUNCTION_OF_KAINATE_RECEPTORS	1	1	1	1	1	1	1	1	1	1	1	1	1	1	1	1	1	1	1	1	1	1	1	1	1	1	1	1	1	1	1	1	1	1	1	0.028550634092998628	1	1	1	1	1	1	1	1	1	1	1
REACTOME_PROSTACYCLIN_SIGNALLING_THROUGH_PROSTACYCLIN_RECEPTOR	1	1	1	1	1	1	1	1	1	1	1	1	1	1	1	1	1	1	1	1	1	1	1	1	1	1	1	1	1	1	1	1	1	1	1	0.02363383666638763	1	1	1	1	1	1	1	1	1	1	1
REACTOME_PROTEIN_FOLDING	1	0.00675199632083856	1	1	1	1	1	1	0.06958988018378698	1	1	1	1	1	1	1	0.047223898963286604	1	1	1	1	1	1	1	1	1	1	0.01235383322683925	1	1	1	1	1	1	1	0.009500513247271969	1	1	1	1	1	1	1	0.004717246416379384	0.025234373671632282	1	1
REACTOME_PROTEIN_PROTEIN_INTERACTIONS_AT_SYNAPSES	1	0.04290402115122327	1	1	0.0018167848755618055	1	1	1	1	1	1	1	1	1	1	1	1	1	1	1	1	1	1	1	1	1	1	1	1	1	1	1	1	0.06298316671832005	1	0.024457654138333118	1	1	1	0.02217129050242006	1	1	1	1	1	0.08955441317839541	1
REACTOME_RAS_ACTIVATION_UPON_CA2_INFLUX_THROUGH_NMDA_RECEPTOR	1	1	1	1	1	1	1	1	1	1	1	1	1	1	1	1	1	1	1	1	1	1	1	1	1	1	1	1	1	1	1	1	1	1	1	1	1	1	1	1	1	1	1	1	1	0.005813916076151671	1
REACTOME_RECRUITMENT_OF_NUMA_TO_MITOTIC_CENTROSOMES	1	0.05024446250060921	1	1	1	1	1	1	1	1	1	1	1	1	1	1	1	1	1	1	1	1	1	1	1	1	1	1	1	1	1	1	1	1	1	1	0.024770286346018966	1	1	1	1	1	1	0.03988547644997209	0.022104079858587977	1	1
REACTOME_RECYCLING_PATHWAY_OF_L1	1	0.01476785758490684	1	1	0.03470500702744861	1	1	1	1	1	1	1	1	1	1	1	1	1	1	1	1	1	1	1	1	1	1	1	1	1	1	1	1	1	1	1	1	1	1	1	1	1	1	0.011566433116078412	0.0062383769344684925	1	1
REACTOME_REGULATION_OF_BETA_CELL_DEVELOPMENT	1	1	1	1	1	1	1	1	1	1	1	1	1	1	1	1	1	1	1	1	0.009364846710742558	1	1	1	1	1	1	1	1	1	1	1	1	1	1	1	1	1	1	0.033869455471041254	1	1	1	1	1	1	1
REACTOME_REGULATION_OF_GENE_EXPRESSION_IN_BETA_CELLS	1	1	1	1	1	1	1	1	1	1	1	1	1	1	1	1	1	1	1	1	0.002392656267470983	1	1	1	1	1	1	1	1	1	1	1	1	1	1	1	1	1	1	0.009067885697153	1	1	1	1	1	1	1
REACTOME_REGULATION_OF_INSULIN_LIKE_GROWTH_FACTOR_IGF_TRANSPORT_AND_UPTAKE_BY_INSULIN_LIKE_GROWTH_FACTOR_BINDING_PROTEINS_IGFBPS_	1	0.08013696942437054	1	1	1	1	1	1	0.09721120056109545	1	1	1	1	1	1	1	1	0.0062078885740327605	1	0.0040081189285446905	1	1	0.01348835602222409	1	1	0.006652628680566597	1	1	1	1	1	1	1	0.020478274947091535	1	0.02061676171437743	1	1	1	0.05419089088474316	1	1	1	1	1	0.03465358133233143	1
REACTOME_REGULATION_OF_INSULIN_SECRETION	1	0.035185283521583344	1	1	0.0012124743730612675	1	1	1	1	1	1	1	1	1	0.004961899976342776	1	1	0.023265745444769004	1	1	1	1	1	1	1	1	1	1	1	0.013476688503275325	1	1	1	1	1	6.13866882059888e-06	1	1	1	1	1	1	1	0.02779365104158138	1	1	1
REACTOME_REGULATION_OF_LIPID_METABOLISM_BY_PPARALPHA	1	1	1	1	1	1	1	1	1	1	1	1	1	1	1	1	1	0.0503467879152687	1	1	1	1	1	1	1	0.0526242130897161	1	1	1	1	1	1	1	1	1	1	1	1	1	1	1	1	1	1	1	1	1
REACTOME_REGULATION_OF_SIGNALING_BY_NODAL	1	1	1	1	1	1	1	1	1	1	1	1	1	1	1	1	1	1	1	0.0014371570891985597	1	1	1	1	1	1	1	1	1	1	1	1	1	1	1	1	1	1	1	1	1	1	1	1	1	1	1
REACTOME_REGULATION_OF_TP53_ACTIVITY	1	1	1	1	1	1	1	1	1	1	1	1	1	1	1	1	1	1	1	1	1	1	1	1	1	1	1	1	0.08812973227998067	1	1	1	1	1	1	1	1	1	1	1	1	1	1	1	1	1	1
REACTOME_REPRODUCTION	1	1	1	1	1	1	1	1	1	1	1	1	1	1	1	1	1	1	1	1	0.09072958273964271	1	1	1	1	1	1	1	1	1	1	1	1	1	1	1	0.05349409630236879	1	1	1	1	1	1	1	1	1	1
REACTOME_RESOLUTION_OF_SISTER_CHROMATID_COHESION	1	0.08236546885728602	1	1	1	1	1	1	1	1	1	0.0290729289129944	1	1	1	1	1	1	1	1	1	1	1	1	1	1	1	1	1	1	1	1	1	1	1	1	1	1	1	1	1	1	1	0.06596634246788868	0.03722089177792576	1	1
REACTOME_RESPONSE_TO_ELEVATED_PLATELET_CYTOSOLIC_CA2_	1	0.08916456335395762	1	1	1	1	1	1	1	1	1	1	1	1	1	1	1	1	1	1	1	1	1	1	1	1	1	1	1	1	1	1	1	1	1	1	1	1	1	1	1	1	1	1	1	1	1
REACTOME_RET_SIGNALING	1	1	1	1	1	1	1	0.0003089031124485775	1	1	1	1	1	1	1	1	1	1	1	1	1	1	1	1	1	1	1	1	1	1	1	1	1	1	1	0.09086633973323188	1	1	1	1	1	1	1	1	1	1	1
REACTOME_RHO_GTPASES_ACTIVATE_FORMINS	1	0.09848031492334008	1	1	1	1	1	1	1	1	1	0.035275825869905075	1	1	1	1	1	1	1	1	1	1	1	1	1	1	1	1	1	1	1	1	1	1	1	1	1	1	1	1	1	1	1	0.07918479137759393	0.04503965549766076	1	1
REACTOME_RHO_GTPASES_ACTIVATE_IQGAPS	1	0.006488523006037972	1	1	1	1	1	1	1	1	1	1	1	1	1	1	1	1	1	1	1	1	1	1	1	1	1	1	1	1	1	1	1	1	1	0.061640944373992035	1	1	1	1	1	1	1	0.005056260389496137	0.0026995214487510744	1	1
REACTOME_RHO_GTPASE_EFFECTORS	1	1	1	1	1	1	1	1	1	1	1	1	1	1	1	1	1	1	1	1	1	1	1	1	1	1	1	1	1	1	1	1	1	1	1	1	1	1	1	1	1	1	1	0.09302120001626335	1	1	1
REACTOME_ROLE_OF_SECOND_MESSENGERS_IN_NETRIN_1_SIGNALING	1	1	1	1	1	1	0.00035800874031644003	1	1	1	1	1	1	1	1	1	1	1	1	1	1	1	1	1	1	1	1	1	1	1	1	1	1	1	1	1	1	1	1	1	1	1	1	1	1	1	1
REACTOME_RUNX2_REGULATES_GENES_INVOLVED_IN_CELL_MIGRATION	1	1	1	1	1	1	1	1	1	1	1	1	1	1	1	1	1	1	1	1	1	1	1	1	1	1	1	1	1	1	1	1	1	1	1	0.004238785990782867	1	1	1	1	1	1	1	1	1	1	1
REACTOME_SEALING_OF_THE_NUCLEAR_ENVELOPE_NE_BY_ESCRT_III	1	0.006488523006037972	1	1	1	1	1	1	1	1	1	1	1	1	1	1	1	1	1	1	1	1	1	1	1	1	1	1	1	1	1	1	1	1	1	0.061640944373992035	1	1	1	1	1	1	1	0.005056260389496137	0.0026995214487510744	1	1
REACTOME_SELECTIVE_AUTOPHAGY	1	0.038542555098459275	1	1	1	1	1	1	1	1	1	1	1	1	1	1	1	1	1	1	1	1	1	1	1	1	1	1	1	1	1	1	1	1	1	1	1	1	1	1	1	1	1	0.030481123235864382	0.016764169051289413	1	1
REACTOME_SEPARATION_OF_SISTER_CHROMATIDS	1	0.035586023288038504	1	1	1	1	1	1	1	1	1	0.06159582796838492	1	1	1	1	1	1	1	1	1	0.07369074626899086	1	1	1	1	1	1	1	1	1	1	1	1	1	1	1	1	1	1	1	1	1	1	0.0778787010565769	1	1
REACTOME_SEROTONIN_NEUROTRANSMITTER_RELEASE_CYCLE	1	4.0110691102768214e-05	1	1	0.00508667978032451	1	1	1	1	1	1	1	1	1	1	1	1	1	1	0.0039045517352715997	1	1	1	1	1	1	1	1	1	1	1	1	1	1	1	0.021320922882226645	1	1	1	1	1	1	1	1	1	1	1
REACTOME_SIALIC_ACID_METABOLISM	1	1	1	1	1	1	1	0.02970616627719136	1	1	1	1	1	1	1	1	1	1	1	1	1	1	1	1	1	1	1	1	1	1	1	1	1	1	1	0.06508758256524527	1	1	1	1	1	1	1	1	1	1	1
REACTOME_SIGNALING_BY_BRAF_AND_RAF_FUSIONS	1	0.02513827932353574	1	1	1	1	1	1	1	1	1	1	1	1	1	1	1	1	1	1	1	1	1	1	1	1	1	1	1	1	1	1	1	1	1	1	1	1	1	1	1	1	1	1	1	0.05392846440805621	1
REACTOME_SIGNALING_BY_ERBB4	1	1	1	1	1	1	1	1	0.025114905089688833	1	1	1	1	1	1	1	1	1	1	1	1	1	1	1	1	1	1	1	1	1	1	1	1	1	1	1	1	1	1	1	1	1	1	1	1	1	1
REACTOME_SIGNALING_BY_GPCR	1	1	0.07025942430481413	1	1	1	1	0.031100135072788748	0.003496116594498	1	1	1	1	1	0.07144238712633033	1	0.04468266609321958	0.06274210579755235	1	0.08708428744881158	1	1	0.08433635050153532	1	0.07144238712633033	0.027135369342969007	0.028573799008126066	1	1	1	1	1	1	1	1	0.014066078670754933	1	1	1	1	1	0.0006025553107400494	1	1	1	0.0757546057468168	1
REACTOME_SIGNALING_BY_HEDGEHOG	1	1	1	1	1	1	1	1	1	1	0.03741076424262757	1	1	1	1	1	1	1	1	1	1	1	1	1	1	1	1	0.0018911105901241454	1	1	1	1	1	1	1	1	1	1	1	1	1	1	1	0.08909288917985991	0.050965257927473084	1	1
REACTOME_SIGNALING_BY_NODAL	1	1	1	1	1	1	1	1	1	1	1	1	1	1	1	1	1	1	1	0.004816220488979672	1	1	1	1	1	1	1	1	1	1	1	1	1	1	1	1	1	1	1	1	1	1	1	1	1	1	1
REACTOME_SIGNALING_BY_NOTCH2	1	1	1	1	1	1	1	1	1	1	1	1	1	1	1	1	1	1	1	1	1	1	1	1	1	1	1	1	0.004677548439370183	1	1	1	1	1	1	1	1	1	1	1	1	1	1	1	1	1	1
REACTOME_SIGNALING_BY_NTRKS	1	1	1	1	0.008486777379654975	1	1	1	1	1	1	1	1	1	1	1	1	1	1	1	1	1	0.01562723962284651	1	0.014074938246866786	1	1	1	1	0.03698051133324587	1	1	1	1	1	1	1	1	1	0.002316524568238165	1	1	1	1	1	1	1
REACTOME_SIGNALING_BY_PDGF	1	1	1	1	1	1	0.012056283447517746	1	1	1	1	1	1	1	1	1	1	1	1	1	1	1	1	1	1	1	1	1	1	1	1	1	1	1	1	0.03699286020710457	0.009729549032033935	1	1	1	1	1	1	1	1	1	1
REACTOME_SIGNALING_BY_RECEPTOR_TYROSINE_KINASES	1	1	1	1	1	1	1	1	0.01944761176270271	1	1	1	1	1	1	1	1	1	1	1	1	1	1	1	0.029469444435407777	1	1	1	1	1	1	1	1	0.08745029805736315	1	1	1	1	1	1	1	1	1	1	1	1	1
REACTOME_SIGNALING_BY_WNT	0.08860140935491478	1	1	1	1	1	1	1	1	1	1	1	1	1	1	1	1	1	1	1	1	1	1	1	1	1	1	1	1	1	1	1	1	1	1	1	1	1	1	1	1	1	1	1	1	1	1
REACTOME_SIGNAL_AMPLIFICATION	1	1	1	1	1	1	1	1	1	1	1	1	1	1	1	1	1	1	1	1	1	1	1	1	1	1	1	1	1	1	1	1	1	1	1	0.06508758256524527	1	1	1	1	1	1	1	1	1	1	1
REACTOME_SLC_MEDIATED_TRANSMEMBRANE_TRANSPORT	1	0.06872110185817659	1	1	1	1	1	1	1	1	1	1	1	1	1	1	1	1	1	1	1	1	1	1	1	1	1	1	1	1	1	1	1	1	1	1	1	1	1	1	1	1	1	1	1	1	1
REACTOME_STIMULI_SENSING_CHANNELS	1	0.06202902625863804	1	0.02598680318536739	1	1	0.0035562816149675713	0.01149031483478502	0.0756071914410803	1	1	0.021458772729100906	1	1	1	1	1	1	1	1	1	1	1	1	1	1	1	1	1	1	1	1	1	1	1	1	1	1	1	1	1	1	1	1	1	1	1
REACTOME_STRIATED_MUSCLE_CONTRACTION	1	1	1	1	1	1	1	1	1	1	0.0024325646054552674	1	1	1	1	1	1	1	1	1	1	1	1	1	1	1	1	1	1	1	1	1	1	1	1	1	1	1	1	1	1	1	1	1	1	1	1
REACTOME_SURFACTANT_METABOLISM	1	1	1	1	1	1	1	1	1	1	1	1	1	1	1	1	1	1	1	1	1	1	1	1	1	1	1	1	1	1	1	1	1	1	1	0.054945880572680794	1	1	1	0.001125093401991184	1	1	1	1	1	1	1
REACTOME_SYNAPTIC_ADHESION_LIKE_MOLECULES	1	1	1	1	1	1	1	1	1	1	1	1	1	1	1	1	1	1	1	1	1	1	1	1	1	1	1	1	1	1	1	1	1	1	1	1	1	1	1	1	1	1	1	1	1	0.006402063985100792	1
REACTOME_SYNTHESIS_OF_LEUKOTRIENES_LT_AND_EOXINS_EX_	1	1	1	1	1	1	1	1	1	1	1	1	1	1	1	1	1	1	1	1	1	1	1	1	1	1	1	1	1	1	1	1	1	1	1	1	1	1	1	0.009067885697153	1	1	1	1	1	1	1
REACTOME_SYNTHESIS_OF_SUBSTRATES_IN_N_GLYCAN_BIOSYTHESIS	1	1	1	1	1	1	1	0.0939696033429771	1	1	1	1	1	1	1	1	1	1	1	1	1	1	1	1	1	1	1	1	1	1	1	1	1	1	1	1	1	1	1	1	1	1	1	1	1	1	1
REACTOME_SYNTHESIS_SECRETION_AND_DEACYLATION_OF_GHRELIN	1	1	1	1	1	1	1	1	1	1	1	1	1	1	1	1	1	1	1	1	1	1	1	1	1	1	1	1	1	1	1	1	1	1	1	0.0016611556321654009	1	1	1	0.00028366167041715684	1	1	1	1	1	1	1
REACTOME_SYNTHESIS_SECRETION_AND_INACTIVATION_OF_GLUCAGON_LIKE_PEPTIDE_1_GLP_1_	1	1	1	1	1	1	1	1	1	1	1	1	1	1	1	1	1	1	1	1	0.0021695876046927687	1	1	1	1	1	1	1	1	1	1	1	1	1	1	0.0019362518054050204	1	1	1	0.008240989166384605	1	1	1	1	1	1	1
REACTOME_SYNTHESIS_SECRETION_AND_INACTIVATION_OF_GLUCOSE_DEPENDENT_INSULINOTROPIC_POLYPEPTIDE_GIP_	1	1	1	1	1	1	1	0.004879179344078777	1	1	0.00031003727516754065	1	1	1	1	1	1	1	1	0.002024423912777795	0.0009046119010518439	1	1	1	1	1	1	1	1	1	1	1	1	1	1	3.6222492472148815e-07	1	1	1	8.627080771916873e-05	1	1	1	1	1	1	1
REACTOME_TANDEM_PORE_DOMAIN_POTASSIUM_CHANNELS	1	1	1	1	1	1	1	1	1	1	1	1	1	1	1	1	1	1	1	1	1	1	1	1	1	1	1	1	1	1	1	1	1	0.0013903269943082996	1	1	1	1	1	1	1	1	1	1	1	1	1
REACTOME_TERMINATION_OF_O_GLYCAN_BIOSYNTHESIS	1	1	1	1	1	1	1	1	1	1	1	1	1	6.068508708600984e-05	1	1	1	1	1	1	1	1	1	1	0.00043700545120617384	1	1	1	1	1	1	1	1	1	1	1	1	1	1	1	1	1	1	1	1	0.00029912970479273326	1
REACTOME_THE_ROLE_OF_GTSE1_IN_G2_M_PROGRESSION_AFTER_G2_CHECKPOINT	1	0.03601334644700638	1	1	1	1	1	1	1	1	1	1	1	1	1	1	1	1	1	1	1	1	1	1	1	1	1	1	1	1	1	1	1	1	1	1	1	1	1	1	1	1	1	0.028456049909672654	0.015622836978336219	1	1
REACTOME_THROMBIN_SIGNALLING_THROUGH_PROTEINASE_ACTIVATED_RECEPTORS_PARS_	1	1	1	1	1	1	1	1	1	1	1	1	1	1	1	1	1	1	1	1	1	1	1	1	1	1	1	1	1	1	1	1	1	1	1	0.061640944373992035	1	1	1	1	1	1	1	1	1	1	1
REACTOME_THROMBOXANE_SIGNALLING_THROUGH_TP_RECEPTOR	1	1	1	1	1	1	1	1	1	1	1	1	1	1	1	1	1	1	1	1	1	1	1	1	1	1	1	1	1	1	1	1	1	1	1	0.03661181593771179	1	1	1	1	1	1	1	1	1	1	1
REACTOME_TIGHT_JUNCTION_INTERACTIONS	1	1	0.0025243320081623777	1	1	1	1	1	1	1	1	1	1	1	1	1	0.004653752648854481	1	1	1	1	1	1	1	1	1	1	1	1	1	1	1	1	1	1	1	1	1	1	1	1	1	1	1	1	1	1
REACTOME_TOXICITY_OF_BOTULINUM_TOXIN_TYPE_D_BONT_D_	1	1	1	1	1	1	1	0.0006528789054996986	1	1	1	1	1	1	1	1	1	1	1	1	1	1	1	1	1	1	1	1	1	1	1	1	1	1	1	0.0015521937906259886	1	1	1	1	1	1	1	1	1	1	1
REACTOME_TP53_REGULATES_METABOLIC_GENES	1	1	1	1	1	1	1	1	1	1	1	1	1	1	1	1	1	1	1	1	1	1	1	1	1	1	1	1	1	1	1	1	1	0.061717065369157664	1	1	1	1	1	1	1	1	1	1	1	1	1
REACTOME_TRAFFICKING_OF_AMPA_RECEPTORS	1	0.0060976697517783895	1	1	1	1	1	1	1	1	1	1	1	1	1	1	1	1	1	1	1	1	1	1	1	1	1	1	1	1	1	1	1	1	1	1	1	1	1	1	1	1	1	1	1	1	1
REACTOME_TRANSLOCATION_OF_SLC2A4_GLUT4_TO_THE_PLASMA_MEMBRANE	1	0.03037918099167025	1	1	1	1	1	1	1	1	1	1	1	1	1	1	1	1	1	1	1	1	1	1	1	1	1	1	1	1	1	1	1	1	1	1	1	1	1	1	1	1	1	0.023955185512614996	0.013097670825523822	1	1
REACTOME_TRANSMISSION_ACROSS_CHEMICAL_SYNAPSES	0.007383954663083947	6.863452101324441e-06	1	1	0.07763865961206662	1	1	0.0065635135301936876	0.027093337654688243	1	8.466526609796077e-07	1	1	1	0.005446311038729279	1	0.06351593439473102	1	0.051099970841190445	0.013195622307167976	1	1	0.05636218373190416	1	0.051099970841190445	1	1	0.009680639957532988	1	0.003046768522654286	1	0.016718926420814073	1	0.03747622320588828	1	3.7527816260096714e-05	1	1	1	0.038236086374274336	1	1	0.024714535477541322	0.0019219384418458496	0.026870596254067736	1	1
REACTOME_TRANSPORT_OF_BILE_SALTS_AND_ORGANIC_ACIDS_METAL_IONS_AND_AMINE_COMPOUNDS	1	0.04201741967287975	1	1	1	1	1	1	1	1	1	1	1	1	1	1	1	1	1	1	1	1	1	1	1	1	1	1	1	1	1	1	1	1	1	1	1	1	1	1	1	1	1	1	1	1	1
REACTOME_TRANSPORT_OF_CONNEXONS_TO_THE_PLASMA_MEMBRANE	1	0.0028210620914318474	1	1	1	1	1	1	1	1	1	1	1	1	1	1	1	1	1	1	1	1	1	1	1	1	1	1	1	1	1	1	1	1	1	0.028550634092998628	1	1	1	1	1	1	1	0.002191103872805744	0.0011621093397282678	1	1
REACTOME_TRANSPORT_OF_SMALL_MOLECULES	1	0.01919527722655212	1	1	1	1	1	1	1	1	1	1	1	1	0.07376971573416613	1	1	1	1	0.03570483080244835	1	1	0.018411336620795304	1	1	1	1	1	1	1	1	1	1	1	1	1	1	1	1	1	1	1	1	1	1	1	1
REACTOME_TRANSPORT_TO_THE_GOLGI_AND_SUBSEQUENT_MODIFICATION	1	0.005306865303028485	1	1	0.025311526137655083	1	1	1	1	1	1	1	1	1	1	1	1	1	1	1	1	1	1	1	1	0.019833522940107207	1	1	1	1	1	1	1	1	1	0.030932188254454873	1	1	1	1	1	1	1	1	0.010117786837842924	1	1
REACTOME_TRP_CHANNELS	1	1	1	0.0019429532894986723	1	1	0.002910602021111486	1	0.006227636740243181	1	1	1	1	1	1	1	1	1	1	1	1	1	1	1	1	1	1	1	1	1	1	1	1	1	1	1	1	1	1	1	1	1	1	1	1	1	1
REACTOME_UNBLOCKING_OF_NMDA_RECEPTORS_GLUTAMATE_BINDING_AND_ACTIVATION	1	1	1	1	1	1	1	1	1	1	1	1	1	1	1	1	1	1	1	1	1	1	1	1	1	1	1	1	1	1	1	1	1	1	1	1	1	1	1	1	1	1	1	1	1	0.006402063985100792	1
REACTOME_UPTAKE_AND_ACTIONS_OF_BACTERIAL_TOXINS	1	4.036889494796192e-06	1	1	1	1	1	0.0016678469101978344	1	1	1	1	1	1	1	1	1	1	1	0.009984693619634388	1	1	1	1	1	1	1	1	1	1	1	1	1	1	1	0.0004588050783006503	1	1	1	1	1	1	1	1	1	1	1
REACTOME_VASOPRESSIN_REGULATES_RENAL_WATER_HOMEOSTASIS_VIA_AQUAPORINS	1	1	1	1	1	1	1	1	1	1	1	1	1	1	1	1	1	1	1	1	1	1	1	1	1	1	1	0.0022981121965148787	1	1	1	1	1	1	1	0.016959225534195488	1	1	1	1	1	1	1	1	1	1	1
REACTOME_VISUAL_PHOTOTRANSDUCTION	1	1	1	1	1	1	1	1	1	1	0.01763766059207561	1	1	1	1	1	1	1	1	0.09623623443465534	1	1	0.008936577036234628	1	1	0.0036516241000480454	1.3695651740808223e-05	1	1	1	1	1	1	0.08021025050838748	1	1	1	1	1	1	1	1	1	1	1	1	1
REACTOME_VOLTAGE_GATED_POTASSIUM_CHANNELS	1	1	1	0.004540958507306181	1	1	1	0.048206439158179015	1	1	1	1	1	1	1	1	0.009393228427991174	1	1	1	1	1	1	1	1	1	1	1	1	1	1	0.00045893166695964993	1	0.017327042728668696	1	0.016959225534195488	0.005444682769180087	1	1	1	1	1	1	1	1	1	1
SIG_CHEMOTAXIS	1	0.012552081782701063	1	1	1	1	1	1	1	1	1	1	1	1	1	1	1	1	1	1	1	1	1	1	1	1	1	1	1	1	1	1	1	1	1	1	1	1	1	1	1	1	1	1	1	1	1
SIG_PIP3_SIGNALING_IN_CARDIAC_MYOCTES	1	0.026594151985873005	1	1	1	1	1	1	1	1	1	1	1	1	1	1	0.02184292350294703	1	1	1	1	1	1	1	1	1	1	1	1	1	1	1	1	1	1	1	1	1	1	1	1	1	1	1	1	1	1
ST_ADRENERGIC	1	1	1	1	1	1	1	1	1	1	1	1	1	1	1	1	1	1	1	1	1	1	1	1	1	1	1	1	1	1	1	1	1	1	1	0.07948466994573833	1	1	1	1	1	1	1	1	1	1	1
ST_DIFFERENTIATION_PATHWAY_IN_PC12_CELLS	1	1	1	1	1	1	1	1	1	1	1	0.004423216015834286	1	1	1	1	1	1	1	1	1	1	1	1	1	1	1	1	1	1	1	1	1	1	1	0.021483659143138434	1	1	1	1	1	1	1	1	1	1	1
ST_G_ALPHA_I_PATHWAY	1	1	1	1	1	1	1	1	1	1	1	1	1	1	1	1	1	1	1	1	1	1	1	1	1	1	1	1	1	1	1	1	1	1	1	0.07579798811344851	1	1	1	1	1	1	1	1	1	1	1
ST_INTEGRIN_SIGNALING_PATHWAY	1	0.038542555098459275	1	1	1	1	1	1	1	1	1	1	1	1	1	1	1	1	1	1	1	1	1	1	1	1	1	1	1	1	1	1	1	1	1	1	1	1	1	1	1	1	1	1	1	1	1
ST_MYOCYTE_AD_PATHWAY	1	1	1	1	1	1	1	1	1	1	1	1	1	1	1	1	1	1	1	1	1	1	1	1	1	1	1	1	1	1	1	1	1	1	1	0.04853010583052819	1	1	1	1	1	1	1	1	1	1	1
ST_T_CELL_SIGNAL_TRANSDUCTION	1	1	1	0.0049639601322765126	1	1	1	0.05230119659840826	1	1	1	1	1	1	1	1	1	1	1	1	1	1	1	1	1	1	1	1	1	1	1	1	1	1	1	1	1	1	1	1	1	1	1	1	1	1	1
ST_WNT_BETA_CATENIN_PATHWAY	1	1	1	1	1	1	1	1	1	1	1	1	1	1	1	1	1	1	1	1	0.006210553048405565	0.0028584255078119014	1	1	1	1	1	1	1	1	1	1	1	1	1	1	1	1	1	1	1	1	1	1	0.003044079093840968	1	1
WNT_SIGNALING	1	1	1	1	1	1	1	1	1	1	1	1	1	1	1	1	1	1	1	1	1	5.289512712636224e-05	1	1	1	1	1	1	1	1	1	1	1	1	1	1	0.021933673977355128	1	1	1	1	1	1	1	0.019561282273085512	1	1
WP_ALLOGRAFT_REJECTION	1	1	1	1	1	1	1	1	1	1	1	1	1	1	1	1	1	1	1	1	1	1	1	1	1	0.03110345047657659	1	1	1	1	1	1	1	1	1	1	1	1	1	1	1	1	1	1	1	1	1
WP_AMINO_ACID_METABOLISM	1	1	1	1	1	1	1	1	1	1	1	1	1	1	1	1	1	1	1	1	1	1	1	1	1	1	1	1	1	1	1	1	1	1	0.02286313548338237	1	1	1	1	1	1	1	1	1	1	1	1
WP_AMPACTIVATED_PROTEIN_KINASE_AMPK_SIGNALING	1	1	1	1	1	1	1	1	1	1	1	1	1	1	1	1	1	1	1	1	1	1	1	1	1	1	1	1	1	1	1	1	1	1	1	1	1	1	1	0.07996102570090846	1	1	1	1	1	0.05842006769841346	1
WP_ARRHYTHMOGENIC_RIGHT_VENTRICULAR_CARDIOMYOPATHY	1	1	1	1	0.07591931006715003	1	1	0.0034623638909417886	1	1	1	1	1	1	1	1	1	1	1	1	0.02876767802778657	1	1	1	1	1	1	1	1	1	1	1	1	0.049567737439450976	1	0.01567238838175522	1	1	1	0.09662514264270672	1	1	1	0.026488078157697492	1	1	1
WP_BDNFTRKB_SIGNALING	1	1	1	1	1	1	1	1	0.00036071644821955573	1	1	1	1	1	0.0009046744423163444	1	1	1	1	1	1	1	1	1	0.0009046744423163444	1	1	1	1	1	1	1	1	0.010440008307838422	1	1	1	1	1	0.021613868565600325	1	1	1	1	1	0.015396252544175093	1
WP_BMP2WNT4FOXO1_PATHWAY_IN_HUMAN_PRIMARY_ENDOMETRIAL_STROMAL_CELL_DIFFERENTIATION	1	1	1	1	1	1	1	0.004879179344078777	1	1	1	1	1	1	1	1	1	1	1	1	1	1	1	1	1	1	1	1	1	1	1	1	1	1	1	1	1	1	1	1	1	1	1	1	1	1	1
WP_BRAINDERIVED_NEUROTROPHIC_FACTOR_BDNF_SIGNALING_PATHWAY	1	1	1	1	1	1	1	1	1	1	1	1	1	1	1	1	1	1	1	1	1	1	1	1	1	1	1	1	1	1	1	1	1	1	0.05283980687097789	1	1	1	1	1	1	1	1	1	1	1	1
WP_CALCIUM_REGULATION_IN_THE_CARDIAC_CELL	1	2.211438865817872e-05	0.006344361064684834	1	1	1	1	0.0002469704725183153	0.0039031316455999665	1	1	0.04096532742802006	1	1	0.017866142779208505	1	1	9.017560361346266e-05	1	0.0011785200855307654	1	1	1	1	1	1	1	0.026178721252256176	1	1	1	1	1	1	1	2.3012033301239576e-05	1	1	1	0.08763832149195805	1	0.017866142779208505	0.04928487249843372	0.09111753475439444	1	0.057285806361893066	1
WP_CANONICAL_AND_NONCANONICAL_NOTCH_SIGNALING	1	1	1	1	0.011270643408255232	1	1	1	1	1	1	1	1	1	1	1	1	1	1	1	1	1	1	1	1	1	1	1	1	1	1	1	1	1	1	1	1	1	1	1	1	1	1	1	1	1	1
WP_CELL_MIGRATION_AND_INVASION_THROUGH_P75NTR	1	1	1	1	1	1	1	1	1	1	1	1	1	1	1	1	1	1	1	1	0.005182033505202521	1	1	1	1	1	1	1	1	1	1	1	1	0.009249775892059442	1	0.05825963817010393	1	1	1	1	1	1	1	1	1	1	1
WP_CHEMOKINE_SIGNALING_PATHWAY	1	1	0.06372792680452388	1	1	1	1	1	1	1	1	1	1	1	1	1	1	1	1	1	1	1	1	1	1	1	1	0.030465894266927585	1	1	1	1	1	1	1	0.05855223257607878	1	1	1	1	1	1	1	1	1	1	1
WP_CILIOPATHIES	1	1	1	1	1	1	0.09810475579909306	1	1	1	1	1	1	1	1	1	1	1	1	1	1	1	1	1	1	1	1	1	1	1	1	1	1	1	1	1	1	1	1	1	1	1	1	1	1	1	1
WP_CIRCADIAN_RHYTHM_RELATED_GENES	0.03864611673481089	1	1	1	1	1	1	1	1	0.035137521565415386	0.06650686364761649	1	1	1	0.031761068389731806	1	1	1	1	1	1	1	1	1	1	1	1	1	1	1	1	1	1	0.07340170705332993	1	1	1	1	1	0.054769133872631603	1	1	1	1	1	1	1
WP_COMMON_PATHWAYS_UNDERLYING_DRUG_ADDICTION	1	1	1	1	1	1	1	1	1	1	1	1	1	1	0.0014645553088059593	1	1	1	1	1	1	1	1	1	1	1	1	1	1	1	1	1	1	1	1	1	1	1	1	1	1	1	1	1	1	1	1
WP_COMPLEMENT_AND_COAGULATION_CASCADES	1	1	1	1	1	1	1	1	1	1	1	1	1	1	1	1	1	1	0.0028707495459927568	1	1	1	1	1	1	1	1	1	1	1	1	1	1	1	1	1	1	1	1	1	0.002264533881955577	1	1	1	1	1	1
WP_COMPOSITION_OF_LIPID_PARTICLES	1	1	1	1	1	1	1	1	1	1	1	1	1	1	1	1	1	1	1	1	1	1	1	1	1	0.0004170857325466182	1	1	1	1	1	1	1	1	1	1	1	1	1	1	1	1	1	1	1	1	1
WP_CONSTITUTIVE_ANDROSTANE_RECEPTOR_PATHWAY	1	1	1	1	1	1	1	1	1	1	1	1	1	1	1	1	1	1	1	1	1	0.0025346279086282397	1	1	1	1	1	1	1	1	1	1	1	1	1	1	1	1	1	1	1	1	1	1	1	1	1
WP_CORTICOTROPINRELEASING_HORMONE_SIGNALING_PATHWAY	1	1	1	1	1	1	1	1	1	1	1	1	1	1	1	1	1	0.03221674191195878	1	1	1	1	1	1	1	1	1	1	1	1	1	1	1	1	1	1	1	1	1	1	1	1	1	1	1	1	1
WP_DIFFERENTIATION_PATHWAY	1	1	1	1	1	1	1	1	1	1	1	1	1	1	1	1	1	1	1	1	1	1	1	1	1	1	1	0.0028563016842200195	1	1	1	1	1	1	1	1	1	1	1	1	1	1	1	1	1	1	1
WP_DISRUPTION_OF_POSTSYNAPTIC_SIGNALLING_BY_CNV	1	0.007303554800776935	1	1	0.01753480847250155	1	1	1	0.009093572349964774	1	1	1	1	1	0.0009604407122687508	1	1	1	1	1	1	1	1	1	0.0009604407122687508	1	1	1	1	1	1	1	1	0.01105922705044815	1	0.06859738075135413	1	1	1	0.022863135482457664	1	1	1	1	1	0.016298156923267526	1
WP_DNA_DAMAGE_RESPONSE_ONLY_ATM_DEPENDENT	1	1	1	1	1	1	1	1	1	1	1	1	1	1	1	1	1	1	1	1	1	0.029218153502323374	1	1	1	1	1	1	1	1	1	1	1	1	1	1	1	1	1	1	1	1	1	1	1	1	1
WP_DOPAMINERGIC_NEUROGENESIS	1	1	1	1	1	1	1	1	1	1	1	1	1	1	1	1	1	1	1	1	1	1	1	1	1	1	1	1	1	1	1	1	1	1	1	0.054945880572680794	1	1	0.00013867761474162243	0.01804558661596911	1	1	1	1	1	0.012825991106004464	1
WP_EBOLA_VIRUS_PATHWAY_ON_HOST	1	1	1	1	1	1	1	1	1	1	1	1	1	1	1	1	1	1	1	1	1	1	1	1	1	1	1	1	1	1	1	1	1	1	1	1	1	1	1	1	1	1	0.003506211795699321	1	1	1	1
WP_EGFR_TYROSINE_KINASE_INHIBITOR_RESISTANCE	1	0.040265549955572744	1	1	1	1	1	1	1	1	1	1	1	1	1	1	1	1	1	1	0.03457745290648673	1	1	1	1	1	1	1	1	1	1	1	1	1	1	0.09046352005365388	1	1	1	1	1	0.005732188531008986	1	1	1	1	1
WP_EICOSANOID_METABOLISM_VIA_LIPO_OXYGENASES_LOX	1	1	1	1	1	1	1	1	1	1	1	1	1	1	1	1	1	1	1	1	1	1	1	1	1	1	1	1	1	1	1	1	1	1	1	1	1	1	1	0.016917553724469903	1	1	1	1	1	1	1
WP_ENDODERM_DIFFERENTIATION	1	1	1	1	0.05615085437473022	1	1	1	1	1	1	1	1	1	1	1	1	1	1	1	1	1	1	1	1	1	1	1	0.07443802853075443	1	1	1	1	1	1	1	1	1	1	1	1	1	1	1	1	1	1
WP_ENVELOPE_PROTEINS_AND_THEIR_POTENTIAL_ROLES_IN_EDMD_PHYSIOPATHOLOGY	1	1	1	1	1	1	1	1	1	1	1	1	1	1	1	1	1	1	1	1	1	1	1	1	1	1	1	1	1	1	1	1	1	1	1	1	1	1	1	0.04000244374077511	1	1	1	1	1	1	1
WP_EPITHELIAL_TO_MESENCHYMAL_TRANSITION_IN_COLORECTAL_CANCER	1	1	1	1	1	1	1	1	1	1	1	1	1	1	1	1	1	0.0881117059507357	1	1	0.0193549854857914	0.05642129169616794	1	1	1	1	1	1	0.0919012362399736	1	1	1	1	0.04180971438332648	1	1	1	1	1	1	1	1	1	1	0.059704465658310335	1	1
WP_ERBB_SIGNALING_PATHWAY	1	0.00038224335742564897	1	1	1	1	1	1	1	1	1	1	1	1	1	1	1	1	1	1	1	1	1	1	1	1	1	1	1	1	1	1	1	1	1	1	1	1	1	1	1	1	1	1	1	0.09662514264186983	1
WP_FOCAL_ADHESION	1	0.007081737629441753	1	1	1	1	1	1	1	1	1	1	1	1	1	1	1	1	1	1	1	1	1	1	1	1	1	1	1	1	1	1	1	1	0.09509009053982642	0.04345612731699788	0.09509009053982642	1	1	1	1	1	1	1	1	1	1
WP_FOCAL_ADHESIONPI3KAKTMTORSIGNALING_PATHWAY	1	1	1	1	1	1	0.0587522133804349	1	1	1	1	1	1	1	1	1	1	1	1	1	1	1	1	1	1	1	1	0.014075667427681071	1	1	1	1	1	1	1	0.0428579459683579	1	1	1	1	1	0.06534240795689161	1	1	1	1	1
WP_FRAGILE_X_SYNDROME	1	1	1	1	1	1	1	1	0.09458479304245171	1	1	1	1	1	1	1	1	1	1	1	1	1	1	1	0.011771312972586934	1	1	1	1	1	1	1	1	1	1	1	1	1	1	1	1	1	1	1	1	1	1
WP_G1_TO_S_CELL_CYCLE_CONTROL	1	1	1	1	0.05619469420043455	1	1	1	1	1	1	1	1	1	1	1	1	1	1	1	1	1	1	1	1	1	1	1	1	1	1	1	1	1	1	1	1	1	1	1	1	1	1	1	1	0.05246006352821497	1
WP_GABA_RECEPTOR_SIGNALING	1	1	1	1	1	1	1	1	0.008581858537159093	1	1	1	1	1	1	1	1	1	1	1	1	1	1	1	1	1	1	1	1	1	1	1	1	1	1	0.06508758256524527	1	1	1	1	1	1	1	1	1	1	1
WP_GASTRIC_ACID_PRODUCTION	1	1	1	1	1	1	1	1	1	1	1	1	1	1	1	1	1	1	1	1	1	1	1	1	1	1	1	1	1	1	1	1	1	1	1	1	1	1	1	1	1	3.6745309568653184e-05	1	1	1	1	1
WP_GASTRIN_SIGNALING_PATHWAY	1	1	1	1	1	1	1	1	1	1	1	0.024151885605716794	1	1	1	1	1	1	1	1	1	1	1	1	1	1	1	1	1	1	1	1	1	1	1	1	1	1	1	1	1	0.010338498530755968	1	1	1	1	1
WP_GDNFRET_SIGNALLING_AXIS	1	1	1	1	1	1	1	0.015006480108937681	1	1	1	1	1	1	1	1	1	1	1	1	1	1	1	1	1	1	1	1	1	1	1	1	1	1	1	1	1	1	1	1	1	1	1	1	1	1	1
WP_GENES_INVOLVED_IN_MALE_INFERTILITY	1	1	1	1	1	1	1	1	1	1	1	1	1	1	1	1	1	0.08000828706923557	1	1	1	1	1	1	1	1	1	1	1	1	1	1	1	0.03631043377535237	1	1	1	1	1	1	1	1	1	1	1	1	1
WP_GPCRS_CLASS_A_RHODOPSINLIKE	1	1	1	1	1	1	1	1	0.0963199805798266	1	1	1	1	1	1	1	0.057458092986082177	1	1	1	1	1	1	1	0.04741326969676818	1	1	1	1	1	1	1	1	1	1	1	1	1	1	1	1	1	1	1	1	1	1
WP_GPCRS_OTHER	1	1	1	1	1	1	1	1	0.06031930144747677	1	1	1	1	1	1	1	1	0.0328550075025994	1	1	1	1	1	1	1	1	1	1	1	1	1	1	1	1	1	1	1	1	1	1	1	1	1	1	1	1	1
WP_G_PROTEIN_SIGNALING_PATHWAYS	1	1	1	1	1	1	1	1	1	1	1	1	1	1	0.0074260957693693674	1	1	0.03414648096267281	1	0.08981953771685447	1	1	1	1	1	1	1	0.01100248764163192	1	1	1	1	1	0.07476400560977314	1	0.007404429064467033	1	1	1	1	1	1	1	1	1	1	1
WP_HEMATOPOIETIC_STEM_CELL_DIFFERENTIATION	1	1	1	1	1	1	1	1	1	1	1	1	1	1	1	1	1	1	1	1	1	1	1	1	1	1	1	1	0.015828984547855085	1	1	1	1	1	1	1	1	1	1	0.06813510198296613	1	1	1	1	1	0.049567737438820814	1
WP_HUMAN_COMPLEMENT_SYSTEM	1	0.054073316469024246	1	1	1	1	1	1	1	1	1	1	1	1	1	1	1	1	0.00788093977304083	0.09461978145482741	1	1	1	1	1	0.003549676997774087	1	1	1	1	1	1	1	1	1	1	1	1	1	1	0.006241655607862273	1	1	1	1	1	1
WP_HUMAN_THYROID_STIMULATING_HORMONE_TSH_SIGNALING_PATHWAY	1	1	1	1	1	1	1	1	1	1	1	1	1	1	1	1	1	1	1	1	1	1	1	1	1	1	1	1	1	1	1	1	1	1	1	0.05489919968781243	1	1	1	1	1	1	1	1	1	1	1
WP_IL18_SIGNALING_PATHWAY	1	1	1	1	1	1	1	1	1	1	1	1	1	1	1	1	1	1	1	1	1	1	1	1	1	1	1	1	1	1	1	1	1	1	1	1	1	1	1	1	1	1	1	1	0.029509172465348676	1	1
WP_INTEGRINMEDIATED_CELL_ADHESION	1	0.05900039377863053	1	1	1	1	1	1	1	1	1	1	1	1	1	1	1	1	1	1	1	1	1	1	1	1	1	1	1	1	1	1	1	1	1	1	1	1	1	1	1	1	1	1	1	1	1
WP_LNCRNA_INVOLVEMENT_IN_CANONICAL_WNT_SIGNALING_AND_COLORECTAL_CANCER	1	1	1	1	1	1	1	1	1	1	1	1	1	1	1	1	1	1	1	1	1	0.0017703242458797508	1	1	1	1	1	1	1	1	1	1	1	1	1	1	1	1	1	1	1	1	1	1	1	1	1
WP_LUNG_FIBROSIS	1	1	1	1	1	1	1	1	1	1	1	1	1	1	1	1	1	1	1	1	1	1	1	1	1	1	1	1	1	1	1	1	1	0.035303039792536905	1	1	1	1	1	1	1	1	1	1	1	1	1
WP_MAPK_SIGNALING_PATHWAY	0.05389605441420531	1	1	1	1	1	1	1	1	1	1	1	0.009209389611021912	1	1	1	1	1	1	1	0.05564157769181455	1	1	1	1	1	1	1	1	1	1	1	1	1	1	0.09659855441835385	1	1	1	1	1	1	1	1	1	1	1
WP_MATRIX_METALLOPROTEINASES	1	1	1	1	1	1	1	1	1	1	1	1	1	1	1	1	1	1	1	1	1	1	1	1	1	1	1	1	1	1	1	1	1	0.008679082969496266	1	1	1	1	1	1	1	1	1	1	1	1	1
WP_MBDNF_AND_PROBDNF_REGULATION_OF_GABA_NEUROTRANSMISSION	1	1	1	1	1	1	1	1	1	1	1	1	1	1	1	1	1	1	1	1	1	1	1	1	1	1	1	1	1	1	1	1	1	1	1	0.013955253450624983	1	1	1	1	1	1	1	1	1	1	1
WP_MECP2_AND_ASSOCIATED_RETT_SYNDROME	1	1	1	1	1	1	1	1	0.03740372245894519	1	1	1	1	1	1	1	1	1	1	1	1	1	1	1	1	0.0014302625937919755	1	1	1	1	1	1	1	1	1	1	1	1	1	1	1	1	1	0.023955185512614996	1	0.008233313324203073	1
WP_MESODERMAL_COMMITMENT_PATHWAY	1	1	1	1	1	1	1	1	1	1	1	1	1	1	1	1	1	1	1	0.04743865797438884	1	1	1	1	1	1	1	1	0.012220827624029762	1	1	1	1	1	1	1	1	1	1	1	1	1	1	1	1	1	1
WP_METABOLIC_PATHWAY_OF_LDL_HDL_AND_TG_INCLUDING_DISEASES	1	1	1	1	1	1	1	1	1	1	1	1	1	1	1	1	1	1	1	0.0034824346934766437	1	1	1	1	1	1	1	1	1	1	1	1	1	1	1	1	1	1	1	1	1	1	1	1	1	1	1
WP_METAPATHWAY_BIOTRANSFORMATION_PHASE_I_AND_II	1	1	1	1	1	1	1	1	1	1	1	0.05822449127957763	1	1	1	1	1	0.018308994785582344	1	1	1	0.00912878497938352	1	1	1	1	1	1	1	0.06580826439988885	0.0206123154090585	0.008167226644352987	1	1	1	1	0.08187771704161606	1	1	1	1	1	1	1	1	0.0908660535307424	1
WP_MET_IN_TYPE_1_PAPILLARY_RENAL_CELL_CARCINOMA	1	0.020977476781777193	1	1	1	1	1	1	1	1	1	1	1	1	1	1	1	1	1	1	1	1	1	1	1	1	1	1	1	1	1	1	1	1	1	1	1	1	1	1	1	1	1	1	1	1	1
WP_MICRORNAS_IN_CARDIOMYOCYTE_HYPERTROPHY	1	1	1	1	1	1	1	1	1	1	1	1	1	1	1	1	1	1	1	1	1	1	1	1	1	1	1	1	1	1	1	1	1	1	1	1	1	1	1	1	1	1	1	1	0.02477662085276533	1	1
WP_MIR5093P_ALTERATION_OF_YAP1ECM_AXIS	1	1	1	1	1	1	1	1	1	1	1	1	1	1	1	1	1	1	1	1	1	1	1	1	1	1	0.0003673521515956679	1	1	1	1	1	1	1	1	0.02363383666638763	1	1	1	1	1	1	1	1	1	1	1
WP_MONOAMINE_TRANSPORT	1	0.006488523006037972	1	1	1	1	1	1	1	1	1	1	1	1	1	1	1	1	1	0.012075887349957015	1	1	1	1	1	1	1	1	1	0.0023746891042429885	1	1	1	1	1	0.007540044964479242	1	1	1	0.0013608881872638756	1	1	0.0025346279086282397	1	1	1	1
WP_MYOMETRIAL_RELAXATION_AND_CONTRACTION_PATHWAYS	1	0.0003166296696514026	0.05904886439727852	1	1	1	1	0.009579213650129481	0.004479158843553099	1	1	0.04393261888411759	1	1	0.019216531340008003	1	1	0.08268199354021388	1	0.04972012396907055	1	1	1	1	1	1	1	0.028124190236927582	1	1	1	1	1	1	1	0.05035758896736908	1	1	1	1	1	0.019216531340008003	1	0.09727273134824865	1	1	1
WP_NCRNAS_INVOLVED_IN_WNT_SIGNALING_IN_HEPATOCELLULAR_CARCINOMA	1	1	1	1	1	1	1	1	1	1	1	1	1	1	1	1	1	1	1	1	1	0.001200497149750901	1	1	1	1	1	1	1	1	1	1	1	1	1	1	1	1	1	1	1	1	1	1	1	1	1
WP_NEURAL_CREST_CELL_MIGRATION_DURING_DEVELOPMENT	1	0.010497095316346239	1	1	1	1	1	1	1	1	1	1	1	1	1	1	1	1	1	1	1	1	1	1	1	1	1	1	1	1	1	1	1	0.015828984547609615	1	0.09476103865626206	1	1	1	1	1	1	1	1	1	1	1
WP_NEURAL_CREST_CELL_MIGRATION_IN_CANCER	1	0.012023058970378697	1	1	1	1	1	1	1	1	1	1	1	1	1	1	1	1	1	1	1	1	1	1	1	1	1	1	1	1	1	1	1	0.018097860869495608	1	1	1	1	1	1	1	1	1	1	1	1	1
WP_NEURAL_CREST_DIFFERENTIATION	1	1	1	1	1	1	1	1	1	1	1	1	1	1	1	1	1	1	1	0.09949294290935562	1	1	1	1	1	1	1	1	1	1	1	1	1	1	1	1	1	1	1	1	1	1	1	1	1	1	1
WP_NICOTINE_ACTIVITY_ON_DOPAMINERGIC_NEURONS	1	1	1	1	1	1	1	1	9.116200926040374e-05	1	9.90915203757936e-06	1	1	1	1	1	0.0022908205805278747	1	1	1	1	1	1	1	1	0.0019047311820442614	1	1	1	1	1	1	1	1	1	0.0022381102522890384	1	1	1	0.0003854722177398795	1	1	1	0.002191103872805744	1	1	1
WP_NOCGMPPKG_MEDIATED_NEUROPROTECTION	1	1	1	1	0.03341581897373891	1	1	0.05866589130217825	1	1	1	1	1	1	1	1	1	1	1	1	1	1	1	1	1	1	1	1	1	1	1	1	1	1	1	1	1	1	1	1	1	1	1	1	1	0.0026349042833737624	1
WP_NONGENOMIC_ACTIONS_OF_125_DIHYDROXYVITAMIN_D3	1	0.029605847007075248	1	1	1	1	1	1	1	1	1	1	1	1	1	1	1	1	1	1	1	1	1	1	1	1	1	1	1	1	1	1	1	1	1	1	1	1	1	1	1	1	1	1	1	1	1
WP_NONSMALL_CELL_LUNG_CANCER	1	0.03037918099167025	1	1	1	1	1	1	1	1	1	1	1	1	1	1	1	1	1	1	1	1	1	1	1	1	1	1	1	1	1	1	1	1	1	1	1	1	1	1	1	1	1	1	1	1	1
WP_NOTCH_SIGNALING_PATHWAY_NETPATH	1	1	1	1	1	1	1	1	1	1	1	1	1	1	1	1	1	1	1	1	1	1	1	1	1	1	1	1	0.016316133505897112	1	1	1	1	1	1	1	1	1	1	1	1	1	1	1	1	1	1
WP_NUCLEAR_RECEPTORS_METAPATHWAY	1	1	1	1	1	1	1	1	1	1	1	1	1	1	1	1	1	1	1	1	1	1	1	1	1	0.077209287142602	1	1	1	1	1	1	1	1	1	1	1	1	1	1	1	1	1	1	1	1	1
WP_OSTEOBLAST_DIFFERENTIATION	1	1	1	1	1	1	1	1	0.09068549258593717	1	1	1	1	1	1	1	1	1	1	1	1	0.03162005909708765	1	1	1	1	1	1	0.0526242130897161	1	1	1	1	1	1	1	1	1	1	1	1	1	1	1	0.033532755521193724	1	1
WP_OVARIAN_INFERTILITY_GENES	1	1	1	1	1	1	1	1	1	1	1	1	1	1	1	1	1	1	1	1	1	1	1	1	1	1	1	1	1	1	1	1	1	1	0.003044079094319918	1	1	1	1	1	1	1	1	1	1	1	1
WP_PANCREATIC_ADENOCARCINOMA_PATHWAY	1	0.044698237533112195	1	1	1	1	1	1	1	1	1	1	1	1	1	1	1	1	1	1	1	1	1	1	1	1	1	1	1	1	1	1	1	1	1	1	1	1	1	1	1	1	1	1	1	1	1
WP_PARKINUBIQUITIN_PROTEASOMAL_SYSTEM_PATHWAY	1	0.028840606877900576	1	1	1	1	1	1	1	1	1	1	1	1	1	1	1	1	1	1	1	1	1	1	1	1	1	1	1	1	1	1	1	1	1	1	1	1	1	1	1	1	1	0.022728647891600673	0.012412391938751877	1	1
WP_PATHOGENIC_ESCHERICHIA_COLI_INFECTION	1	0.018381848922998878	1	1	1	1	1	1	1	1	1	1	1	1	1	1	1	1	1	1	1	1	1	1	1	1	1	1	1	1	1	1	1	1	1	1	1	1	1	1	1	1	1	0.014422553514421232	0.007806654051259798	1	1
WP_PEPTIDE_GPCRS	1	1	1	1	1	1	1	1	0.04028397044949594	1	1	1	1	1	1	1	1	1	1	1	1	1	1	1	0.0045962715764703566	1	1	1	1	1	1	1	1	1	1	1	1	1	1	0.0944907741245149	1	1	1	1	1	0.06937798455934963	1
WP_PHOSPHODIESTERASES_IN_NEURONAL_FUNCTION	1	1	1	1	1	1	1	1	1	1	1	1	1	1	1	1	1	1	1	1	1	1	1	1	1	1	1	1	1	1	1	1	1	0.026570172726395058	1	1	1	1	1	0.05339720233135192	1	1	1	1	1	0.038623614857141275	1
WP_PI3KAKT_SIGNALING_PATHWAY	1	1	1	1	1	1	0.07634813602564772	1	0.05832522107852234	1	1	1	1	1	1	1	1	1	1	1	1	1	1	1	1	1	1	0.018866490996217622	1	1	1	1	1	1	0.05837614268467939	0.0314358304782163	1	1	1	1	1	0.07918218244648023	1	1	1	1	1
WP_PPAR_ALPHA_PATHWAY	1	1	1	1	1	1	1	1	1	1	1	1	1	1	1	1	1	1	1	1	1	1	1	1	1	0.002918988170874215	1	1	1	1	1	1	1	1	1	1	1	1	1	1	1	1	1	1	1	1	1
WP_PPAR_SIGNALING_PATHWAY	1	1	1	1	1	1	1	1	1	1	1	1	1	1	1	1	1	1	1	0.04790746381710709	1	1	1	1	1	0.01832818166131589	1	1	1	1	1	1	1	1	1	1	1	1	1	1	1	1	1	1	1	1	1
WP_PRADERWILLI_AND_ANGELMAN_SYNDROME	1	1	1	1	1	1	1	1	1	1	1	1	1	1	1	1	1	1	1	1	1	1	1	1	1	1	1	1	1	1	1	1	1	1	1	1	1	1	1	0.0759508355173042	1	1	1	1	1	1	1
WP_PREGNANE_X_RECEPTOR_PATHWAY	1	1	1	1	1	1	1	1	1	1	1	1	1	1	1	1	1	1	1	1	1	0.0026942144330451834	1	1	1	1	1	1	1	1	1	1	1	1	1	1	1	1	1	1	1	1	1	1	1	1	1
WP_PRIMARY_FOCAL_SEGMENTAL_GLOMERULOSCLEROSIS_FSGS	1	1	1	1	1	1	1	1	1	1	1	1	1	1	1	1	1	1	1	1	1	1	1	1	1	1	1	1	1	1	1	1	1	1	1	1	1	1	1	1	1	1	1	1	1	0.06777345500043752	1
WP_PROSTAGLANDIN_SYNTHESIS_AND_REGULATION	1	1	1	1	1	1	1	1	1	1	1	1	1	1	1	1	1	1	1	1	1	1	1	1	1	1	1	1	1	1	1	1	1	1	1	0.019147000242596524	1	1	1	1	1	1	1	1	1	0.02761828641541153	1
WP_PURINERGIC_SIGNALING	1	1	1	1	1	1	1	1	1	1	1	1	1	1	1	1	1	1	1	1	1	1	1	1	1	1	1	1	1	1	1	1	1	1	1	1	1	1	1	0.022863135482457664	1	1	1	1	1	1	1
WP_RAC1PAK1P38MMP2_PATHWAY	1	1	1	1	1	1	1	1	1	1	1	1	1	1	1	1	1	1	1	1	1	1	1	1	1	1	1	1	1	1	1	1	1	1	1	1	1	1	1	0.08199057777145746	1	1	1	1	1	1	1
WP_RAS_SIGNALING	1	0.03283003902621673	1	0.00912878497938352	1	1	1	1	1	1	1	1	1	1	1	1	1	1	1	1	1	1	1	1	1	1	1	0.0034295080408865974	1	1	1	1	1	0.05616923524506212	1	1	1	1	1	1	1	1	1	1	1	1	1
WP_REGULATION_OF_TOLLLIKE_RECEPTOR_SIGNALING_PATHWAY	1	1	1	1	1	1	0.0651739914673618	1	1	1	1	1	1	1	1	1	1	1	1	1	1	1	1	1	1	1	1	1	1	1	1	1	1	1	1	1	1	1	1	1	1	1	1	1	1	1	1
WP_RENIN_ANGIOTENSIN_ALDOSTERONE_SYSTEM_RAAS	1	1	1	1	1	1	1	1	1	1	1	1	1	1	1	1	1	1	1	1	1	1	1	1	1	1	1	1	1	1	1	1	1	1	1	1	1	1	1	1	1	1	1	1	1	0.026488078157798856	1
WP_RETT_SYNDROME_CAUSING_GENES	1	1	1	1	1	1	1	1	0.0011609795466372974	1	1	1	1	1	1	1	1	1	1	1	1	1	1	1	1	1	1	1	1	1	1	1	1	1	1	1	1	1	1	0.044855979852420624	1	1	1	1	1	1	1
WP_SCFA_AND_SKELETAL_MUSCLE_SUBSTRATE_METABOLISM	1	1	1	1	1	1	1	1	0.00026237051224253793	1	1	1	1	1	1	1	1	1	1	1	1	1	1	1	1	1	1	1	1	1	1	1	1	1	1	1	1	1	1	1	1	1	1	1	1	1	1
WP_SELENIUM_MICRONUTRIENT_NETWORK	1	1	1	1	1	1	1	1	1	1	1	1	1	1	1	1	1	1	1	1	1	1	1	1	1	0.03239934673270195	1	1	1	1	1	1	1	1	1	1	1	1	1	1	1	1	1	1	1	1	1
WP_SEROTONIN_AND_ANXIETY	1	1	1	1	1	1	1	1	1	1	1	1	1	1	1	1	1	1	1	1	1	1	1	1	1	1	1	1	1	1	1	1	1	1	1	1	1	1	1	0.0059784382935379465	1	1	1	1	1	1	1
WP_SIGNALING_PATHWAYS_IN_GLIOBLASTOMA	1	0.03940041066829891	1	1	1	1	1	1	1	1	1	1	1	1	1	1	1	1	1	1	1	1	1	1	1	1	1	1	1	1	1	1	1	1	1	1	1	1	1	1	1	1	1	1	1	1	1
WP_SLEEP_REGULATION	1	1	1	1	1	1	1	1	1	1	1	1	1	1	1	1	1	1	1	1	1	1	1	1	1	1	1	1	1	1	1	1	1	1	1	1	1	1	1	0.028147251878226975	1	1	1	1	1	1	1
WP_SPINAL_CORD_INJURY	1	1	1	1	1	1	1	1	0.09068549258593717	1	1	1	1	1	1	1	1	1	1	1	1	1	1	1	1	1	1	1	1	1	1	1	1	1	1	1	1	1	1	1	1	1	1	1	1	1	1
WP_SPLICING_FACTOR_NOVA_REGULATED_SYNAPTIC_PROTEINS	1	1	1	1	1	1	1	1	0.013657816810213497	1	1	1	1	1	1	1	1	1	1	1	1	1	1	1	0.0014645553088059593	1	1	1	1	1	1	1	1	1	1	1	1	1	1	0.033869455471041254	1	1	1	1	1	0.024286231395741154	1
WP_STATIN_PATHWAY	1	1	1	1	1	1	1	1	1	1	1	1	1	1	1	1	1	1	1	0.012811952079655575	1	1	1	1	1	0.004677548439370183	1	1	1	1	1	1	1	1	1	1	1	1	1	1	1	1	1	1	1	1	1
WP_SUDDEN_INFANT_DEATH_SYNDROME_SIDS_SUSCEPTIBILITY_PATHWAYS	1	1	1	1	0.07311694791250134	1	1	0.04392736936101738	0.031331408212822875	1	1	1	1	1	1	1	1	0.012864612605698489	1	1	1	1	0.001522431588814932	1	0.020140248809244476	0.09000945769054347	1	1	0.09000945769054347	0.05205491459653255	1	1	1	1	0.06505026604317399	0.01702243014939442	0.008219282453997057	0.007658088157646681	0.003994092429151608	0.02564685290415758	1	0.020140248809244476	0.05520755088835472	1	1	0.014162207119410186	1
WP_SYNAPTIC_SIGNALING_PATHWAYS_ASSOCIATED_WITH_AUTISM_SPECTRUM_DISORDER	1	0.015934439492040653	1	1	0.037340568131169816	1	1	1	1	1	1	1	1	1	1	1	1	1	1	1	0.01359552700566824	1	1	1	0.002153070979604599	1	1	1	1	1	1	1	1	0.023886617047661596	1	0.026604384629090205	1	1	1	0.005199905460406717	1	1	1	1	1	0.0031335960356712045	1
WP_SYNAPTIC_VESICLE_PATHWAY	1	4.315683715938601e-05	1	1	0.00025882007618027725	1	1	0.06754218085438213	1	1	0.005017911818667953	1	1	1	1	1	1	1	1	0.002516472655061941	1	1	0.0024943197624223146	1	1	1	1	1	1	1	1	1	1	1	1	4.717696470613042e-05	1	1	1	1	1	1	1	1	0.007002361049500694	1	1
WP_TGFBETA_RECEPTOR_SIGNALING	1	0.02031494060108785	1	1	1	1	1	1	1	1	1	1	1	1	1	1	1	1	1	1	1	1	1	1	1	1	1	1	1	1	1	1	1	0.030328266579304652	1	1	1	1	1	1	1	1	1	1	1	1	1
WP_TGFBETA_RECEPTOR_SIGNALLING_IN_SKELETAL_DYSPLASIAS	1	0.02301855297548372	1	1	1	1	1	1	0.02842395857295521	1	1	1	1	1	1	1	1	1	1	1	1	1	1	1	1	1	1	1	1	1	1	1	1	0.03428415579170996	1	1	1	1	1	1	1	1	1	1	1	1	1
WP_THERMOGENESIS	1	1	1	1	1	1	1	1	0.07683018758336746	1	1	1	1	1	1	1	1	1	1	1	1	1	1	1	1	1	1	1	1	1	1	1	1	1	1	1	1	1	1	1	1	1	1	1	1	1	1
WP_THYROID_HORMONES_PRODUCTION_AND_THEIR_PERIPHERAL_DOWNSTREAM_SIGNALLING_EFFECTS	1	0.05024446250060921	1	1	1	1	1	1	1	1	1	1	1	1	1	1	1	1	1	1	0.04323832550074491	1	1	1	1	1	1	1	1	1	1	1	1	1	1	1	1	1	1	1	1	1	1	1	1	1	1
WP_TOLLLIKE_RECEPTOR_SIGNALING_PATHWAY	1	0.05900039377863053	1	1	1	1	1	1	1	1	1	1	1	1	1	1	1	1	1	1	1	1	1	1	1	1	1	1	1	1	1	1	1	0.08577676777709142	1	1	1	1	1	1	1	1	1	1	1	1	1
WP_TYPE_2_PAPILLARY_RENAL_CELL_CARCINOMA	1	1	1	1	0.01954077061597892	1	1	1	1	1	1	1	1	1	1	1	1	1	1	1	1	1	1	1	1	1	1	1	1	1	1	1	1	1	1	1	1	1	1	1	1	1	1	1	1	1	1
WP_VITAMIN_DSENSITIVE_CALCIUM_SIGNALING_IN_DEPRESSION	1	1	1	1	1	1	1	0.042299440763231444	1	1	1	1	1	1	1	1	1	1	1	1	1	1	1	1	1	1	1	1	1	1	1	1	1	1	1	1	1	1	1	1	1	1	1	1	1	1	1
WP_VITAMIN_D_RECEPTOR_PATHWAY	1	0.03283003902621673	1	1	1	1	1	1	1	1	1	1	1	1	1	0.01820159388426945	1	1	1	1	1	0.0697171940147654	1	1	1	1	1	1	1	1	1	1	1	0.05616923524506212	1	1	1	1	1	1	1	1	1	1	1	1	1
WP_WNT_SIGNALING	1	0.07249437412503412	1	1	1	1	1	1	1	1	1	1	1	1	1	1	1	1	1	1	1	0.0025468420864227514	1	1	1	1	1	1	1	1	1	1	1	1	1	1	1	1	1	1	1	1	1	1	1	1	1
WP_WNT_SIGNALING_PATHWAY_AND_PLURIPOTENCY	1	0.061013584772918406	1	1	1	1	1	1	1	1	1	1	1	1	1	1	1	1	1	1	1	0.025537971920524094	1	1	1	1	1	1	1	1	1	1	1	1	1	1	0.03033611215348464	1	1	1	1	1	1	1	1	1	1
