	ARNT2	ARX	ASCL1	ASCL2	E2F7	ETV1	FEV	FOXD4L5	FOXJ1	FOXP2	GATA2	HIC1	HLF	HMBOX1	INSM1	ISL1	LMX1A	LMX1B	MAFA	MAFB	MYT1	NEUROD1	NEUROD2	NEUROG3	NHLH1	NPAS3	NR4A3	ONECUT1	PAX4	PAX6	PBX3	PLAG1	POU2F2	POU5F1	RFX6	SETBP1	SIM1	SIX2	SMAD9	SOX4	SPIB	ST18	TFCP2L1	TP73	ZFP69B	ZNF519	ZNF846
GO_ACTION_POTENTIAL	6	10	9	8	0	20	17	11	9	4	9	0	0	6	2	4	13	9	16	17	2	8	9	14	4	3	11	9	5	13	7	4	6	5	7	0	4	9	13	18	15	2	13	0	3	4	8
GO_ADULT_BEHAVIOR	7	10	6	8	13	15	16	17	11	8	12	0	0	8	2	6	13	10	18	17	4	8	5	14	5	3	20	12	6	18	11	0	5	4	12	0	3	16	12	22	15	2	18	6	3	9	11
GO_ALCOHOL_BINDING	4	7	3	5	6	9	9	10	5	6	9	0	0	6	2	5	7	11	9	9	0	0	3	7	5	0	12	4	8	5	6	0	0	3	8	0	0	6	6	15	9	0	13	3	5	7	7
GO_AXON	22	55	23	27	40	60	67	50	26	23	46	14	15	22	8	24	48	45	58	74	8	25	22	46	22	5	53	29	26	39	38	16	13	16	55	0	15	52	57	65	47	7	58	15	13	28	34
GO_AXON_DEVELOPMENT	10	35	13	15	22	45	42	29	12	19	30	7	8	22	5	12	30	30	38	35	6	18	9	37	12	4	38	14	21	25	26	10	9	13	29	0	7	32	31	48	29	0	37	0	8	14	17
GO_BEHAVIOR	12	29	16	19	34	37	45	37	20	19	34	9	8	17	7	17	38	30	49	51	9	20	16	32	14	5	46	27	24	40	27	9	11	14	31	3	9	43	35	55	39	4	51	11	12	23	34
GO_BIOLOGICAL_ADHESION	19	55	34	39	42	71	71	65	0	37	54	16	27	36	13	0	60	53	78	80	9	35	26	61	29	8	64	47	37	56	50	0	21	25	47	7	11	72	63	86	63	0	79	25	18	25	44
GO_CALCIUM_CHANNEL_COMPLEX	5	4	3	3	6	9	9	10	4	0	7	0	3	4	2	4	10	7	9	11	0	4	5	5	0	2	7	6	9	8	6	2	4	5	7	0	3	11	9	10	8	0	8	0	0	3	0
GO_CALCIUM_DEPENDENT_CELL_CELL_ADHESION_VIA_PLASMA_MEMBRANE_CELL_ADHESION_MOLECULES	2	0	4	3	4	0	0	0	2	0	0	0	0	0	0	0	0	0	4	4	0	2	3	4	0	3	0	0	0	3	0	0	2	3	0	4	0	3	0	4	3	0	7	0	0	0	0
GO_CALCIUM_ION_BINDING	19	36	20	25	31	41	47	34	15	26	27	12	11	17	7	15	37	38	42	44	7	18	16	38	15	8	30	24	0	32	30	0	12	14	34	6	7	37	38	54	34	0	46	14	10	24	28
GO_CALCIUM_ION_TRANSMEMBRANE_TRANSPORT	0	15	8	10	14	24	28	17	9	0	15	0	6	10	0	10	17	18	21	21	0	0	11	18	8	0	18	18	14	19	11	0	9	7	19	0	5	28	19	25	22	0	20	0	0	11	12
GO_CALCIUM_ION_TRANSMEMBRANE_TRANSPORTER_ACTIVITY	4	9	6	7	8	16	19	11	5	0	11	0	3	5	2	8	11	10	15	16	2	4	9	12	5	2	10	13	11	11	6	3	7	5	13	0	4	18	13	14	14	0	14	0	0	9	8
GO_CARDIAC_CONDUCTION	5	9	8	11	11	17	22	11	4	0	14	0	0	7	0	8	11	12	16	21	0	8	8	13	7	2	15	10	10	16	9	3	4	5	13	0	0	14	18	21	14	0	18	0	0	11	12
GO_CATECHOLAMINE_SECRETION	2	4	0	3	3	4	8	4	3	3	4	3	0	0	2	3	6	4	7	10	2	3	0	4	0	2	7	3	0	5	3	0	0	0	0	0	4	8	4	9	8	3	11	0	2	4	0
GO_CATION_CHANNEL_ACTIVITY	8	27	25	21	24	50	50	30	14	12	33	7	8	16	7	17	33	26	40	43	8	21	21	36	15	3	28	24	19	33	16	5	15	13	30	0	10	34	34	46	37	3	35	8	4	20	26
GO_CATION_CHANNEL_COMPLEX	9	20	19	15	15	33	33	25	11	9	24	5	8	9	4	11	29	21	25	33	4	15	12	27	8	3	20	17	17	28	14	5	11	9	16	0	7	25	24	34	27	3	26	0	0	11	21
GO_CATION_TRANSMEMBRANE_TRANSPORT	0	44	32	33	44	69	76	46	19	18	46	11	16	21	8	24	50	50	57	67	8	25	23	50	22	0	51	37	26	54	32	12	21	20	44	0	12	56	49	70	58	0	57	13	0	31	43
GO_CATION_TRANSMEMBRANE_TRANSPORTER_ACTIVITY	10	35	27	26	29	58	58	35	15	13	37	8	8	17	8	17	38	34	49	54	8	22	24	43	15	0	37	29	21	39	25	9	16	14	34	0	10	40	42	57	44	5	40	10	0	25	32
GO_CATION_TRANSPORT	0	51	38	40	48	82	89	50	23	24	54	0	19	25	11	27	59	58	67	77	10	32	27	58	25	0	61	41	29	60	39	14	23	21	51	0	14	65	56	80	69	0	67	17	0	37	49
GO_CELLULAR_COMPONENT_MORPHOGENESIS	17	49	20	26	31	62	59	43	22	25	39	10	13	27	7	15	44	43	52	51	11	25	0	44	23	7	53	24	29	38	39	13	0	20	41	0	12	46	51	67	41	0	50	12	14	18	29
GO_CELL_BODY	15	38	21	21	30	48	51	38	17	22	36	9	14	13	6	17	39	27	45	54	11	25	19	40	22	5	47	22	19	38	34	0	12	11	38	0	15	41	40	53	39	5	45	13	10	26	27
GO_CELL_CELL_ADHESION_VIA_PLASMA_MEMBRANE_ADHESION_MOLECULES	8	11	9	12	0	16	13	15	8	11	18	0	7	10	0	0	16	13	19	22	4	9	11	18	0	6	14	17	9	10	10	0	0	10	0	6	0	18	14	19	17	0	22	5	5	0	0
GO_CELL_CELL_SIGNALING	35	81	54	61	68	120	126	88	41	41	83	25	26	45	20	33	94	90	117	120	17	49	37	87	45	17	106	51	54	92	72	19	28	31	81	6	24	99	104	137	94	16	124	29	20	52	76
GO_CELL_JUNCTION_ASSEMBLY	15	17	16	16	15	27	27	23	14	12	21	0	9	16	5	11	24	19	34	33	0	11	8	20	9	6	33	20	13	21	15	8	10	13	19	4	6	25	22	33	24	0	35	9	6	0	15
GO_CELL_JUNCTION_ORGANIZATION	21	40	27	28	30	49	47	39	21	19	35	0	12	23	6	17	46	39	52	55	8	18	12	37	17	9	46	32	23	30	29	12	16	18	42	7	11	37	41	56	37	0	53	14	8	19	28
GO_CELL_MORPHOGENESIS	19	52	25	29	35	68	66	50	20	27	45	12	15	27	0	17	47	48	60	60	11	28	17	54	25	8	60	28	34	43	43	15	15	23	44	0	12	47	53	74	50	6	59	17	18	20	32
GO_CELL_MORPHOGENESIS_INVOLVED_IN_DIFFERENTIATION	13	43	17	21	28	54	54	37	15	23	35	11	12	21	6	15	36	37	45	47	9	25	14	45	20	6	50	22	29	31	35	12	13	17	37	0	9	37	40	57	38	5	44	13	15	18	27
GO_CELL_MORPHOGENESIS_INVOLVED_IN_NEURON_DIFFERENTIATION	13	38	15	20	27	49	50	32	15	22	30	11	12	21	6	13	33	33	40	39	9	21	11	40	17	6	44	20	25	28	31	11	12	15	36	3	9	35	36	50	32	4	39	11	11	16	23
GO_CELL_PART_MORPHOGENESIS	17	45	20	25	30	58	54	40	18	22	36	10	12	25	7	14	40	40	46	46	11	22	0	42	22	7	49	20	27	36	36	13	11	18	39	0	12	42	45	62	37	4	47	12	14	17	27
GO_CELL_PROJECTION_ORGANIZATION	33	68	38	43	63	96	97	77	35	36	65	24	27	48	14	30	72	85	88	92	14	36	26	71	42	11	87	40	45	59	63	17	22	32	78	0	16	69	74	107	69	0	96	30	21	38	51
GO_CENTRAL_NERVOUS_SYSTEM_DEVELOPMENT	20	42	25	29	40	50	52	50	24	24	41	12	0	20	0	27	46	48	58	56	8	31	18	44	28	6	42	28	27	43	41	14	14	15	44	5	9	40	47	65	48	5	64	0	16	32	37
GO_CHANNEL_REGULATOR_ACTIVITY	6	9	7	6	10	14	17	13	5	7	14	3	6	0	0	8	12	12	15	18	0	5	5	12	0	2	15	7	0	13	0	5	7	5	8	0	0	12	11	18	15	0	17	6	0	0	12
GO_CHEMICAL_HOMEOSTASIS	0	38	26	30	0	63	70	38	0	0	51	0	0	0	8	0	43	42	60	63	0	0	19	38	23	0	57	37	31	46	37	0	0	0	40	0	11	41	45	63	58	6	65	15	12	28	38
GO_CHEMICAL_SYNAPTIC_TRANSMISSION_POSTSYNAPTIC	0	9	0	4	5	14	12	12	5	5	10	5	0	4	0	0	10	7	9	7	2	4	4	13	0	0	12	4	4	12	7	0	0	0	8	0	0	7	9	13	10	0	12	4	0	0	8
GO_CHONDROITIN_SULFATE_BINDING	0	2	2	0	3	4	0	3	0	0	0	0	0	0	0	0	2	4	0	2	0	3	0	5	0	0	3	2	0	2	0	0	0	0	0	0	0	2	0	4	2	0	4	2	0	3	3
GO_CIRCULATORY_SYSTEM_PROCESS	12	0	16	20	24	37	37	25	13	0	28	0	0	16	5	16	26	21	41	48	7	20	12	31	16	6	34	23	20	38	27	0	9	11	23	0	11	37	40	48	32	5	41	0	8	21	26
GO_CYTOSKELETAL_PROTEIN_BINDING	18	44	25	30	48	66	70	49	27	27	40	15	18	34	9	30	46	51	62	64	0	19	0	37	22	0	49	34	24	39	43	15	20	19	52	0	0	47	45	73	47	0	61	17	0	24	50
GO_CYTOSKELETON_ORGANIZATION	20	44	0	28	44	60	66	55	24	28	43	16	0	30	0	28	47	48	63	63	0	0	0	0	27	0	47	28	26	38	37	15	0	18	56	0	0	45	48	75	50	0	69	20	0	29	45
GO_DENDRITE_DEVELOPMENT	0	14	9	11	14	20	16	12	8	8	0	4	5	7	3	0	11	15	14	16	5	9	0	15	9	0	15	0	9	0	12	0	7	0	19	0	4	0	15	16	0	0	17	7	5	7	17
GO_DENDRITIC_TREE	16	42	18	18	33	50	52	33	18	12	35	0	12	18	7	16	43	40	54	58	7	22	17	32	17	0	47	29	20	32	32	10	12	15	46	0	7	37	45	55	42	0	49	10	0	19	36
GO_DENSE_CORE_GRANULE	2	4	2	2	0	4	4	3	2	3	0	3	0	2	0	3	3	4	8	7	3	3	2	4	0	2	4	0	2	4	4	0	0	0	5	0	3	4	3	4	4	2	6	0	0	4	0
GO_DEVELOPMENTAL_MATURATION	7	23	13	15	12	20	23	16	0	0	12	0	0	0	6	14	15	20	22	24	5	15	10	14	10	0	19	11	11	15	12	5	6	9	18	0	6	15	14	26	20	0	21	0	0	15	13
GO_DISTAL_AXON	12	28	12	12	17	29	36	25	14	12	22	6	7	8	5	9	26	23	28	38	4	8	11	26	11	0	30	14	13	17	21	8	6	9	30	0	8	24	29	36	26	3	24	7	5	13	21
GO_DIVALENT_INORGANIC_CATION_TRANSMEMBRANE_TRANSPORTER_ACTIVITY	4	11	6	7	8	18	21	11	5	0	11	0	0	5	0	8	13	12	16	17	2	0	9	12	5	2	12	13	11	11	7	4	7	5	13	0	4	18	13	14	16	0	15	0	0	9	8
GO_DIVALENT_INORGANIC_CATION_TRANSPORT	0	21	12	15	17	32	37	22	11	0	21	0	8	11	0	12	26	24	26	28	0	11	13	21	11	0	28	21	15	25	16	6	10	0	21	0	6	31	22	30	30	0	29	0	0	14	17
GO_EXOCYTIC_VESICLE	5	19	7	10	11	19	19	17	10	0	15	4	0	7	4	9	19	18	21	22	3	6	0	13	10	3	20	10	10	13	15	5	5	0	17	0	3	18	14	28	16	2	21	6	0	7	12
GO_EXTRACELLULAR_MATRIX	0	28	13	19	22	35	31	33	17	13	33	0	10	17	0	18	29	34	40	37	0	17	16	36	19	0	34	18	16	25	25	7	10	0	22	0	7	32	22	42	33	4	39	11	10	12	23
GO_GATED_CHANNEL_ACTIVITY	9	28	26	22	23	51	52	35	17	12	37	7	12	17	8	18	36	27	42	46	8	22	21	38	17	4	30	25	19	32	19	6	17	15	30	0	12	38	36	52	39	4	35	9	5	20	26
GO_GLUTAMATERGIC_SYNAPSE	9	26	16	16	18	26	30	25	11	8	25	8	0	9	0	11	19	22	26	31	7	12	12	30	13	6	30	13	11	23	18	10	0	7	27	0	7	29	28	31	25	0	34	6	0	11	20
GO_HEAD_DEVELOPMENT	16	34	19	23	32	40	45	44	23	20	32	10	0	17	0	24	35	41	48	46	8	23	16	38	20	6	32	25	23	37	32	12	0	13	34	4	8	33	38	50	38	0	55	0	12	27	32
GO_HEART_PROCESS	7	14	10	13	18	24	26	17	7	0	17	0	0	9	0	11	18	16	25	29	0	11	9	19	9	0	23	13	12	26	14	0	0	7	17	0	7	22	28	31	20	0	23	0	5	12	15
GO_HINDBRAIN_DEVELOPMENT	0	13	6	7	8	13	16	11	0	5	10	4	0	0	0	7	12	13	16	15	2	8	6	10	8	0	9	0	5	11	6	4	0	5	12	0	0	0	10	19	12	0	19	0	3	12	13
GO_HOMOPHILIC_CELL_ADHESION_VIA_PLASMA_MEMBRANE_ADHESION_MOLECULES	6	10	8	10	7	13	10	14	8	10	15	4	7	8	0	0	13	11	15	18	4	8	7	15	0	6	11	15	6	7	8	0	4	9	0	6	3	15	13	15	13	0	20	4	3	0	7
GO_HORMONE_ACTIVITY	4	6	0	4	10	14	13	12	5	5	9	0	5	0	2	5	13	9	15	17	0	6	0	0	5	4	12	7	6	9	0	0	0	0	0	2	8	9	6	14	12	2	15	0	5	4	11
GO_HORMONE_TRANSPORT	0	25	12	15	16	27	35	25	11	11	28	5	0	12	4	10	33	22	33	32	0	14	0	18	11	0	23	15	17	24	19	0	0	7	20	0	7	26	24	34	28	6	30	0	7	11	20
GO_INORGANIC_ION_TRANSMEMBRANE_TRANSPORT	0	43	31	30	35	69	72	48	21	17	44	0	18	21	9	24	49	47	52	63	8	23	22	49	21	5	46	34	24	48	32	11	23	21	39	0	13	53	45	68	55	0	47	12	0	27	33
GO_INSULIN_SECRETION	5	21	10	12	12	20	29	19	8	9	19	5	0	7	3	8	25	20	26	25	0	12	0	17	8	0	18	10	16	19	15	0	0	0	17	0	5	18	19	24	20	4	24	0	3	10	17
GO_INTRINSIC_COMPONENT_OF_PLASMA_MEMBRANE	23	75	53	51	46	100	106	76	41	40	80	18	26	48	15	29	81	75	97	106	17	45	38	81	35	14	81	55	42	70	62	24	31	30	59	6	23	83	78	110	82	11	92	28	0	28	53
GO_INTRINSIC_COMPONENT_OF_PRESYNAPTIC_MEMBRANE	0	9	4	5	4	9	10	10	6	4	7	0	0	0	0	5	8	6	11	14	0	0	4	10	3	0	9	6	0	8	6	4	0	0	6	0	0	8	9	11	10	0	9	4	0	0	6
GO_INTRINSIC_COMPONENT_OF_SYNAPTIC_MEMBRANE	4	12	7	6	8	15	18	12	8	5	12	5	0	5	0	6	14	11	19	21	0	0	7	15	0	4	15	8	0	13	10	6	0	0	13	0	4	16	14	19	15	2	17	5	0	0	14
GO_ION_CHANNEL_REGULATOR_ACTIVITY	6	8	7	6	10	13	16	12	5	6	13	3	6	0	2	7	10	11	15	17	0	5	5	11	4	2	14	6	0	11	5	4	5	5	7	0	0	12	11	16	14	0	16	5	0	0	11
GO_ION_TRANSMEMBRANE_TRANSPORT	0	55	38	38	49	85	91	61	29	25	58	0	22	28	9	28	63	60	71	80	11	33	30	57	26	0	62	43	31	63	42	17	27	23	49	0	16	65	58	87	70	6	68	17	0	35	48
GO_ION_TRANSMEMBRANE_TRANSPORTER_ACTIVITY	0	41	31	28	31	67	66	44	21	16	45	0	13	21	9	21	48	42	57	63	9	25	27	47	18	0	42	34	24	43	30	11	21	17	35	0	13	45	46	66	53	6	47	12	0	26	35
GO_ION_TRANSPORT	21	63	45	46	53	101	107	65	31	32	69	0	26	35	14	33	75	71	86	99	13	42	35	71	29	0	81	48	37	71	52	18	31	27	56	0	22	80	73	104	88	8	86	22	14	42	53
GO_LIGAND_GATED_CATION_CHANNEL_ACTIVITY	3	11	11	9	11	17	19	9	0	6	12	5	3	6	0	6	11	9	15	12	4	8	5	12	6	0	10	6	7	16	0	0	3	0	12	0	4	9	13	17	14	0	14	4	0	6	14
GO_LIGAND_GATED_ION_CHANNEL_ACTIVITY	0	12	13	10	12	21	22	13	5	6	15	5	7	7	2	7	14	12	16	15	4	9	7	15	7	0	12	9	8	17	0	0	5	0	13	0	6	13	14	22	16	2	17	4	3	8	15
GO_LOCOMOTORY_BEHAVIOR	0	15	5	8	12	15	16	13	8	7	12	0	0	7	0	6	17	12	17	17	3	9	8	14	6	0	19	12	9	19	11	4	5	0	13	0	0	15	16	20	13	0	19	0	5	9	13
GO_MAIN_AXON	3	9	5	10	7	10	12	11	4	7	8	0	0	4	0	4	7	5	8	12	0	8	8	7	5	0	7	6	3	7	5	2	3	3	9	0	0	6	8	13	11	2	9	0	3	4	8
GO_MEMBRANE_DEPOLARIZATION	4	8	8	7	4	17	16	10	4	0	10	0	0	5	2	5	12	8	12	17	3	5	7	9	5	3	13	10	7	11	9	4	4	3	10	0	4	10	12	16	13	0	14	0	2	6	6
GO_MEMBRANE_DEPOLARIZATION_DURING_ACTION_POTENTIAL	3	5	5	5	0	11	10	6	2	0	4	0	0	3	0	2	5	4	7	9	0	4	6	7	4	2	7	6	4	7	4	3	0	2	6	0	2	4	7	9	7	0	7	0	2	3	5
GO_MEMBRANE_DEPOLARIZATION_DURING_CARDIAC_MUSCLE_CELL_ACTION_POTENTIAL	2	4	4	4	2	8	9	4	2	0	4	0	0	3	0	0	4	4	6	7	0	2	5	4	2	0	6	5	3	6	4	2	0	2	4	0	0	4	7	7	5	0	6	0	0	3	4
GO_MEMBRANE_PROTEIN_COMPLEX	17	37	33	30	31	70	67	48	24	23	41	0	15	0	0	0	47	0	61	68	0	32	20	48	0	0	46	30	25	54	35	12	18	18	35	0	12	46	51	70	56	9	53	0	0	22	37
GO_METAL_ION_TRANSMEMBRANE_TRANSPORTER_ACTIVITY	7	30	24	21	20	46	48	29	12	0	30	0	7	13	8	16	30	26	35	45	7	18	21	36	14	0	27	24	18	30	21	7	15	12	28	0	9	34	34	45	36	5	31	7	0	21	23
GO_METAL_ION_TRANSPORT	0	42	33	32	38	67	71	43	18	0	46	0	16	22	10	24	49	46	52	62	7	27	23	49	21	0	52	37	25	51	32	11	20	19	39	0	11	52	47	66	56	0	51	13	0	30	38
GO_METENCEPHALON_DEVELOPMENT	3	11	6	7	7	12	14	10	4	5	9	4	0	0	0	5	11	12	13	14	0	7	5	9	7	0	9	0	5	11	5	4	3	5	11	0	0	7	9	18	10	0	16	0	0	12	10
GO_MICROTUBULE	9	18	9	12	17	25	23	0	9	11	19	0	0	13	0	11	18	18	23	26	0	9	0	0	0	0	17	0	12	0	15	9	13	11	27	0	0	16	17	29	20	0	27	9	0	12	23
GO_MICROTUBULE_BASED_PROCESS	19	29	17	18	31	41	48	30	15	17	31	11	0	22	0	19	28	33	43	42	6	17	0	0	18	0	33	0	20	25	28	11	13	17	40	0	0	31	33	49	40	0	49	12	0	20	31
GO_MICROTUBULE_BINDING	9	17	8	10	18	24	23	18	7	9	18	6	9	12	4	12	16	18	22	23	3	8	6	13	8	0	16	10	9	14	16	7	11	7	22	0	0	16	15	29	17	0	26	7	0	9	20
GO_MICROTUBULE_CYTOSKELETON_ORGANIZATION	15	21	0	15	25	29	36	24	0	12	21	10	0	16	0	17	0	23	34	31	0	12	0	0	15	0	24	13	14	19	18	9	10	0	33	0	0	0	26	38	31	0	37	10	0	15	25
GO_MONOVALENT_INORGANIC_CATION_TRANSMEMBRANE_TRANSPORTER_ACTIVITY	0	23	21	18	13	33	30	23	0	0	23	0	0	0	7	9	21	18	26	35	5	16	14	27	11	0	19	14	9	23	18	6	8	8	18	0	5	19	24	38	23	4	17	7	0	15	17
GO_MONOVALENT_INORGANIC_CATION_TRANSPORT	0	28	26	25	23	45	43	30	0	12	30	0	8	13	7	15	32	30	34	43	5	19	13	34	15	0	30	20	12	32	23	8	11	14	26	0	0	29	27	47	33	0	28	9	0	20	24
GO_MULTICELLULAR_ORGANISMAL_SIGNALING	7	14	11	12	13	26	27	18	10	6	16	0	0	11	0	11	18	16	24	29	0	12	11	21	8	4	18	14	12	21	10	4	8	7	18	0	4	19	23	29	20	2	24	0	0	11	14
GO_NERVOUS_SYSTEM_PROCESS	20	45	30	32	45	63	75	62	28	30	47	17	16	28	0	23	53	48	69	73	9	27	21	56	0	9	63	35	32	54	41	16	0	0	49	5	12	58	48	81	58	7	79	19	17	33	44
GO_NEURAL_NUCLEUS_DEVELOPMENT	4	4	6	7	7	7	11	7	6	7	5	0	0	3	0	5	9	6	7	10	3	0	0	5	3	2	6	6	6	10	6	4	0	0	4	0	3	8	7	12	4	0	9	3	2	3	5
GO_NEUROGENESIS	36	76	40	46	71	106	110	84	36	39	69	22	24	46	14	39	75	86	105	104	16	50	35	85	43	13	94	42	52	65	76	22	28	33	86	0	16	77	91	119	82	0	106	24	26	45	55
GO_NEURONAL_DENSE_CORE_VESICLE	0	3	2	0	0	3	2	2	0	2	0	3	0	0	0	2	3	3	6	5	3	3	0	2	0	2	2	0	2	3	4	0	0	0	4	0	3	3	0	3	3	2	4	0	0	2	0
GO_NEURON_DEVELOPMENT	25	63	30	32	52	84	85	59	25	32	54	16	20	37	12	29	63	70	77	78	15	36	22	65	31	12	74	34	38	47	55	16	18	24	64	0	16	58	65	87	62	0	76	20	19	30	41
GO_NEURON_DIFFERENTIATION	29	72	36	41	62	97	97	73	28	36	61	19	22	41	14	33	71	77	93	93	15	47	30	76	41	12	86	36	48	57	66	18	23	26	76	0	16	69	82	103	74	0	91	20	23	38	47
GO_NEURON_PROJECTION	39	88	50	51	69	116	120	93	47	42	89	27	32	41	17	40	98	89	113	130	16	50	40	87	41	11	105	59	50	86	80	26	27	30	97	5	20	92	98	131	85	9	111	27	20	56	70
GO_NEURON_PROJECTION_GUIDANCE	6	18	0	9	13	29	25	18	0	11	20	0	6	13	4	9	20	15	19	17	4	8	0	22	8	3	22	9	12	12	17	7	0	8	17	0	4	16	20	29	17	0	20	0	4	9	0
GO_NEURON_PROJECTION_TERMINUS	6	18	7	7	7	16	18	12	7	5	10	4	4	0	3	8	16	13	13	20	5	7	8	15	6	0	16	9	7	13	13	7	4	5	14	0	6	15	16	19	15	2	18	4	3	7	12
GO_NEURON_SPINE	5	15	8	10	11	16	17	18	11	0	13	0	8	6	0	0	19	18	19	20	0	0	8	14	7	0	17	13	8	16	16	4	5	4	20	0	0	14	15	23	17	0	15	4	3	8	16
GO_NEURON_TO_NEURON_SYNAPSE	12	30	15	16	29	28	36	25	15	11	24	8	8	15	0	10	32	32	33	36	4	9	7	28	10	3	36	19	20	21	26	8	9	0	33	0	5	30	33	41	25	0	39	14	0	14	28
GO_NEUROPEPTIDE_SIGNALING_PATHWAY	4	6	4	5	0	0	8	7	0	0	9	0	5	4	2	6	13	0	8	13	4	4	0	5	5	2	7	4	0	9	6	3	0	0	0	0	7	11	8	13	8	3	12	3	0	8	5
GO_NEUROTRANSMITTER_SECRETION	9	17	10	12	13	19	23	16	7	10	13	8	0	10	6	6	14	17	23	20	4	6	5	12	7	3	23	7	7	14	14	0	4	0	17	0	4	18	19	22	19	4	24	7	0	12	9
GO_NEUROTRANSMITTER_TRANSPORT	9	23	12	15	15	24	27	18	9	11	15	8	0	12	6	8	18	20	26	25	4	9	7	16	9	3	26	9	9	17	17	4	6	0	19	0	4	22	22	27	22	5	27	7	0	13	9
GO_PASSIVE_TRANSMEMBRANE_TRANSPORTER_ACTIVITY	9	32	27	24	26	57	58	38	19	15	43	7	12	19	8	19	41	32	46	51	10	23	22	40	17	5	32	29	22	36	19	7	20	16	31	0	14	40	36	55	44	4	40	11	0	22	27
GO_PEPTIDE_HORMONE_SECRETION	5	23	11	14	14	23	32	23	10	10	22	5	0	10	4	8	29	21	29	29	0	12	0	18	10	0	19	13	17	22	17	0	5	6	18	0	6	22	22	28	24	5	26	0	4	11	18
GO_PEPTIDE_SECRETION	0	28	16	19	22	30	41	32	15	15	30	7	0	15	5	12	38	32	37	38	0	18	0	24	17	0	26	21	22	31	23	0	0	9	25	0	8	29	29	38	32	6	38	0	6	14	22
GO_PERIKARYON	5	17	9	8	10	18	19	17	7	10	13	3	4	5	0	6	14	10	17	19	0	6	5	18	8	0	18	7	0	14	9	0	0	5	12	0	3	14	12	19	16	0	16	4	3	11	10
GO_PLASMA_MEMBRANE_PROTEIN_COMPLEX	12	28	27	23	25	49	47	32	17	17	29	0	10	15	0	14	35	25	42	49	7	24	16	36	0	6	33	19	20	38	24	8	12	14	27	0	10	32	38	51	42	5	39	0	0	0	28
GO_PLASMA_MEMBRANE_REGION	24	47	27	27	44	59	69	55	32	29	54	19	23	37	10	21	57	58	69	78	0	0	26	53	22	8	66	39	32	52	50	0	18	19	49	0	11	56	54	80	58	0	68	21	0	29	48
GO_POSITIVE_REGULATION_OF_ION_TRANSPORT	0	14	10	14	15	19	22	12	7	0	12	0	5	0	0	7	14	14	19	20	0	11	9	12	10	0	24	10	7	20	0	0	0	0	12	0	4	16	15	19	16	0	23	0	6	10	19
GO_POSITIVE_REGULATION_OF_LIPID_LOCALIZATION	0	5	0	0	0	0	7	0	0	0	8	0	0	0	0	0	5	0	8	7	0	4	0	6	0	0	8	0	4	0	0	0	0	0	6	0	2	5	0	8	7	2	8	0	8	4	5
GO_POSITIVE_REGULATION_OF_LIPID_TRANSPORT	0	5	0	0	0	5	6	4	0	0	8	0	2	0	0	0	5	0	8	7	0	4	0	5	3	0	8	0	4	0	0	0	0	0	6	0	2	5	0	8	7	2	8	0	8	3	5
GO_POSITIVE_REGULATION_OF_SYNAPTIC_TRANSMISSION	6	13	6	10	10	15	15	16	8	6	10	4	0	6	0	5	11	14	17	18	0	5	5	13	5	4	18	9	9	12	10	4	0	0	11	0	4	17	11	17	13	0	19	0	4	7	11
GO_POSITIVE_REGULATION_OF_TRANSPORT	0	38	24	32	33	48	51	32	17	18	36	0	13	0	0	0	36	37	50	55	6	23	17	32	24	0	46	18	24	38	0	0	14	0	36	0	11	34	39	53	45	8	59	0	16	24	37
GO_POSTSYNAPSE	20	47	25	23	37	51	65	48	30	21	44	11	20	25	7	17	54	51	55	63	8	17	15	44	20	5	58	32	25	39	43	11	15	15	50	0	11	52	51	68	45	5	58	14	0	20	39
GO_POSTSYNAPTIC_DENSITY_MEMBRANE	3	7	6	5	11	10	14	9	6	0	10	4	0	5	0	4	9	7	13	14	0	0	0	9	5	3	13	7	7	9	8	3	4	0	12	0	3	14	14	14	8	0	16	5	0	5	13
GO_POSTSYNAPTIC_MEMBRANE	9	19	14	11	21	29	36	27	21	12	27	7	15	16	4	10	29	26	34	37	4	8	10	25	12	4	34	21	16	25	24	7	8	8	26	0	7	33	29	41	27	3	34	7	0	9	24
GO_POSTSYNAPTIC_SPECIALIZATION_MEMBRANE	4	8	7	6	13	13	17	9	8	4	12	5	3	5	0	4	12	9	16	15	0	4	3	11	5	3	15	7	7	11	9	3	4	0	14	0	4	16	15	17	10	2	19	5	0	6	15
GO_POTASSIUM_CHANNEL_ACTIVITY	3	13	14	10	7	21	20	13	6	4	14	3	4	8	4	6	14	11	16	21	3	13	7	16	7	0	10	7	6	13	9	0	8	7	11	0	3	11	15	22	14	2	13	5	0	8	12
GO_POTASSIUM_CHANNEL_COMPLEX	4	13	12	9	6	15	17	12	5	6	12	3	4	4	2	5	13	10	11	17	2	10	4	16	4	0	9	7	4	13	7	0	6	4	6	0	2	8	11	20	13	2	12	4	0	5	11
GO_POTASSIUM_ION_TRANSMEMBRANE_TRANSPORTER_ACTIVITY	0	13	14	11	9	21	21	14	6	0	15	3	4	8	5	6	14	12	17	23	3	13	7	17	7	0	12	7	7	15	11	0	8	7	13	0	3	12	17	24	14	2	14	6	0	10	13
GO_POTASSIUM_ION_TRANSPORT	0	17	17	16	13	28	27	17	9	7	21	0	6	9	5	8	20	18	23	27	3	15	7	21	9	0	15	11	7	18	14	0	10	10	16	0	3	18	18	29	19	0	18	6	0	11	16
GO_PRESYNAPSE	20	43	20	22	30	46	54	35	21	14	33	9	14	19	10	20	43	40	48	57	7	16	16	35	18	6	45	26	21	30	32	14	14	11	42	3	10	41	40	57	42	5	45	12	7	17	28
GO_PRESYNAPTIC_MEMBRANE	5	15	7	7	10	13	18	16	9	5	16	3	7	7	4	6	14	12	16	21	3	0	6	15	7	2	19	10	0	13	11	5	0	0	13	0	3	13	12	20	14	3	14	5	3	0	10
GO_REGULATION_OF_BLOOD_CIRCULATION	7	15	12	13	17	27	28	16	10	0	19	0	0	10	0	12	19	17	25	30	3	11	9	24	9	4	22	16	13	27	14	0	6	8	18	2	7	24	27	31	19	0	26	0	6	13	16
GO_REGULATION_OF_BLOOD_PRESSURE	4	0	0	6	0	10	0	0	0	0	0	0	4	0	3	0	11	0	14	16	7	6	0	9	0	3	9	10	5	10	9	0	0	0	0	0	9	12	10	15	11	5	11	0	4	6	7
GO_REGULATION_OF_CATION_CHANNEL_ACTIVITY	0	11	7	10	12	13	19	12	8	5	9	0	4	0	0	5	12	12	15	13	0	6	5	12	9	2	14	10	7	16	0	0	5	4	13	0	4	20	14	16	13	0	16	5	3	10	13
GO_REGULATION_OF_CATION_TRANSMEMBRANE_TRANSPORT	0	19	12	15	21	25	33	20	10	9	19	0	9	0	0	9	22	20	22	26	0	12	11	20	11	3	23	16	9	26	14	6	8	9	19	0	5	26	22	29	27	0	28	7	5	11	22
GO_REGULATION_OF_CELL_DEVELOPMENT	18	41	23	26	40	59	61	46	26	21	35	0	16	27	0	18	40	49	58	54	8	31	18	52	23	7	59	22	31	49	42	14	15	0	52	0	10	42	51	66	46	0	63	18	17	25	34
GO_REGULATION_OF_CELL_MORPHOGENESIS	10	28	11	14	18	35	31	21	0	0	16	0	8	16	0	0	20	23	31	26	5	13	0	24	14	4	31	0	19	27	20	9	8	8	26	0	6	21	31	34	21	0	30	10	10	0	19
GO_REGULATION_OF_CELL_PROJECTION_ORGANIZATION	15	32	20	20	30	49	49	36	20	18	28	10	16	27	0	16	31	40	40	42	5	21	18	41	22	5	49	18	22	35	28	8	11	0	37	0	8	33	39	51	36	0	45	14	12	18	28
GO_REGULATION_OF_EXOCYTOSIS	8	15	8	10	11	18	20	15	7	10	12	8	0	8	6	6	14	17	23	22	0	8	6	9	0	0	18	6	10	14	12	0	0	0	16	0	3	16	14	20	16	3	21	7	0	15	11
GO_REGULATION_OF_HEART_RATE	4	8	5	7	0	14	16	7	5	0	10	0	0	6	0	5	12	8	10	13	0	5	5	12	4	0	10	9	4	11	9	0	0	3	8	0	3	8	10	17	10	0	9	0	4	6	6
GO_REGULATION_OF_HEART_RATE_BY_CARDIAC_CONDUCTION	2	5	4	5	0	10	12	5	3	0	6	0	0	5	0	2	6	6	8	10	0	4	4	6	3	0	7	5	4	7	4	0	2	2	5	0	0	4	9	10	6	0	7	0	2	4	5
GO_REGULATION_OF_HORMONE_LEVELS	0	33	16	18	21	34	44	32	15	14	34	0	0	14	5	15	41	27	43	43	0	18	0	25	12	0	31	18	21	31	22	0	0	10	28	0	11	35	30	46	33	8	37	0	10	13	25
GO_REGULATION_OF_HORMONE_SECRETION	0	20	10	12	15	23	31	20	10	9	21	0	0	9	3	7	27	18	27	25	0	11	0	15	8	0	18	12	14	17	14	0	0	0	15	0	6	22	17	28	23	6	23	0	5	9	15
GO_REGULATION_OF_INSULIN_SECRETION	0	16	8	9	11	17	25	16	7	8	15	4	0	6	0	5	20	16	21	20	0	9	0	13	5	0	14	9	13	14	12	0	0	0	13	0	4	15	14	21	16	4	19	0	0	8	12
GO_REGULATION_OF_ION_TRANSMEMBRANE_TRANSPORT	8	28	22	22	23	47	48	31	14	11	29	0	12	15	0	14	33	28	34	41	5	21	16	28	16	4	32	23	16	33	21	8	17	15	29	0	8	40	33	45	39	0	34	9	0	16	26
GO_REGULATION_OF_ION_TRANSPORT	14	34	27	29	27	61	60	35	16	17	36	0	17	20	8	18	42	37	44	53	8	27	19	35	19	5	47	27	21	40	28	9	19	17	36	0	11	51	41	57	49	4	47	13	9	24	30
GO_REGULATION_OF_LIPID_TRANSPORT	0	0	0	0	0	0	8	0	0	0	10	0	0	0	0	0	6	0	8	8	0	5	0	6	0	0	10	0	5	0	0	0	0	0	6	0	3	0	0	12	11	2	11	0	8	4	6
GO_REGULATION_OF_MEMBRANE_POTENTIAL	0	27	23	20	15	51	49	36	16	12	36	0	10	16	6	14	37	30	37	46	7	17	17	35	14	4	34	22	19	34	27	8	15	13	27	0	10	35	33	51	38	4	38	10	5	19	24
GO_REGULATION_OF_METAL_ION_TRANSPORT	0	19	12	15	18	28	32	19	9	10	22	0	10	10	0	11	26	22	20	26	0	13	12	22	10	0	28	18	0	26	15	6	9	10	17	0	0	25	21	29	29	0	28	8	5	11	20
GO_REGULATION_OF_NERVOUS_SYSTEM_DEVELOPMENT	22	44	24	25	42	60	62	47	28	21	36	0	16	28	7	18	43	51	58	56	9	29	18	55	24	9	62	24	30	48	42	14	16	0	53	0	10	46	53	69	48	0	65	18	15	28	37
GO_REGULATION_OF_NEURON_DIFFERENTIATION	14	36	20	20	33	51	49	35	17	18	27	9	13	24	0	15	33	40	44	44	7	25	13	42	21	6	49	17	25	39	34	12	11	0	45	0	9	33	44	51	35	0	50	13	12	20	28
GO_REGULATION_OF_NEURON_PROJECTION_DEVELOPMENT	13	28	17	16	27	42	40	29	14	14	22	7	12	21	0	11	24	31	35	34	5	20	12	33	18	5	42	13	18	32	23	8	9	0	34	0	7	28	36	40	28	0	40	12	11	15	26
GO_REGULATION_OF_NEUROTRANSMITTER_LEVELS	10	21	10	13	14	20	24	17	8	11	14	8	4	11	6	6	16	19	25	24	4	8	7	14	8	3	24	8	8	14	16	0	5	0	17	0	4	19	21	26	21	5	25	7	0	12	9
GO_REGULATION_OF_NEUROTRANSMITTER_TRANSPORT	5	12	5	7	9	13	15	12	4	8	9	6	0	6	3	0	8	11	15	14	3	5	4	8	0	2	14	4	4	8	9	0	0	0	9	0	3	10	12	13	11	2	16	5	0	9	7
GO_REGULATION_OF_PEPTIDE_HORMONE_SECRETION	0	18	9	11	13	20	27	19	9	9	17	4	0	8	3	5	23	17	24	23	0	9	0	14	7	0	15	11	14	16	13	0	0	0	14	0	5	18	16	24	19	5	20	0	3	8	13
GO_REGULATION_OF_POSTSYNAPTIC_MEMBRANE_POTENTIAL	0	11	0	0	0	17	16	14	6	5	11	5	4	5	0	0	13	8	10	9	3	4	4	14	0	0	13	0	6	14	8	0	0	0	9	0	4	9	9	17	13	2	13	4	0	4	9
GO_REGULATION_OF_REGULATED_SECRETORY_PATHWAY	8	14	7	8	9	15	17	12	0	8	9	7	0	6	6	5	10	12	18	18	2	5	4	7	0	0	14	0	6	10	11	0	0	0	11	0	3	12	14	15	12	3	18	4	0	13	8
GO_REGULATION_OF_SECRETION	14	37	23	28	33	49	57	38	20	21	39	11	11	19	10	13	45	39	53	53	7	23	11	29	21	5	45	21	27	38	28	8	0	0	33	0	11	42	35	54	46	10	53	11	10	24	27
GO_REGULATION_OF_SYNAPSE_STRUCTURE_OR_ACTIVITY	11	16	10	9	12	23	17	15	11	0	11	0	5	9	3	0	18	18	19	19	3	0	0	17	0	3	20	11	10	12	12	5	5	6	17	0	3	12	14	22	12	0	17	5	0	6	14
GO_REGULATION_OF_SYNAPTIC_PLASTICITY	5	14	7	11	11	17	18	13	8	0	11	4	0	6	3	7	12	13	16	18	0	8	6	15	10	0	21	10	12	15	11	4	4	0	16	0	0	14	14	20	16	2	22	6	4	6	18
GO_REGULATION_OF_SYNAPTIC_VESICLE_CYCLE	6	13	5	7	13	14	20	10	4	6	11	7	3	9	3	5	11	13	16	13	2	5	4	8	0	2	16	5	6	11	10	0	4	3	13	0	3	11	15	16	13	2	16	4	0	9	11
GO_REGULATION_OF_SYNAPTIC_VESICLE_EXOCYTOSIS	4	10	3	4	7	10	13	8	3	6	8	6	0	5	2	0	7	9	12	11	0	3	3	5	0	0	11	3	0	7	7	0	0	0	7	0	2	9	10	10	9	2	13	4	0	8	7
GO_REGULATION_OF_SYSTEM_PROCESS	0	26	23	27	31	48	42	30	15	0	32	9	0	16	0	17	31	30	41	48	5	24	16	42	23	6	40	24	19	43	28	8	11	11	31	3	9	38	41	53	37	4	52	12	11	22	31
GO_REGULATION_OF_TRANSMEMBRANE_TRANSPORT	0	29	24	25	24	50	52	35	16	14	32	0	12	17	0	14	35	31	37	45	5	23	17	30	17	4	35	25	18	35	25	9	19	15	31	0	8	44	36	52	42	0	40	12	0	19	28
GO_REGULATION_OF_TRANSPORT	25	78	52	58	67	117	122	77	34	41	85	20	30	51	16	31	85	83	103	109	13	48	30	68	41	11	100	48	53	77	62	19	34	29	80	0	23	94	84	129	104	14	114	30	19	48	66
GO_REGULATION_OF_TRANSPORTER_ACTIVITY	0	16	10	12	19	19	26	18	10	9	16	0	8	7	0	7	17	18	18	22	0	8	7	13	11	3	21	14	10	22	10	5	9	7	16	0	5	24	20	23	20	0	24	7	0	11	17
GO_REGULATION_OF_TRANS_SYNAPTIC_SIGNALING	11	29	18	21	27	43	45	33	14	15	27	12	7	18	8	11	30	29	41	42	9	14	11	33	16	7	42	21	22	31	28	9	9	8	34	0	9	34	35	47	31	5	47	16	9	17	31
GO_RESPONSE_TO_AXON_INJURY	0	9	0	0	7	11	7	8	6	7	8	0	0	5	2	0	11	13	8	10	0	5	0	8	0	0	13	4	4	6	7	4	4	0	7	0	0	7	5	12	8	0	12	4	3	5	4
GO_SECRETION	20	56	38	46	46	68	76	62	30	30	63	0	0	32	12	24	66	61	77	76	10	38	22	47	31	0	65	35	36	56	45	0	20	0	50	0	18	59	59	82	70	13	81	21	16	30	0
GO_SENSORY_ORGAN_DEVELOPMENT	12	20	14	16	23	32	30	34	13	16	20	8	0	15	0	14	27	25	42	40	0	18	13	30	11	0	31	21	17	23	23	9	9	0	23	0	0	22	32	40	32	0	40	9	8	16	21
GO_SIGNAL_RELEASE	13	37	23	27	31	45	56	37	17	19	38	11	9	21	8	13	42	34	52	48	7	20	10	30	19	6	43	21	23	37	31	0	0	10	33	0	12	41	43	52	44	10	52	11	8	22	29
GO_SITE_OF_POLARIZED_GROWTH	5	13	5	0	11	16	19	13	9	8	13	0	4	0	3	0	14	12	14	21	0	0	0	12	5	0	14	6	6	0	10	0	0	5	18	0	4	11	14	18	13	0	0	0	3	7	10
GO_SODIUM_CHANNEL_ACTIVITY	2	7	8	4	3	9	8	8	0	0	6	0	0	0	2	3	5	4	4	7	3	0	4	6	4	0	6	4	3	8	3	2	0	0	5	0	3	4	6	10	7	2	4	0	0	4	3
GO_SOMATODENDRITIC_COMPARTMENT	22	57	29	31	46	70	78	54	24	25	52	11	20	24	8	28	60	53	74	83	12	30	25	52	28	7	71	38	33	55	52	11	18	20	63	0	16	58	60	80	57	5	68	16	13	35	48
GO_SYNAPSE	38	81	53	53	70	101	118	91	45	37	86	21	32	45	20	37	99	95	108	128	18	42	37	85	43	18	103	60	53	72	78	20	28	28	91	8	25	103	94	139	86	12	111	31	18	42	69
GO_SYNAPSE_ASSEMBLY	11	8	8	6	9	15	15	14	11	5	12	0	6	7	3	5	14	10	17	16	3	5	6	14	0	6	21	11	8	10	7	5	6	5	11	4	5	15	11	20	12	0	18	5	4	0	0
GO_SYNAPSE_ORGANIZATION	17	31	16	16	22	38	35	31	18	12	24	0	8	14	4	11	35	30	33	37	8	13	10	28	9	9	33	22	17	19	21	8	12	10	35	6	10	28	29	42	26	0	35	8	6	13	18
GO_SYNAPTIC_MEMBRANE	12	28	17	15	26	36	44	33	22	14	34	10	17	19	7	12	35	31	42	47	5	11	13	33	14	5	43	25	18	30	29	9	9	8	32	0	8	40	34	49	32	5	40	10	0	13	30
GO_SYNAPTIC_SIGNALING	22	43	31	34	41	67	73	55	27	23	48	17	16	26	13	22	53	51	69	73	14	25	22	50	25	15	68	32	32	50	45	10	16	15	52	5	17	66	56	82	53	10	76	19	12	30	42
GO_SYNAPTIC_VESICLE_EXOCYTOSIS	6	14	6	7	8	14	17	11	5	8	10	7	0	7	4	4	9	12	17	16	2	4	4	9	5	2	17	4	4	11	10	0	3	0	11	0	3	12	13	15	13	3	19	5	0	10	8
GO_SYNAPTIC_VESICLE_LOCALIZATION	4	7	4	0	9	8	10	4	0	0	7	2	2	6	2	3	9	10	9	8	2	3	0	0	0	0	7	0	4	5	7	0	3	3	6	0	2	4	8	8	5	2	6	0	0	0	5
GO_SYNAPTIC_VESICLE_MEMBRANE	3	14	4	5	7	14	13	10	5	4	6	3	0	0	2	5	13	13	12	14	2	5	3	8	7	0	12	5	6	7	8	5	4	0	9	0	2	14	8	18	13	2	14	3	0	4	7
GO_TAXIS	0	27	13	15	17	44	36	29	12	16	31	0	10	20	0	13	36	29	36	34	5	13	0	35	13	5	31	15	18	22	26	0	0	14	27	3	7	26	26	45	29	0	38	0	8	15	0
GO_TRANSMEMBRANE_TRANSPORT	0	64	43	42	55	96	105	68	32	33	68	0	23	33	0	29	73	71	83	96	13	37	35	64	30	0	71	49	37	70	49	20	32	26	55	0	18	75	67	102	81	0	82	25	0	38	52
GO_TRANSMISSION_OF_NERVE_IMPULSE	5	5	5	4	0	13	9	10	6	4	5	0	0	4	2	5	10	5	10	11	0	6	4	10	0	3	7	6	3	8	0	0	4	0	7	0	3	9	8	13	7	2	9	0	0	3	4
GO_TRANSPORTER_ACTIVITY	0	50	34	31	39	78	78	51	25	23	57	0	13	27	10	22	59	53	68	77	10	29	29	54	22	0	53	38	32	52	37	13	26	23	41	0	15	55	54	79	64	6	62	19	0	31	39
GO_TRANSPORTER_COMPLEX	10	23	22	20	20	44	42	33	16	13	31	6	12	12	5	12	34	25	33	40	5	20	15	33	9	3	27	19	19	34	18	6	13	10	20	0	9	31	29	44	33	4	33	8	0	13	24
GO_TRANSPORT_VESICLE	8	27	13	14	18	31	33	24	13	0	25	7	0	10	4	15	28	27	31	33	4	12	0	21	14	4	28	15	13	20	19	0	0	8	26	0	7	27	23	42	24	3	33	7	6	9	19
GO_TRANSPORT_VESICLE_MEMBRANE	5	20	6	6	12	22	24	14	7	7	12	5	0	0	0	10	19	20	18	21	3	6	0	12	8	0	17	9	9	12	11	5	5	5	15	0	3	21	15	24	17	3	20	0	0	7	14
GO_TUBULIN_BINDING	11	21	10	13	22	31	30	21	10	13	23	7	11	15	4	15	19	22	30	29	0	9	0	17	11	0	24	13	11	16	20	8	13	10	29	0	0	21	20	35	23	0	30	8	0	11	24
GO_T_TUBULE	2	7	4	5	5	11	9	5	3	0	4	0	0	5	0	3	6	4	10	9	0	0	5	8	3	2	4	6	3	7	4	2	2	2	6	0	2	7	7	8	7	0	7	0	0	3	5
GO_VESICLE_MEDIATED_TRANSPORT_IN_SYNAPSE	9	22	10	12	16	22	29	18	8	9	16	9	5	14	6	9	18	20	25	25	3	7	7	16	10	3	29	8	11	19	17	0	7	6	21	0	4	20	22	28	20	3	28	6	0	13	14
GO_VOLTAGE_GATED_CALCIUM_CHANNEL_ACTIVITY	3	4	3	3	4	9	10	7	3	0	6	0	0	3	2	3	8	5	10	11	0	3	5	6	2	2	7	6	7	6	3	2	4	3	8	0	3	10	9	8	7	0	8	0	0	5	0
GO_VOLTAGE_GATED_CALCIUM_CHANNEL_COMPLEX	5	4	3	3	6	9	9	10	4	0	7	0	3	4	2	4	10	7	9	11	0	4	5	5	2	2	7	6	9	8	6	2	4	5	7	0	3	11	9	10	8	0	8	0	0	3	3
GO_VOLTAGE_GATED_CATION_CHANNEL_ACTIVITY	6	12	15	13	8	25	25	17	6	0	18	3	3	11	5	8	17	14	20	27	3	14	11	19	8	2	16	11	14	16	10	4	9	7	17	0	5	19	21	24	19	0	19	5	0	12	14
GO_VOLTAGE_GATED_ION_CHANNEL_ACTIVITY	7	15	18	17	9	34	32	20	6	0	21	0	4	11	5	9	19	15	24	31	4	17	14	23	11	4	19	12	14	19	12	5	11	11	20	0	6	23	26	30	25	2	21	6	0	14	17
GO_VOLTAGE_GATED_POTASSIUM_CHANNEL_ACTIVITY	3	8	11	9	4	15	14	10	3	0	12	3	0	8	3	5	9	9	10	16	2	11	6	12	5	0	8	5	6	8	7	2	5	4	8	0	2	7	11	16	11	0	10	4	0	7	10
