	ARNT2	ARX	ASCL1	ASCL2	E2F7	ETV1	FEV	FOXD4L5	FOXJ1	FOXP2	GATA2	HIC1	HLF	HMBOX1	INSM1	ISL1	LMX1A	LMX1B	MAFA	MAFB	MYT1	NEUROD1	NEUROD2	NEUROG3	NHLH1	NPAS3	NR4A3	ONECUT1	PAX4	PAX6	PBX3	PLAG1	POU2F2	POU5F1	RFX6	SETBP1	SIM1	SIX2	SMAD9	SOX4	SPIB	ST18	TFCP2L1	TP73	ZFP69B	ZNF519	ZNF846
GO_ACTION_POTENTIAL	1	1	1	1	1	0.00345777227734	0.851799093043	1	1	1	1	1	1	1	1	1	1	1	1	0.978225584496	1	1	1	1	1	1	1	1	1	1	1	1	1	1	1	1	1	1	1	1	1	1	1	1	1	1	1
GO_ADULT_BEHAVIOR	1	1	1	1	1	1	1	0.0360001992344	0.408640151125	1	1	1	1	1	1	1	1	1	0.167584699954	0.882586795624	1	1	1	1	1	1	0.000318282477803	0.242066474165	1	0.00095414562842	1	1	1	1	1	1	1	0.308353949313	1	0.00212675128779	1	1	0.21433890837	1	1	1	1
GO_ALCOHOL_BINDING	1	1	1	1	1	1	1	1	1	1	1	1	1	1	1	1	1	1	1	1	1	1	1	1	1	1	1	1	1	1	1	1	1	1	1	1	1	1	1	0.232217283872	1	1	1	1	1	1	1
GO_AXON	0.0665481060373	0.0	1	0.0852866787204	0.0	0.0	0.0	0.0	0.0203314163575	1	0.0	1	1	1	1	0.0578046464005	0.0	0.00017624652734	0.0	0.0	1	0.267121804574	0.134747044246	0.0	1	1	0.0	0.00827876211424	0.225134309421	0.00735517190036	0.000818492321683	1	1	1	0.0	1	0.15517557404	0.0	0.0	0.0	1.20943025905e-05	1	0.0	1	1	0.00444249619325	0.334065849424
GO_AXON_DEVELOPMENT	1	0.0049177300034	1	1	1	0.000158897312104	0.0146264285281	1	1	1	0.925130070781	1	1	1	1	1	1	1	0.981782000252	1	1	1	1	0.000195435360782	1	1	0.0120212148376	1	1	1	1	1	1	1	1	1	1	1	1	0.00186483369007	1	1	1	1	1	1	1
GO_BEHAVIOR	1	1	1	1	0.0059560989362	1	0.0314646665972	0.308239098062	1	1	0.215728893978	1	1	1	1	1	0.0356043703494	1	0.000544805818635	4.75608206777e-05	1	1	1	1	1	1	3.28827552769e-05	0.0355214354927	0.954543166894	0.000426197870806	1	1	1	1	1	1	1	0.000955748574578	0.592931115361	0.000111696488013	0.0522341939587	1	9.9490798909e-05	1	1	1	0.0839175456256
GO_BIOLOGICAL_ADHESION	1	1	1	1	1	1	1	1	1	1	1	1	1	1	1	1	1	1	1	0.467573657782	1	1	1	0.388488093739	1	1	1	0.0159383227873	1	1	1	1	1	1	1	1	1	0.0469183140731	1	1	1	1	1	1	1	1	1
GO_CALCIUM_CHANNEL_COMPLEX	1	1	1	1	1	1	1	1	1	1	1	1	1	1	1	1	1	1	1	1	1	1	1	1	1	1	1	1	0.15041634214	1	1	1	1	1	1	1	1	0.681395156401	1	1	1	1	1	1	1	1	1
GO_CALCIUM_DEPENDENT_CELL_CELL_ADHESION_VIA_PLASMA_MEMBRANE_CELL_ADHESION_MOLECULES	1	1	1	1	1	1	1	1	1	1	1	1	1	1	1	1	1	1	1	1	1	1	1	1	1	1	1	1	1	1	1	1	1	1	1	0.503550741867	1	1	1	1	1	1	1	1	1	1	1
GO_CALCIUM_ION_BINDING	1	1	1	1	1	1	0.363803705079	1	1	0.842419945758	1	1	1	1	1	1	1	1	1	1	1	1	1	0.12689265617	1	1	1	1	1	1	1	1	1	1	1	1	1	1	1	0.058278276997	1	1	1	1	1	1	1
GO_CALCIUM_ION_TRANSMEMBRANE_TRANSPORT	1	1	1	1	1	1	0.305454700502	1	1	1	1	1	1	1	1	1	1	1	1	1	1	1	1	1	1	1	1	0.172845282855	1	1	1	1	1	1	1	1	1	0.00597606955972	1	1	1	1	1	1	1	1	1
GO_CALCIUM_ION_TRANSMEMBRANE_TRANSPORTER_ACTIVITY	1	1	1	1	1	1	0.0204760182198	1	1	1	1	1	1	1	1	1	1	1	1	1	1	1	1	1	1	1	1	0.022875782585	1	1	1	1	1	1	1	1	1	0.00638596141499	1	1	1	1	1	1	1	1	1
GO_CARDIAC_CONDUCTION	1	1	1	1	1	1	0.000648541754251	1	1	1	1	1	1	1	1	1	1	1	1	0.00448840592303	1	1	1	1	1	1	1	1	1	0.123634735734	1	1	1	1	1	1	1	1	0.00811304897533	0.0447249824137	1	1	0.684805131348	1	1	1	1
GO_CATECHOLAMINE_SECRETION	1	1	1	1	1	1	1	1	1	1	1	1	1	1	1	1	1	1	1	1	1	1	1	1	1	1	1	1	1	1	1	1	1	1	1	1	1	1	1	1	1	1	0.980680869461	1	1	1	1
GO_CATION_CHANNEL_ACTIVITY	1	0.00435550229021	0.0	0.00275085956061	0.0107719384596	0.0	0.0	0.000824915487897	1	1	0.0	1	1	1	1	0.0715217774444	0.0	0.182224747807	0.0	0.0	1	0.000720212674651	2.00197492554e-05	0.0	1	1	0.0400939544387	2.12726281652e-05	0.0597633920135	1.55143062428e-05	1	1	0.280018214967	1	2.14838837082e-05	1	1	7.35387733641e-06	6.94048365002e-06	1.12870571678e-05	0.0	1	0.000314961457518	1	1	0.00426013219804	0.0046633824131
GO_CATION_CHANNEL_COMPLEX	1	0.0682908220717	1.8644860016e-05	0.189661534427	1	0.0	0.0	0.000166484224263	1	1	5.71386799808e-05	1	1	1	1	1	0.0	0.100609543169	0.0165800595056	0.0	1	0.0727369873039	0.967769860665	9.72369352303e-06	1	1	1	0.00581725455786	0.00362397596928	2.4157824297e-05	1	1	1	1	1	1	1	0.000343554434951	0.00031191749181	2.05626790039e-05	1.73222600043e-05	1	0.00535637330185	1	1	1	0.00435556059961
GO_CATION_TRANSMEMBRANE_TRANSPORT	1	0.283488786139	0.044296494909	0.0576288677155	0.00163794104714	0.0	0.0	1	1	1	0.0184443345562	1	1	1	1	1	0.00900490628697	0.0317929969067	0.100296180195	0.0	1	1	1	0.000296067144301	1	1	0.0688747705645	0.000604210757603	1	2.07595034558e-05	1	1	1	1	0.0458651154176	1	1	0.000251944198783	0.0147233033539	0.000204479389053	1.28823032368e-05	1	0.175628824359	1	1	0.110312039429	0.115665801296
GO_CATION_TRANSMEMBRANE_TRANSPORTER_ACTIVITY	1	0.40889093983	0.0184076124377	0.242040025506	1	0.0	0.0	1	1	1	0.0238859297308	1	1	1	1	1	0.118603844252	1	0.00260431663214	0.0	1	1	0.00530089582037	9.34184074597e-06	1	1	1	0.00629983025919	1	0.00523843753704	1	1	1	1	0.265768304979	1	1	0.0973297390176	0.000880645410586	8.73252238798e-05	0.000763190488702	1	1	1	1	0.211608351011	1
GO_CATION_TRANSPORT	1	1	0.0413953157827	0.0245711597831	0.135755352355	0.0	0.0	1	1	1	0.0630617463716	1	1	1	1	1	0.02812238769	0.253847934822	0.665680246602	0.000269828090663	1	1	1	0.00178686567432	1	1	0.141029033098	0.0127546413365	1	0.000660373651652	1	1	1	1	0.267942797921	1	1	0.00211695788731	0.214779035519	0.0105065733189	3.35466370154e-05	1	1	1	1	0.0893034257446	1
GO_CELLULAR_COMPONENT_MORPHOGENESIS	1	7.3861198116e-05	1	1	1	0.0	0.000252601574006	1	1	1	0.995473002649	1	1	1	1	1	0.132079040454	0.970612188381	0.23433326769	0.636881561601	1	1	1	0.00717102736356	1	1	0.000246275773731	1	0.433623295051	1	0.0942300287419	1	1	1	0.0510194126217	1	1	0.155810474225	5.56237092064e-05	5.02857782539e-05	1	1	1	1	1	1	1
GO_CELL_BODY	1	0.00236136269889	1	1	0.422185292102	0.000202280379023	1.23948177722e-06	0.0598336151283	1	1	0.0125385547393	1	1	1	1	1	0.00614164282593	1	0.0183449323382	0.0	1	0.0561669427668	1	9.43203718755e-05	1	1	0.0	1	1	0.00251668973481	0.0133648855331	1	1	1	0.000401231508689	1	0.0533279915531	0.00479515029243	0.00122669905213	0.000413377797385	0.0281147667291	1	0.030110230326	1	1	0.0137448008446	1
GO_CELL_CELL_ADHESION_VIA_PLASMA_MEMBRANE_ADHESION_MOLECULES	1	1	1	1	1	1	1	1	1	1	1	1	1	1	1	1	1	1	1	1	1	1	1	1	1	1	1	0.158030610464	1	1	1	1	1	1	1	1	1	1	1	1	1	1	1	1	1	1	1
GO_CELL_CELL_SIGNALING	1	0.000207470174424	0.00048925922365	0.0	0.00556397652843	0.0	0.0	0.000212142293678	1	1	0.0	1	1	1	1	1	0.0	2.2115568052e-05	0.0	0.0	1	0.0560211276536	1	0.0	1	1	0.0	0.159030507495	0.00288915686167	1.16750441284e-05	0.00185269183543	1	1	1	8.13694273161e-06	1	0.915831379761	0.0	1.69433673936e-06	0.0	0.0	1	0.0	1	1	0.00269547206108	0.00060891800214
GO_CELL_JUNCTION_ASSEMBLY	1	1	1	1	1	1	1	1	1	1	1	1	1	1	1	1	1	1	0.497727287782	1	1	1	1	1	1	1	0.027423723271	1	1	1	1	1	1	1	1	1	1	1	1	1	1	1	0.254065666502	1	1	1	1
GO_CELL_JUNCTION_ORGANIZATION	1	0.0376726828991	0.191910360306	0.193357567729	1	0.0312215318942	0.52149387941	1	1	1	1	1	1	1	1	1	0.000481294005775	1	0.00576675386962	0.000312405580777	1	1	1	0.485500878733	1	1	0.00944645136457	0.00152257836757	1	1	1	1	1	1	0.000628274941563	1	1	1	0.0722420519577	0.0146882736349	1	1	0.00380106764209	1	1	1	1
GO_CELL_MORPHOGENESIS	1	0.0158625470839	1	1	1	0.00049560689436	0.011336695633	1	1	1	1	1	1	1	1	1	1	1	1	1	1	1	1	0.00102555147848	1	1	0.00361121338256	1	0.474706484191	1	1	1	1	1	1	1	1	1	0.0494269854874	0.00526569179083	1	1	1	1	1	1	1
GO_CELL_MORPHOGENESIS_INVOLVED_IN_DIFFERENTIATION	1	0.00681920193351	1	1	1	0.00134860269534	0.00433577046608	1	1	1	1	1	1	1	1	1	1	1	1	1	1	1	1	0.000340895677337	1	1	0.000776259062281	1	0.123893832591	1	1	1	1	1	0.644077804337	1	1	1	0.800342603054	0.0392171418052	1	1	1	1	1	1	1
GO_CELL_MORPHOGENESIS_INVOLVED_IN_NEURON_DIFFERENTIATION	1	0.00405087762288	1	1	1	0.000109567289563	0.000100948148408	1	1	1	1	1	1	1	1	1	1	1	1	1	1	1	1	0.000176046127381	1	1	0.000491067608277	1	0.250804814293	1	0.679781967948	1	1	1	0.00795769193501	1	1	1	0.192813539871	0.0167112213426	1	1	1	1	1	1	1
GO_CELL_PART_MORPHOGENESIS	1	0.000122645721562	1	1	1	0.0	0.000406878841719	0.677328792492	1	1	0.899823192702	1	1	1	1	1	0.223376412385	0.608425718436	1	1	1	1	1	0.00158559485534	1	1	0.000251393089683	1	0.381632114104	1	0.0967729401371	1	1	1	0.0145179975022	1	1	0.212643788802	0.000685602507779	4.70476618211e-05	1	1	0.702921808368	1	1	1	1
GO_CELL_PROJECTION_ORGANIZATION	1	0.0407504153082	1	1	0.00291182732021	2.93897668358e-06	6.7709525513e-06	0.00458303278666	1	1	0.160834075013	1	1	0.0558817635021	1	1	0.0390934956335	7.54887669596e-06	0.0294709772652	0.00200016653992	1	1	1	0.00129100547424	0.603801087308	1	5.59177024084e-06	1	0.334656769542	1	0.0255733106119	1	1	1	1.91278418336e-05	1	1	1	0.00399510482633	5.83970087112e-05	1	1	0.000181416830502	1	1	1	1
GO_CENTRAL_NERVOUS_SYSTEM_DEVELOPMENT	1	1	1	1	1	1	1	1	1	1	1	1	1	1	1	1	1	1	1	1	1	1	1	1	1	1	1	1	1	1	1	1	1	1	1	1	1	1	1	1	1	1	0.137504023247	1	1	1	1
GO_CHANNEL_REGULATOR_ACTIVITY	1	1	1	1	1	1	1	1	1	1	1	1	1	1	1	1	1	1	1	0.578957766944	1	1	1	1	1	1	1	1	1	1	1	1	1	1	1	1	1	1	1	1	1	1	1	1	1	1	1
GO_CHEMICAL_HOMEOSTASIS	1	1	1	1	1	1	0.161297216273	1	1	1	1	1	1	1	1	1	1	1	1	1	1	1	1	1	1	1	1	1	1	1	1	1	1	1	1	1	1	1	1	1	1	1	1	1	1	1	1
GO_CHEMICAL_SYNAPTIC_TRANSMISSION_POSTSYNAPTIC	1	1	1	1	1	1	1	1	1	1	1	1	1	1	1	1	1	1	1	1	1	1	1	0.61026114157	1	1	1	1	1	1	1	1	1	1	1	1	1	1	1	1	1	1	1	1	1	1	1
GO_CHONDROITIN_SULFATE_BINDING	1	1	1	1	1	1	1	1	1	1	1	1	1	1	1	1	1	1	1	1	1	1	1	0.7730414637	1	1	1	1	1	1	1	1	1	1	1	1	1	1	1	1	1	1	1	1	1	1	1
GO_CIRCULATORY_SYSTEM_PROCESS	1	1	1	1	1	1	1	1	1	1	1	1	1	1	1	1	1	1	0.448286789385	0.000336293240606	1	1	1	1	1	1	1	1	1	0.00117450546962	1	1	1	1	1	1	1	0.181741472382	0.000556641834004	0.0263153055699	1	1	0.690128909513	1	1	1	1
GO_CYTOSKELETAL_PROTEIN_BINDING	1	1	1	1	0.000380036876708	0.00025674207595	1.48135226081e-05	1	1	1	1	1	1	0.269580142175	1	0.0963965499233	1	0.242866968395	0.0405741884476	0.00889043501562	1	1	1	1	1	1	1	0.245757366256	1	1	0.362431188289	1	1	1	0.000240014965173	1	1	1	1	0.000903283714251	1	1	0.167244320274	1	1	1	0.00166955320243
GO_CYTOSKELETON_ORGANIZATION	1	1	1	1	1	1	1	1	1	1	1	1	1	1	1	1	1	1	1	1	1	1	1	1	1	1	1	1	1	1	1	1	1	1	0.717934357508	1	1	1	1	1	1	1	1	1	1	1	1
GO_DENDRITE_DEVELOPMENT	1	1	1	1	1	1	1	1	1	1	1	1	1	1	1	1	1	1	1	1	1	1	1	1	1	1	1	1	1	1	1	1	1	1	0.664950316047	1	1	1	1	1	1	1	1	1	1	1	1
GO_DENDRITIC_TREE	1	6.40201865325e-05	1	1	0.0292323356117	6.57827772348e-05	0.0	1	1	1	0.101652526901	1	1	1	1	1	0.000137079712659	0.016639651147	6.19638296662e-06	0.0	1	1	1	1	1	1	1.13350376502e-05	0.00308415570564	1	1	0.333038940746	1	1	1	1.33939018517e-05	1	1	0.8878078974	1.5497000007e-05	0.000201781767616	0.00287023964327	1	0.00157622132995	1	1	1	0.011866266211
GO_DENSE_CORE_GRANULE	1	1	1	1	1	1	1	1	1	1	1	1	1	1	1	1	1	1	0.77909953216	1	1	1	1	1	1	1	1	1	1	1	1	1	1	1	1	1	1	1	1	1	1	1	1	1	1	1	1
GO_DEVELOPMENTAL_MATURATION	1	0.0656785819347	1	1	1	1	1	1	1	1	1	1	1	1	1	1	1	1	1	1	1	1	1	1	1	1	1	1	1	1	1	1	1	1	1	1	1	1	1	1	1	1	1	1	1	1	1
GO_DISTAL_AXON	1	0.000178322226356	1	1	1	0.036166863718	0.0	0.162717023443	1	1	0.643822648245	1	1	1	1	1	0.0178810349715	1	0.277805786042	0.0	1	1	1	0.00230286701684	1	1	0.000400248464556	1	1	1	0.552962378527	1	1	1	0.0	1	1	0.997206323877	0.000146255633976	0.000252610690413	0.0545156012945	1	1	1	1	1	1
GO_DIVALENT_INORGANIC_CATION_TRANSMEMBRANE_TRANSPORTER_ACTIVITY	1	1	1	1	1	1	0.0191771090072	1	1	1	1	1	1	1	1	1	1	1	1	1	1	1	1	1	1	1	1	0.215489603818	1	1	1	1	1	1	1	1	1	0.125150445138	1	1	1	1	1	1	1	1	1
GO_DIVALENT_INORGANIC_CATION_TRANSPORT	1	1	1	1	1	1	0.188683949138	1	1	1	1	1	1	1	1	1	1	1	1	1	1	1	1	1	1	1	1	1	1	1	1	1	1	1	1	1	1	1	1	1	1	1	1	1	1	1	1
GO_EXOCYTIC_VESICLE	1	0.392387616353	1	1	1	1	1	1	1	1	1	1	1	1	1	1	1	1	1	1	1	1	1	1	1	1	1	1	1	1	1	1	1	1	1	1	1	1	1	0.00520077678223	1	1	1	1	1	1	1
GO_EXTRACELLULAR_MATRIX	1	1	1	1	1	1	1	1	1	1	0.147151105001	1	1	1	1	1	1	1	0.808337522576	1	1	1	1	0.00488063432576	1	1	1	1	1	1	1	1	1	1	1	1	1	1	1	1	1	1	1	1	1	1	1
GO_GATED_CHANNEL_ACTIVITY	1	0.00125414496732	0.0	0.000577536327234	0.0559709236095	0.0	0.0	0.0	0.295111946322	1	7.22974579603e-06	1	1	1	1	0.0140883951471	0.0	0.0593574659908	1.03126480795e-05	0.0	1	0.000152397325613	2.16640397221e-05	4.79950540344e-06	0.517509932472	1	0.00333114564438	1.8657806515e-05	0.0687744051126	3.5994519781e-05	1	1	0.00819275638143	0.486382840997	3.38253448251e-05	1	0.0326897203773	1.74590681612e-05	1.86526327044e-05	2.3720946716e-05	1.22691987389e-05	1	0.000416547805404	1	1	0.00497739640298	0.00562241197106
GO_GLUTAMATERGIC_SYNAPSE	1	0.0860523730615	1	1	1	1	0.6087475528	1	1	1	0.192931259428	1	1	1	1	1	1	1	1	0.242820516316	1	1	1	0.0001821460579	1	1	0.0161825876049	1	1	1	1	1	1	1	0.00587535546947	1	1	0.0377767200966	0.0214201512382	1	1	1	0.00891301404664	1	1	1	1
GO_HEAD_DEVELOPMENT	1	1	1	1	1	1	1	0.485204229785	1	1	1	1	1	1	1	1	1	1	1	1	1	1	1	1	1	1	1	1	1	1	1	1	1	1	1	1	1	1	1	1	1	1	0.0323840640401	1	1	1	1
GO_HEART_PROCESS	1	1	1	1	1	1	1	1	1	1	1	1	1	1	1	1	1	1	1	0.0383293214964	1	1	1	1	1	1	1	1	1	0.0016930774929	1	1	1	1	1	1	1	1	0.000301381752107	0.0584815808846	1	1	1	1	1	1	1
GO_HINDBRAIN_DEVELOPMENT	1	1	1	1	1	1	1	1	1	1	1	1	1	1	1	1	1	1	1	1	1	1	1	1	1	1	1	1	1	1	1	1	1	1	1	1	1	1	1	1	1	1	0.334159965146	1	1	0.379817806734	1
GO_HOMOPHILIC_CELL_ADHESION_VIA_PLASMA_MEMBRANE_ADHESION_MOLECULES	1	1	1	1	1	1	1	1	1	1	1	1	1	1	1	1	1	1	1	1	1	1	1	1	1	1	1	0.00607876384803	1	1	1	1	1	1	1	0.19194437835	1	1	1	1	1	1	0.242226801049	1	1	1	1
GO_HORMONE_ACTIVITY	1	1	1	1	1	1	1	1	1	1	1	1	1	1	1	1	1	1	1	0.165147401727	1	1	1	1	1	1	1	1	1	1	1	1	1	1	1	1	0.0670385729152	1	1	1	1	1	1	1	1	1	1
GO_HORMONE_TRANSPORT	1	0.0379592744307	1	1	1	1	7.0717617719e-05	0.374720052833	1	1	0.000269741396468	1	1	1	1	1	1.00199222707e-05	1	0.00131041584539	0.00546050947504	1	1	1	1	1	1	1	1	0.868520858333	0.157413239231	1	1	1	1	1	1	1	0.180693683996	0.465307352725	0.0110994333011	0.00893984871229	1	0.0888108697721	1	1	1	1
GO_INORGANIC_ION_TRANSMEMBRANE_TRANSPORT	1	0.367878504718	0.0847348955781	1	1	0.0	0.0	0.110501718078	1	1	0.0664677180194	1	1	1	1	1	0.0109687851109	0.244331280899	1	0.000188900024195	1	1	1	0.000386947234795	1	1	1	0.0139847292167	1	0.00265828506741	1	1	1	1	1	1	1	0.0022460985091	0.320960822793	0.000446853499959	0.000148334827697	1	1	1	1	1	1
GO_INSULIN_SECRETION	1	0.00721185076969	1	1	1	1	0.0	1	1	1	0.119580180116	1	1	1	1	1	0.0	0.243013559035	0.0017050714272	0.00864526799834	1	1	1	1	1	1	1	1	0.0145049620427	0.186707582684	1	1	1	1	1	1	1	1	0.464094431777	0.433485060956	0.316911572898	1	0.0468341065913	1	1	1	1
GO_INTRINSIC_COMPONENT_OF_PLASMA_MEMBRANE	1	0.00441528506718	0.000312107104911	0.0233339972158	1	4.20761197018e-05	0.0	0.349113131803	1	1	3.21376186703e-05	1	1	0.711020544037	1	1	0.00111893286301	0.592507940988	0.00294873161321	1.10902967146e-05	1	0.677936344331	0.451884723903	2.38443576299e-05	1	1	0.0789964058318	0.000729322108699	1	0.249159983228	1	1	1	1	1	1	1	0.00709983582679	0.00630209558351	0.00057272345266	0.00709940029993	1	0.208832071251	1	1	1	1
GO_INTRINSIC_COMPONENT_OF_PRESYNAPTIC_MEMBRANE	1	1	1	1	1	1	1	1	1	1	1	1	1	1	1	1	1	1	1	0.177483393467	1	1	1	1	1	1	1	1	1	1	1	1	1	1	1	1	1	1	1	1	1	1	1	1	1	1	1
GO_INTRINSIC_COMPONENT_OF_SYNAPTIC_MEMBRANE	1	1	1	1	1	1	1	1	1	1	1	1	1	1	1	1	1	1	0.68141252819	0.0351505152941	1	1	1	1	1	1	1	1	1	1	1	1	1	1	1	1	1	1	1	1	1	1	1	1	1	1	1
GO_ION_CHANNEL_REGULATOR_ACTIVITY	1	1	1	1	1	1	0.537105932517	1	1	1	1	1	1	1	1	1	1	1	1	0.114236078941	1	1	1	1	1	1	1	1	1	1	1	1	1	1	1	1	1	1	1	1	1	1	0.715707874898	1	1	1	1
GO_ION_TRANSMEMBRANE_TRANSPORT	1	0.0438414157533	0.0310451367877	0.159162422629	0.0377338706609	1.27478826477e-05	0.0	0.0158668218836	1	1	0.00101034949813	1	1	1	1	1	0.000471867862536	0.0324939597344	0.0209633852832	2.24869359549e-05	1	1	0.360026249996	0.003172365401	1	1	0.0418122982902	0.000963234913232	1	6.44557049534e-05	1	1	1	1	1	1	1	0.00139038462812	0.0264809542589	5.78132764342e-05	3.50959601341e-05	1	0.397653404084	1	1	0.583856057456	1
GO_ION_TRANSMEMBRANE_TRANSPORTER_ACTIVITY	1	1	0.10382677462	1	1	0.0	1.55320574213e-06	1	1	1	0.0317837374658	1	1	1	1	1	0.0390581262299	1	0.0588826905993	0.000287496165161	1	1	0.0404719519282	0.00468609131488	1	1	1	0.0175195440228	1	0.501151832214	1	1	1	1	1	1	1	1	0.164282055471	0.00390041858463	0.00173572180285	1	1	1	1	1	1
GO_ION_TRANSPORT	1	1	0.557599736739	1	1	0.0	0.0	1	1	1	0.0797308245747	1	1	1	1	1	0.0545412398877	1	1	0.000273405295763	1	1	1	0.0196375223915	1	1	0.0329360324583	0.350759808148	1	0.0529470068349	1	1	1	1	1	1	1	0.0282060980637	0.129899040672	0.0116383026977	1.76931186447e-05	1	1	1	1	1	1
GO_LIGAND_GATED_CATION_CHANNEL_ACTIVITY	1	1	0.0757310041637	1	1	0.0141430204778	0.000487671234929	1	1	1	1	1	1	1	1	1	1	1	0.835002076219	1	1	1	1	1	1	1	1	1	1	0.0013030327714	1	1	1	1	1	1	1	1	1	0.178782557285	0.374498830256	1	1	1	1	1	0.0326431904989
GO_LIGAND_GATED_ION_CHANNEL_ACTIVITY	1	1	0.0143252438153	1	1	0.000636423619915	0.000169412691974	1	1	1	0.213763312211	1	1	1	1	1	1	1	1	1	1	1	1	0.22748555379	1	1	1	1	1	0.00794761196422	1	1	1	1	1	1	1	1	1	0.00277572190826	0.301992619151	1	1	1	1	1	0.128182076207
GO_LOCOMOTORY_BEHAVIOR	1	1	1	1	1	1	1	1	1	1	1	1	1	1	1	1	1	1	1	1	1	1	1	1	1	1	0.767374376859	1	1	0.0589971091921	1	1	1	1	1	1	1	1	1	1	1	1	1	1	1	1	1
GO_MAIN_AXON	1	1	1	0.014736579265	1	1	0.704803861044	0.597477208712	1	1	1	1	1	1	1	1	1	1	1	0.783888379509	1	1	0.184414944641	1	1	1	1	1	1	1	1	1	1	1	1	1	1	1	1	0.477940123816	0.675918087955	1	1	1	1	1	1
GO_MEMBRANE_DEPOLARIZATION	1	1	1	1	1	0.000902737849912	0.0114252539434	1	1	1	1	1	1	1	1	1	1	1	1	0.00175316515828	1	1	1	1	1	1	0.464951579957	0.289266442459	1	1	1	1	1	1	1	1	1	1	0.978531749197	0.0834832531246	0.306794730223	1	0.656308548475	1	1	1	1
GO_MEMBRANE_DEPOLARIZATION_DURING_ACTION_POTENTIAL	1	1	1	1	1	0.00452117772491	0.0847586841837	1	1	1	1	1	1	1	1	1	1	1	1	1	1	1	0.896994209093	1	1	1	1	1	1	1	1	1	1	1	1	1	1	1	1	1	1	1	1	1	1	1	1
GO_MEMBRANE_DEPOLARIZATION_DURING_CARDIAC_MUSCLE_CELL_ACTION_POTENTIAL	1	1	1	1	1	0.143676140584	0.00944923347634	1	1	1	1	1	1	1	1	1	1	1	1	1	1	1	1	1	1	1	1	1	1	1	1	1	1	1	1	1	1	1	0.476527364571	1	1	1	1	1	1	1	1
GO_MEMBRANE_PROTEIN_COMPLEX	1	1	1	1	1	0.680885658051	1	1	1	1	1	1	1	1	1	1	1	1	1	1	1	1	1	1	1	1	1	1	1	1	1	1	1	1	1	1	1	1	1	1	1	1	1	1	1	1	1
GO_METAL_ION_TRANSMEMBRANE_TRANSPORTER_ACTIVITY	1	0.0164148271483	0.000540799711136	0.193908055265	1	0.0	0.0	0.733934541585	1	1	0.00897307281294	1	1	1	1	1	0.0918601596334	1	0.122231708923	0.0	1	1	0.000523536530415	0.0	1	1	1	0.00267854780415	1	0.0173139051229	1	1	1	1	0.0545978733419	1	1	0.00341528690753	0.00035039557693	4.86367671571e-05	0.000151021097314	1	1	1	1	0.0555281043665	1
GO_METAL_ION_TRANSPORT	1	1	0.0213334244658	0.295439070179	1	0.0	0.0	1	1	1	0.0346734633591	1	1	1	1	1	0.046458135107	1	1	0.00311506110411	1	1	1	0.00184953355293	1	1	0.0538379409881	0.00108073939536	1	0.000518656570357	1	1	1	1	1	1	1	0.027809651416	0.188178048998	0.0164392120037	0.000301745544223	1	1	1	1	0.556789777869	1
GO_METENCEPHALON_DEVELOPMENT	1	1	1	1	1	1	1	1	1	1	1	1	1	1	1	1	1	1	1	1	1	1	1	1	1	1	1	1	1	1	1	1	1	1	1	1	1	1	1	0.075440674544	1	1	0.396363301989	1	1	0.0117198187668	1
GO_MICROTUBULE	1	1	1	1	1	1	1	1	1	1	1	1	1	1	1	1	1	1	1	1	1	1	1	1	1	1	1	1	1	1	1	1	1	1	0.223727436618	1	1	1	1	1	1	1	1	1	1	1	1
GO_MICROTUBULE_BASED_PROCESS	1	1	1	1	1	1	1	1	1	1	1	1	1	1	1	1	1	1	1	1	1	1	1	1	1	1	1	1	1	1	1	1	1	1	0.716758551616	1	1	1	1	1	1	1	1	1	1	1	1
GO_MICROTUBULE_BINDING	1	1	1	1	1	0.991510823373	1	1	1	1	1	1	1	1	1	1	1	1	1	1	1	1	1	1	1	1	1	1	1	1	1	1	1	1	0.0233905594453	1	1	1	1	0.0553555160242	1	1	0.215456028248	1	1	1	0.444750720016
GO_MICROTUBULE_CYTOSKELETON_ORGANIZATION	1	1	1	1	1	1	1	1	1	1	1	1	1	1	1	1	1	1	1	1	1	1	1	1	1	1	1	1	1	1	1	1	1	1	0.154133616584	1	1	1	1	1	1	1	1	1	1	1	1
GO_MONOVALENT_INORGANIC_CATION_TRANSMEMBRANE_TRANSPORTER_ACTIVITY	1	1	0.00937037111726	1	1	0.0300863120322	1	1	1	1	1	1	1	1	1	1	1	1	1	0.00761026755976	1	1	1	0.0436411536195	1	1	1	1	1	1	1	1	1	1	1	1	1	1	1	0.0068951851007	1	1	1	1	1	1	1
GO_MONOVALENT_INORGANIC_CATION_TRANSPORT	1	1	0.00460740145003	0.0668102325481	1	0.000744431735583	0.0180388868798	1	1	1	1	1	1	1	1	1	1	1	1	0.0241577206028	1	1	1	0.0288626179969	1	1	1	1	1	0.489962543234	1	1	1	1	1	1	1	1	1	0.0213041696539	1	1	1	1	1	1	1
GO_MULTICELLULAR_ORGANISMAL_SIGNALING	1	1	1	1	1	0.00036081484836	0.000117647426951	1	1	1	1	1	1	1	1	1	1	1	0.0178970924905	0.0	1	1	1	0.00269061934432	1	1	1	0.571148016219	1	0.00414656135634	1	1	1	1	0.199907705308	1	1	1	0.000406932878199	0.000179036913894	0.184701477721	1	0.0245765973737	1	1	1	1
GO_NERVOUS_SYSTEM_PROCESS	1	1	1	1	1	1	1	1	1	1	1	1	1	1	1	1	1	1	1	1	1	1	1	1	1	1	1	1	1	1	1	1	1	1	1	1	1	1	1	1	1	1	0.872649152972	1	1	1	1
GO_NEURAL_NUCLEUS_DEVELOPMENT	1	1	1	1	1	1	1	1	1	1	1	1	1	1	1	1	1	1	1	1	1	1	1	1	1	1	1	1	1	0.674652644583	1	1	1	1	1	1	1	1	1	1	1	1	1	1	1	1	1
GO_NEUROGENESIS	0.579993928402	0.000446655233213	1	0.918822359151	2.16435177813e-06	0.0	0.0	0.000130272739426	1	1	0.0482675478798	1	1	1	1	1	0.0319535557086	2.27846982579e-05	1.08285022073e-05	0.0	1	0.00164712476786	1	0.0	0.945405226617	1	0.0	1	0.00156070205778	1	1.82853341064e-05	1	1	1	1.573692641e-05	1	1	0.149059083078	1.11841794618e-05	1.12447221632e-05	0.00152602299525	1	4.82150536918e-06	1	0.204757917585	0.267508000541	1
GO_NEURONAL_DENSE_CORE_VESICLE	1	1	1	1	1	1	1	1	1	1	1	1	1	1	1	1	1	1	0.503098646461	1	1	1	1	1	1	1	1	1	1	1	1	1	1	1	1	1	1	1	1	1	1	1	1	1	1	1	1
GO_NEURON_DEVELOPMENT	1	4.17863961493e-05	1	1	0.000896140547784	0.0	0.0	0.0418983052442	1	1	0.0214522564608	1	1	0.435599346543	1	1	0.000183885131947	1.33748599689e-05	6.7036569795e-05	2.67006618797e-05	1	0.119285431174	1	9.75417667182e-06	1	1	0.0	1	0.0600955626712	1	0.000313339047408	1	1	1	2.23724735298e-05	1	1	0.264851913515	3.29243788153e-05	3.33869907321e-05	0.00470804018577	1	0.00027188595615	1	1	1	1
GO_NEURON_DIFFERENTIATION	1	5.13736868657e-06	1	0.879355373102	3.20057733112e-05	0.0	0.0	0.000616655902678	1	1	0.0539461025955	1	1	1	1	1	0.000535733682228	0.0	0.0	0.0	1	0.00012761566775	1	0.0	0.0636164921715	1	0.0	1	0.000324891870832	1	1.60813381145e-06	1	1	1	0.0	1	1	0.064426728968	0.0	0.0	0.000465573457193	1	0.0	1	0.486201121109	1	1
GO_NEURON_PROJECTION	8.47235529663e-05	4.81027357786e-05	1.5944625168e-05	2.69684715976e-05	1.88799604637e-05	1.46807740133e-05	4.704729063e-06	2.93291569431e-06	2.66747085883e-05	0.0551928843609	2.29533001056e-05	0.371994416548	0.0019523363779	0.707734023302	1	0.00194601171771	4.99728157521e-06	2.58815162635e-05	3.50859569462e-05	1.86162963653e-05	1	3.33556760626e-05	9.86343379272e-05	2.04905445713e-05	0.0288582601638	1	1.41773464644e-05	2.87244194728e-05	4.2035288918e-05	4.36344449948e-05	4.48623982903e-05	0.090318788277	1	1	4.12478441999e-05	1	1	3.20696604234e-05	3.73008404467e-05	3.97470238624e-05	3.11643915725e-05	1	3.14198915695e-05	1	1	3.21393099458e-05	3.77093835775e-05
GO_NEURON_PROJECTION_GUIDANCE	1	1	1	1	1	0.00595425424717	1	1	1	1	1	1	1	1	1	1	1	1	1	1	1	1	1	0.176390181714	1	1	1	1	1	1	1	1	1	1	1	1	1	1	1	0.263577909213	1	1	1	1	1	1	1
GO_NEURON_PROJECTION_TERMINUS	1	0.00345470871475	1	1	1	1	0.553157501684	1	1	1	1	1	1	1	1	1	0.373124729443	1	1	0.0269299503688	1	1	1	0.561007603674	1	1	1	1	1	1	1	1	1	1	1	1	1	1	0.303470263638	1	1	1	0.756640227106	1	1	1	1
GO_NEURON_SPINE	1	1	1	1	1	1	1	0.310272174942	1	1	1	1	1	1	1	1	0.0317908941058	0.291748463434	1	0.469576697818	1	1	1	1	1	1	1	0.595741546307	1	1	0.284838857756	1	1	1	0.000492928875786	1	1	1	1	0.0559270270505	1	1	1	1	1	1	0.569837703725
GO_NEURON_TO_NEURON_SYNAPSE	1	0.000491992397654	1	1	1.04636389514e-05	1	0.000614637478475	1	1	1	0.983103154657	1	1	1	1	1	0.000141009344325	0.00044995710324	0.0321529293223	0.00083151105018	1	1	1	0.00529291205376	1	1	0.0	0.435089140159	0.0567836593366	1	0.0117193438401	1	1	1	0.0	1	1	0.0158446246165	1.15296016667e-05	4.68478909613e-05	1	1	2.49886209525e-06	1	1	1	0.00197691001694
GO_NEUROPEPTIDE_SIGNALING_PATHWAY	1	1	1	1	1	1	1	1	1	1	1	1	1	1	1	1	0.980092744802	1	1	1	1	1	1	1	1	1	1	1	1	1	1	1	1	1	1	1	0.427165902559	1	1	1	1	1	1	1	1	1	1
GO_NEUROTRANSMITTER_SECRETION	1	0.232684843607	1	1	1	0.870777605578	0.00315961951662	1	1	1	1	1	1	1	1	1	1	1	0.00351019447552	0.391050946737	1	1	1	1	1	1	0.000119476398676	1	1	1	1	1	1	1	0.0942069610232	1	1	0.399965190972	0.020705917286	0.193308265613	0.0635563254943	1	0.000958518553817	1	1	1	1
GO_NEUROTRANSMITTER_TRANSPORT	1	0.00101689930227	1	0.299701612271	1	0.0675311547068	0.00162831387398	1	1	1	1	1	1	1	1	1	1	0.77058001252	0.00803709658743	0.0371810408269	1	1	1	1	1	1	0.000221322151531	1	1	1	1	1	1	1	0.208630417081	1	1	0.0743501630306	0.015850927574	0.0333858659743	0.0557388102327	1	0.00262747425824	1	1	1	1
GO_PASSIVE_TRANSMEMBRANE_TRANSPORTER_ACTIVITY	1	0.0171171658161	0.0	0.0173492230068	0.696064921974	0.0	0.0	0.000127907306529	1	1	0.0	1	1	1	1	0.582322744798	0.0	0.248785891856	0.0	0.0	1	0.019073938632	0.000664510891545	0.0	1	1	0.80582664965	0.0	0.23348266317	8.2716151133e-05	1	1	0.00956700293458	1	0.0136094932359	1	0.0264405650041	8.69885288568e-06	0.00047200737902	0.0	0.0	1	0.0138762271773	1	1	0.0849737281688	1
GO_PEPTIDE_HORMONE_SECRETION	1	0.0090534261545	1	1	1	1	0.0	0.0825074279667	1	1	0.0261877555181	1	1	1	1	1	0.0	1	0.00131853735664	0.00145628775858	1	1	1	1	1	1	1	1	0.0340021148326	0.0436581796664	1	1	1	1	1	1	1	0.548880850474	0.12383563285	0.102073357468	0.0244880875153	1	0.11777982395	1	1	1	1
GO_PEPTIDE_SECRETION	1	1	1	1	1	1	0.140714025759	1	1	1	1	1	1	1	1	1	0.00322950704772	1	1	1	1	1	1	1	1	1	1	1	1	1	1	1	1	1	1	1	1	1	1	1	1	1	1	1	1	1	1
GO_PERIKARYON	1	0.0435143702174	1	1	1	0.68267326947	0.239847466523	0.242948834043	1	1	1	1	1	1	1	1	1	1	1	0.279842120762	1	1	1	0.00509569043475	1	1	0.0949376183051	1	1	1	1	1	1	1	1	1	1	1	1	1	1	1	1	1	1	1	1
GO_PLASMA_MEMBRANE_PROTEIN_COMPLEX	1	1	0.0942815095848	1	1	0.0101323941601	0.187869457384	1	1	1	1	1	1	1	1	1	1	1	1	0.039295137161	1	1	1	0.570790778451	1	1	1	1	1	0.13124558144	1	1	1	1	1	1	1	1	0.590328352295	0.385235318753	0.0697405361602	1	1	1	1	1	1
GO_PLASMA_MEMBRANE_REGION	1	1	1	1	1	1	0.647930628017	1	1	1	0.263899655434	1	1	1	1	1	0.664961157943	1	0.779314507928	0.000866511864921	1	1	1	0.707901162104	1	1	0.0113149772618	0.349292514808	1	1	0.452593568178	1	1	1	1	1	1	1	1	0.0715588727387	1	1	1	1	1	1	1
GO_POSITIVE_REGULATION_OF_ION_TRANSPORT	1	1	1	1	1	1	1	1	1	1	1	1	1	1	1	1	1	1	1	1	1	1	1	1	1	1	0.313959977589	1	1	1	1	1	1	1	1	1	1	1	1	1	1	1	1	1	1	1	1
GO_POSITIVE_REGULATION_OF_LIPID_LOCALIZATION	1	1	1	1	1	1	1	1	1	1	1	1	1	1	1	1	1	1	1	1	1	1	1	1	1	1	1	1	1	1	1	1	1	1	1	1	1	1	1	1	1	1	1	1	0.0237267457934	1	1
GO_POSITIVE_REGULATION_OF_LIPID_TRANSPORT	1	1	1	1	1	1	1	1	1	1	1	1	1	1	1	1	1	1	1	1	1	1	1	1	1	1	1	1	1	1	1	1	1	1	1	1	1	1	1	1	1	1	1	1	0.00224316263142	1	1
GO_POSITIVE_REGULATION_OF_SYNAPTIC_TRANSMISSION	1	1	1	1	1	1	1	1	1	1	1	1	1	1	1	1	1	1	1	1	1	1	1	1	1	1	0.414957766543	1	1	1	1	1	1	1	1	1	1	1	1	1	1	1	1	1	1	1	1
GO_POSITIVE_REGULATION_OF_TRANSPORT	1	1	1	0.673966225662	1	1	1	1	1	1	1	1	1	1	1	1	1	1	1	1	1	1	1	1	1	1	1	1	1	1	1	1	1	1	1	1	1	1	1	1	1	1	0.242107198102	1	1	1	1
GO_POSTSYNAPSE	1	3.5132164713e-05	0.311643321335	1	0.000542919850586	9.8928011627e-05	0.0	0.0	4.64201368011e-05	1	9.94967418988e-06	1	0.0306702566539	1	1	1	0.0	7.45731173213e-06	1.80375343461e-05	0.0	1	1	1	1.11462480878e-05	1	1	1.66834680204e-06	0.000114850099259	0.726826260394	0.00650884536706	3.4116698771e-05	1	1	1	1.94280203014e-05	1	1	1.87289045872e-05	1.18697652653e-05	2.06164482486e-05	0.000321017663703	1	1.41645431414e-05	1	1	1	0.0009448587517
GO_POSTSYNAPTIC_DENSITY_MEMBRANE	1	1	1	1	0.740812657653	1	0.580595645825	1	1	1	1	1	1	1	1	1	1	1	1	0.65485161282	1	1	1	1	1	1	0.528879030955	1	1	1	1	1	1	1	0.291777615297	1	1	0.0595430633217	0.020040160728	1	1	1	0.0182883101289	1	1	1	0.0350081223744
GO_POSTSYNAPTIC_MEMBRANE	1	1	1	1	0.042663877133	0.00400809899574	0.0	0.00126556195276	3.51079556006e-05	1	6.11636090925e-05	1	0.00157800402605	0.985408501955	1	1	2.12175606318e-05	0.005193638674	3.3443772365e-05	1.28608349187e-05	1	1	1	0.00140755264337	1	1	1.73535977974e-05	0.000178780169062	0.616648308146	0.00231480380094	0.00102430133912	1	1	1	0.000143500154896	1	1	2.9804993753e-05	4.9000071247e-05	3.59538537635e-05	0.00169383670466	1	3.65245028457e-05	1	1	1	0.00279420530008
GO_POSTSYNAPTIC_SPECIALIZATION_MEMBRANE	1	1	1	1	0.200803442718	1	0.0872314949074	1	1	1	1	1	1	1	1	1	1	1	0.511448126608	1	1	1	1	1	1	1	0.303365642355	1	1	1	1	1	1	1	0.10450266152	1	1	0.0377528240696	0.0759294589033	0.652909954843	1	1	0.00342710389047	1	1	1	0.0140514324646
GO_POTASSIUM_CHANNEL_ACTIVITY	1	1	0.000177056461196	1	1	1.17316872434e-05	0.000444901148002	1	1	1	0.203287726898	1	1	1	1	1	0.709318230431	1	0.644146346394	6.61535023964e-05	1	0.00203216204511	1	0.00434517891106	1	1	1	1	1	1	1	1	1	1	1	1	1	1	0.0951339827688	0.000148054046183	1	1	1	1	1	1	1
GO_POTASSIUM_CHANNEL_COMPLEX	1	0.126660305456	0.00182175444789	1	1	0.107699294907	0.00359153765485	1	1	1	0.691746677265	1	1	1	1	1	0.307806514979	1	1	0.0042046010413	1	0.210523934512	1	0.000138294285606	1	1	1	1	1	0.130160388958	1	1	1	1	1	1	1	1	1	0.000103424349599	0.576744649688	1	1	1	1	1	1
GO_POTASSIUM_ION_TRANSMEMBRANE_TRANSPORTER_ACTIVITY	1	1	0.00682376003304	1	1	0.00550274829786	0.009735464023	1	1	1	0.949476878464	1	1	1	1	1	1	1	1	0.000371419469716	1	0.0490756131744	1	0.0317797018081	1	1	1	1	1	1	1	1	1	1	1	1	1	1	0.106169802887	0.000972696120095	1	1	1	1	1	1	1
GO_POTASSIUM_ION_TRANSPORT	1	1	0.00716465390911	0.107217111047	1	0.000598130042137	0.00545014723359	1	1	1	0.042621598046	1	1	1	1	1	1	1	1	0.00676313016374	1	0.236320713037	1	0.0463018581295	1	1	1	1	1	1	1	1	1	1	1	1	1	1	1	0.00732138623274	1	1	1	1	1	1	1
GO_PRESYNAPSE	0.0466034466556	3.95610628567e-06	1	1	0.0304282256903	2.79074407683e-06	0.0	0.0764371491594	0.559430474999	1	0.0222661026684	1	1	1	1	0.536119546664	0.0	0.000144218165445	3.22626830673e-06	0.0	1	1	1	0.00206135735932	1	1	0.0	0.00737989160753	1	1	0.00850544041314	1	1	1	0.0	1	1	0.000123096650901	2.56872489705e-05	0.0	2.09894133008e-06	1	0.000711730834269	1	1	1	1
GO_PRESYNAPTIC_MEMBRANE	1	1	1	1	1	1	1	1	1	1	0.173549704063	1	1	1	1	1	1	1	1	0.0116214999969	1	1	1	1	1	1	0.0175211336264	1	1	1	1	1	1	1	1	1	1	1	1	0.492181312728	1	1	1	1	1	1	1
GO_REGULATION_OF_BLOOD_CIRCULATION	1	1	1	1	1	0.299070966512	0.16751071975	1	1	1	1	1	1	1	1	1	1	1	1	0.0163742035811	1	1	1	0.0303574227333	1	1	1	1	1	0.000547012443671	1	1	1	1	1	1	1	0.703607015206	0.00199146660402	0.0919961819221	1	1	1	1	1	1	1
GO_REGULATION_OF_BLOOD_PRESSURE	1	1	1	1	1	1	1	1	1	1	1	1	1	1	1	1	1	1	1	1	1	1	1	1	1	1	1	1	1	1	1	1	1	1	1	1	0.144545217738	1	1	1	1	1	1	1	1	1	1
GO_REGULATION_OF_CATION_CHANNEL_ACTIVITY	1	1	1	1	1	1	1	1	1	1	1	1	1	1	1	1	1	1	1	1	1	1	1	1	1	1	1	1	1	1	1	1	1	1	1	1	1	0.0408361250298	1	1	1	1	1	1	1	1	1
GO_REGULATION_OF_CATION_TRANSMEMBRANE_TRANSPORT	1	1	1	1	1	1	0.0078349249031	1	1	1	1	1	1	1	1	1	1	1	1	1	1	1	1	1	1	1	1	1	1	0.04611603051	1	1	1	1	1	1	1	0.79552691737	1	1	0.168930045525	1	1	1	1	1	1
GO_REGULATION_OF_CELL_DEVELOPMENT	1	1	1	1	1	0.142586382576	0.0863608532526	1	1	1	1	1	1	1	1	1	1	1	1	1	1	0.916729367558	1	0.00103849088755	1	1	0.00104041704103	1	1	0.0470373769094	0.992741482059	1	1	1	0.000236078743387	1	1	1	0.0481349183312	0.28788875699	1	1	0.0363063950323	1	1	1	1
GO_REGULATION_OF_CELL_MORPHOGENESIS	1	1	1	1	1	1	1	1	1	1	1	1	1	1	1	1	1	1	1	1	1	1	1	1	1	1	1	1	1	1	1	1	1	1	1	1	1	1	0.563420952576	1	1	1	1	1	1	1	1
GO_REGULATION_OF_CELL_PROJECTION_ORGANIZATION	1	1	1	1	1	0.0219577071292	0.060934394491	1	1	1	1	1	1	0.769391814193	1	1	1	0.608425718436	1	1	1	1	1	0.00498320448457	1	1	0.000251393089683	1	1	1	1	1	1	1	0.129501721064	1	1	1	0.403462747188	0.796256668427	1	1	1	1	1	1	1
GO_REGULATION_OF_EXOCYTOSIS	1	1	1	1	1	1	1	1	1	1	1	1	1	1	1	1	1	1	0.300489561791	1	1	1	1	1	1	1	1	1	1	1	1	1	1	1	1	1	1	1	1	1	1	1	1	1	1	0.077152612029	1
GO_REGULATION_OF_HEART_RATE	1	1	1	1	1	1	0.0809199872549	1	1	1	1	1	1	1	1	1	1	1	1	1	1	1	1	1	1	1	1	1	1	1	1	1	1	1	1	1	1	1	1	0.101695657509	1	1	1	1	1	1	1
GO_REGULATION_OF_HEART_RATE_BY_CARDIAC_CONDUCTION	1	1	1	1	1	0.108084105649	0.000848463285013	1	1	1	1	1	1	1	1	1	1	1	1	0.160852029096	1	1	1	1	1	1	1	1	1	1	1	1	1	1	1	1	1	1	0.159393136255	0.547868706757	1	1	1	1	1	1	1
GO_REGULATION_OF_HORMONE_LEVELS	1	0.0383913553092	1	1	1	1	0.00099266769779	1	1	1	0.00590393991746	1	1	1	1	1	2.27173065692e-07	1	0.00366145673389	0.00423431688228	1	1	1	1	1	1	1	1	1	0.408222914428	1	1	1	1	1	1	1	0.140941263073	1	0.00949355989172	0.818678461532	1	1	1	1	1	1
GO_REGULATION_OF_HORMONE_SECRETION	1	1	1	1	1	1	0.000137352022652	1	1	1	0.225201247955	1	1	1	1	1	0.000176131300433	1	0.0488574195303	0.704149273895	1	1	1	1	1	1	1	1	1	1	1	1	1	1	1	1	1	1	1	0.226174414373	0.205457698525	1	1	1	1	1	1
GO_REGULATION_OF_INSULIN_SECRETION	1	1	1	1	1	1	0.000216574805026	1	1	1	1	1	1	1	1	1	0.00851187309336	1	0.144799020636	0.67153575652	1	1	1	1	1	1	1	1	0.537732267009	1	1	1	1	1	1	1	1	1	1	1	1	1	1	1	1	1	1
GO_REGULATION_OF_ION_TRANSMEMBRANE_TRANSPORT	1	1	0.151647590859	0.435125095039	1	0.0	0.0	1	1	1	0.548217045543	1	1	1	1	1	0.0518700298018	1	1	0.00585003322432	1	0.50313977005	1	1	1	1	1	0.143856017177	1	0.0085078524873	1	1	1	1	0.253689128852	1	1	6.81276854267e-05	0.0359414088994	0.00366435056658	0.000136047887264	1	1	1	1	1	1
GO_REGULATION_OF_ION_TRANSPORT	1	1	0.157875548026	0.0447370601437	1	2.65377047004e-06	0.0	1	1	1	0.929937920331	1	1	1	1	1	0.0300183408452	1	1	0.0018087617027	1	0.121851450846	1	1	1	1	0.00242619048166	0.73267705314	1	0.0308249642836	1	1	1	1	0.382741471831	1	1	3.52254112659e-05	0.0553185236383	0.00411164963326	9.77400693394e-05	1	0.731343772341	1	1	1	1
GO_REGULATION_OF_LIPID_TRANSPORT	1	1	1	1	1	1	1	1	1	1	1	1	1	1	1	1	1	1	1	1	1	1	1	1	1	1	1	1	1	1	1	1	1	1	1	1	1	1	1	1	1	1	1	1	0.396470596297	1	1
GO_REGULATION_OF_MEMBRANE_POTENTIAL	1	1	0.00565949578968	1	1	0.0	0.0	0.00025389388808	1	1	0.0	1	1	1	1	1	0.0	0.440363013497	0.0312528551255	0.0	1	1	0.785953940339	3.12426745142e-07	1	1	0.0134312347435	0.106019204092	1	0.000185417376464	0.129498047257	1	1	1	0.383917286939	1	1	0.0023108044805	0.00327546071439	5.73704695517e-06	1.92522151821e-05	1	0.0156237107989	1	1	1	1
GO_REGULATION_OF_METAL_ION_TRANSPORT	1	1	1	1	1	1	0.48566504519	1	1	1	1	1	1	1	1	1	1	1	1	1	1	1	1	1	1	1	1	1	1	0.538360608097	1	1	1	1	1	1	1	1	1	1	0.191654564225	1	1	1	1	1	1
GO_REGULATION_OF_NERVOUS_SYSTEM_DEVELOPMENT	1	1	1	1	0.113411774822	0.0249716708363	0.0146282397826	1	1	1	1	1	1	1	1	1	1	0.121147878164	0.482131949339	1	1	1	1	0.0	1	1	0.0	1	1	0.0556053822655	0.508996311523	1	1	1	2.89263906991e-05	1	1	1	0.0029826244561	0.0101190097035	1	1	0.00239394568827	1	1	1	1
GO_REGULATION_OF_NEURON_DIFFERENTIATION	1	0.609825568901	1	1	0.252439011727	0.00066049153051	0.0157205837726	1	1	1	1	1	1	1	1	1	1	0.200033275092	1	1	1	0.652436781296	1	0.000406911575818	1	1	3.10194230554e-05	1	1	0.0273540452157	0.302753979171	1	1	1	1.85929739382e-06	1	1	1	0.000545319782365	0.216144116871	1	1	0.0118401972184	1	1	1	1
GO_REGULATION_OF_NEURON_PROJECTION_DEVELOPMENT	1	1	1	1	0.898163269458	0.00270417880059	0.061554206034	1	1	1	1	1	1	1	1	1	1	1	1	1	1	1	1	0.0181321289229	1	1	6.0116800471e-06	1	1	0.105365741751	1	1	1	1	0.001776322629	1	1	1	0.00377885211444	1	1	1	0.109957795643	1	1	1	1
GO_REGULATION_OF_NEUROTRANSMITTER_LEVELS	1	0.0403740501152	1	1	1	1	0.200250304751	1	1	1	1	1	1	1	1	1	1	1	0.0561729525992	0.240615235239	1	1	1	1	1	1	0.00867326683676	1	1	1	1	1	1	1	1	1	1	1	0.11514847734	0.211271969527	0.372235012479	1	0.0773527217918	1	1	1	1
GO_REGULATION_OF_NEUROTRANSMITTER_TRANSPORT	1	1	1	1	1	1	1	1	1	1	1	1	1	1	1	1	1	1	1	1	1	1	1	1	1	1	1	1	1	1	1	1	1	1	1	1	1	1	1	1	1	1	0.802325748241	1	1	1	1
GO_REGULATION_OF_PEPTIDE_HORMONE_SECRETION	1	0.826521025893	1	1	1	1	0.000274445696923	1	1	1	1	1	1	1	1	1	0.00101161698063	1	0.0342268320489	0.155882901764	1	1	1	1	1	1	1	1	0.58456391722	1	1	1	1	1	1	1	1	1	1	0.433485060956	1	1	1	1	1	1	1
GO_REGULATION_OF_POSTSYNAPTIC_MEMBRANE_POTENTIAL	1	1	1	1	1	0.993323483711	1	1	1	1	1	1	1	1	1	1	1	1	1	1	1	1	1	1	1	1	1	1	1	1	1	1	1	1	1	1	1	1	1	1	1	1	1	1	1	1	1
GO_REGULATION_OF_REGULATED_SECRETORY_PATHWAY	1	1	1	1	1	1	1	1	1	1	1	1	1	1	1	1	1	1	1	1	1	1	1	1	1	1	1	1	1	1	1	1	1	1	1	1	1	1	1	1	1	1	1	1	1	0.0766328851982	1
GO_REGULATION_OF_SECRETION	1	1	1	0.518941500611	1	0.140638947504	0.000155487192365	1	1	1	0.1921743908	1	1	1	1	1	0.00704170335976	1	0.0114033098923	0.0134951449332	1	1	1	1	1	1	0.109959772294	1	1	1	1	1	1	1	1	1	1	1	1	0.421288274621	0.0136681163315	1	0.0199654076038	1	1	1	1
GO_REGULATION_OF_SYNAPSE_STRUCTURE_OR_ACTIVITY	1	1	1	1	1	0.619347965137	1	1	1	1	1	1	1	1	1	1	1	1	1	1	1	1	1	1	1	1	1	1	1	1	1	1	1	1	1	1	1	1	1	1	1	1	1	1	1	1	1
GO_REGULATION_OF_SYNAPTIC_PLASTICITY	1	1	1	1	1	1	1	1	1	1	1	1	1	1	1	1	1	1	1	1	1	1	1	1	1	1	0.019891696262	1	1	1	1	1	1	1	1	1	1	1	1	1	1	1	0.112648828755	1	1	1	0.0613345177011
GO_REGULATION_OF_SYNAPTIC_VESICLE_CYCLE	1	0.953433884407	1	1	0.133593378605	1	0.00016410616651	1	1	1	1	1	1	1	1	1	1	1	0.317272593238	1	1	1	1	1	1	1	0.0303504702402	1	1	1	1	1	1	1	0.466348113835	1	1	1	0.0476070605554	1	1	1	0.396363301989	1	1	1	1
GO_REGULATION_OF_SYNAPTIC_VESICLE_EXOCYTOSIS	1	1	1	1	1	1	0.666462494444	1	1	1	1	1	1	1	1	1	1	1	1	1	1	1	1	1	1	1	1	1	1	1	1	1	1	1	1	1	1	1	1	1	1	1	0.850539235331	1	1	1	1
GO_REGULATION_OF_SYSTEM_PROCESS	1	1	1	0.0496353425232	0.444685433743	0.00132670067092	1	1	1	1	1	1	1	1	1	1	1	1	1	0.00542770611238	1	0.59717099493	1	1.27466158308e-05	1	1	0.114352396182	1	1	2.19136698033e-05	1	1	1	1	1	1	1	0.509193408649	0.00185974762703	0.00286022092224	0.911542450726	1	9.69624701254e-05	1	1	1	1
GO_REGULATION_OF_TRANSMEMBRANE_TRANSPORT	1	1	0.174358839476	0.14452707411	1	7.08706423658e-06	0.0	0.744947854699	1	1	0.63006933639	1	1	1	1	1	0.272144478896	1	1	0.00988336265886	1	0.528051086921	1	1	1	1	1	0.195114798247	1	0.0438671709854	1	1	0.875788022693	1	0.831379828242	1	1	8.10099100812e-05	0.062878472179	0.000495689135888	0.000443882835988	1	1	1	1	1	1
GO_REGULATION_OF_TRANSPORT	1	0.00779926807133	0.0101440040505	0.000185965640247	0.0358343760938	0.0	0.0	1	1	1	0.0	1	1	0.395389876258	1	1	0.00108681096242	0.034230726352	0.00144122845636	0.0	1	0.312317265665	1	1	1	1	0.0	1	0.0188719063827	0.0191665623052	1	1	1	1	5.06843331145e-05	1	1	5.35993463213e-06	0.00116179289456	0.0	0.0	1	0.0	1	1	0.312317265665	1
GO_REGULATION_OF_TRANSPORTER_ACTIVITY	1	1	1	1	1	1	0.862168696744	1	1	1	1	1	1	1	1	1	1	1	1	1	1	1	1	1	1	1	1	1	1	0.379415725249	1	1	1	1	1	1	1	0.339640228933	1	1	1	1	1	1	1	1	1
GO_REGULATION_OF_TRANS_SYNAPTIC_SIGNALING	1	0.215072751996	1	0.52689812105	0.0727156818521	0.0	0.0	0.026098252356	1	1	1	1	1	1	1	1	0.341109074417	1	0.000606762737022	0.000187185389499	1	1	1	0.000758409676206	1	1	0.0	0.680742557515	0.0966477052707	0.0192990839718	0.0621662355685	1	1	1	6.10017983607e-05	1	1	0.0157871620677	0.000459393161227	3.86687474656e-05	0.358852207507	1	0.0	0.715729698495	1	1	0.00386262996977
GO_RESPONSE_TO_AXON_INJURY	1	1	1	1	1	1	1	1	1	1	1	1	1	1	1	1	1	0.0532429297479	1	1	1	1	1	1	1	1	0.0989963883758	1	1	1	1	1	1	1	1	1	1	1	1	1	1	1	1	1	1	1	1
GO_SECRETION	1	1	1	0.355375248594	1	1	1	1	1	1	1	1	1	1	1	1	1	1	1	1	1	1	1	1	1	1	1	1	1	1	1	1	1	1	1	1	1	1	1	1	1	1	1	1	1	1	1
GO_SENSORY_ORGAN_DEVELOPMENT	1	1	1	1	1	1	1	1	1	1	1	1	1	1	1	1	1	1	0.187427506333	1	1	1	1	1	1	1	1	1	1	1	1	1	1	1	1	1	1	1	1	1	1	1	1	1	1	1	1
GO_SIGNAL_RELEASE	1	0.0218098666314	1	0.0357667683637	0.314792027892	0.0193500669043	0.0	0.458439319102	1	1	0.00332108677975	1	1	1	1	1	0.000545937231318	1	3.95149315997e-05	0.00324622381006	1	1	1	1	1	1	0.00290501218645	1	1	0.0232000436662	1	1	1	1	0.393731913508	1	1	0.0147680803972	0.000113972666177	0.00448795290324	0.00029715999581	0.934673228152	6.68218448928e-05	1	1	1	1
GO_SITE_OF_POLARIZED_GROWTH	1	1	1	1	1	1	1	1	1	1	1	1	1	1	1	1	1	1	1	0.389973763781	1	1	1	1	1	1	1	1	1	1	1	1	1	1	0.0637219796434	1	1	1	1	1	1	1	1	1	1	1	1
GO_SODIUM_CHANNEL_ACTIVITY	1	1	0.0451779741953	1	1	1	1	1	1	1	1	1	1	1	1	1	1	1	1	1	1	1	1	1	1	1	1	1	1	1	1	1	1	1	1	1	1	1	1	1	1	1	1	1	1	1	1
GO_SOMATODENDRITIC_COMPARTMENT	1	1.0590978224e-05	0.715245627418	0.26814800141	2.97913453368e-05	0.0	0.0	0.000156562887953	1	1	0.0	1	1	1	1	0.0754496783939	0.0	0.000464288359885	0.0	0.0	1	0.169134705475	0.388837239485	0.0	1	1	0.0	5.52443044097e-05	0.0168868890747	9.34338821512e-06	4.43737410416e-06	1	1	1	6.80993053848e-06	1	1	2.59576186323e-07	0.0	0.0	4.09983499738e-06	1	3.72625801048e-06	1	1	0.000264546611406	0.000193669206078
GO_SYNAPSE	0.000215005384193	3.30126053838e-05	0.0	7.691383477e-06	0.0	0.0	0.0	0.0	6.63422434921e-05	1	1.06640840568e-05	1	0.0016473613845	0.0103290548519	0.0907022314064	0.0542429363857	0.0	7.32001185477e-06	1.36368869219e-05	0.0	0.154403544146	0.0151335975224	0.00258368137662	9.83750717998e-06	0.00253772304189	0.0106373233973	0.0	1.44613558517e-05	1.44107816653e-05	2.85896684155e-05	2.82808879755e-05	1	1	1	2.06709103735e-05	1	0.000807296817691	1.68249391646e-05	2.25608857729e-05	1.89281882081e-05	1.47820268799e-05	1	1.42907289025e-05	0.0930224809649	1	0.0151335975224	1.83977551627e-05
GO_SYNAPSE_ASSEMBLY	0.721918753561	1	1	1	1	1	1	1	1	1	1	1	1	1	1	1	1	1	1	1	1	1	1	1	1	1	0.0102494218534	1	1	1	1	1	1	1	1	1	1	1	1	1	1	1	1	1	1	1	1
GO_SYNAPSE_ORGANIZATION	0.328326302141	0.00580632009292	1	1	1	0.00190409903912	0.14320747148	0.0918664680627	1	1	1	1	1	1	1	1	0.00018147220189	0.271894134293	1	0.019677448634	1	1	1	0.16656734955	1	1	0.0259622202841	0.0713487454484	1	1	1	1	1	1	2.94541552619e-05	1	1	1	0.280470873187	0.0026095094295	1	1	0.24052984523	1	1	1	1
GO_SYNAPTIC_MEMBRANE	1	0.0251482060478	1	1	0.0106226935694	0.0010750065661	0.0	0.000450238849841	0.000597548604216	1	5.62130649207e-06	1	0.0025421696717	0.980685616061	1	1	0.0	0.00636766061699	2.2882209727e-05	2.17067371056e-06	1	1	1	1.49887575351e-05	1	1	0.0	7.87212538715e-05	1	0.00174358647424	0.000465585157796	1	1	1	4.49454090925e-05	1	1	1.58708366218e-05	3.91419934664e-05	2.24462504317e-05	0.00253462878159	1	3.63434245926e-05	1	1	1	0.000363240604699
GO_SYNAPTIC_SIGNALING	0.92529815395	0.00630445769033	0.00304494876129	0.000212390156357	0.000317993364374	0.0	0.0	0.0	0.118376627108	1	0.0	1	1	1	1	1	0.0	1.81001441841e-05	0.0	0.0	0.0814495491666	1	1	0.0	1	0.0010165421932	0.0	0.00530485191543	0.00240373048142	2.54811262423e-07	1.73835494349e-05	1	1	1	0.0	1	0.032838411308	0.0	0.0	0.0	0.0	1	0.0	1	1	0.00879439846012	0.00265776256026
GO_SYNAPTIC_VESICLE_EXOCYTOSIS	1	0.310524266193	1	1	1	1	0.126710219917	1	1	1	1	1	1	1	1	1	1	1	0.136198711621	0.770937784307	1	1	1	1	1	1	0.0112368676516	1	1	1	1	1	1	1	1	1	1	1	1	1	1	1	0.00524765884168	1	1	1	1
GO_SYNAPTIC_VESICLE_LOCALIZATION	1	1	1	1	0.675887845646	1	1	1	1	1	1	1	1	1	1	1	1	0.845324638336	1	1	1	1	1	1	1	1	1	1	1	1	1	1	1	1	1	1	1	1	1	1	1	1	1	1	1	1	1
GO_SYNAPTIC_VESICLE_MEMBRANE	1	0.045685016001	1	1	1	1	1	1	1	1	1	1	1	1	1	1	0.786298237997	1	1	1	1	1	1	1	1	1	1	1	1	1	1	1	1	1	1	1	1	0.284806190823	1	0.017395883172	1	1	1	1	1	1	1
GO_TAXIS	1	1	1	1	1	0.310159022934	1	1	1	1	1	1	1	1	1	1	1	1	1	1	1	1	1	0.523701157034	1	1	1	1	1	1	1	1	1	1	1	1	1	1	1	1	1	1	1	1	1	1	1
GO_TRANSMEMBRANE_TRANSPORT	1	1	0.842203637889	1	1	4.85407513173e-06	0.0	1	1	1	0.0228364090393	1	1	1	1	1	0.029454776053	0.617769538013	1	0.000162861764887	1	1	1	0.643015128108	1	1	1	0.0271040453163	1	0.0142934569997	1	1	1	1	1	1	1	0.127666487403	1	0.00284098706805	0.000535867139079	1	1	1	1	1	1
GO_TRANSMISSION_OF_NERVE_IMPULSE	1	1	1	1	1	0.128836948263	1	1	1	1	1	1	1	1	1	1	1	1	1	1	1	1	1	1	1	1	1	1	1	1	1	1	1	1	1	1	1	1	1	0.948765367532	1	1	1	1	1	1	1
GO_TRANSPORTER_ACTIVITY	1	1	1	1	1	3.62928842899e-05	0.000134350172973	1	1	1	0.00673128637538	1	1	1	1	1	0.0477698531709	1	0.553240756562	0.000553932679384	1	1	1	0.120909966849	1	1	1	0.458330571755	1	1	1	1	1	1	1	1	1	1	1	0.0427238403834	0.00484799102185	1	1	1	1	1	1
GO_TRANSPORTER_COMPLEX	1	0.828750447564	9.18851062391e-05	0.0122153208295	1	0.0	0.0	0.0	1	1	0.0	1	1	1	1	1	0.0	0.516114376873	0.00220719356127	0.0	1	0.00346921667478	0.430277990515	0.0	1	1	0.11414297777	0.0814862533258	0.0494506618364	1.27472059238e-05	1	1	1	1	1	1	1	0.000302751691697	0.000715799561197	1.12491260716e-05	8.72154032039e-06	1	0.00333236624166	1	1	1	0.0657215322746
GO_TRANSPORT_VESICLE	1	0.294965673028	1	1	1	1	0.354618801681	1	1	1	1	1	1	1	1	1	0.413218606588	1	1	0.444957900798	1	1	1	1	1	1	1	1	1	1	1	1	1	1	0.295432511362	1	1	1	1	0.00051246607067	1	1	0.577226766509	1	1	1	1
GO_TRANSPORT_VESICLE_MEMBRANE	1	0.0270017720288	1	1	1	0.215561892095	0.0215490153764	1	1	1	1	1	1	1	1	1	0.438561303108	0.178797676009	1	1	1	1	1	1	1	1	1	1	1	1	1	1	1	1	1	1	1	0.0677201971455	1	0.305764423002	1	1	1	1	1	1	1
GO_TUBULIN_BINDING	1	1	1	1	0.89432293521	0.121163925111	0.766261463075	1	1	1	1	1	1	1	1	1	1	1	0.850768689367	1	1	1	1	1	1	1	1	1	1	1	1	1	1	1	0.000381587292988	1	1	1	1	0.0712069041958	1	1	1	1	1	1	0.418135473137
GO_T_TUBULE	1	1	1	1	1	0.323093706126	1	1	1	1	1	1	1	1	1	1	1	1	1	1	1	1	1	1	1	1	1	1	1	1	1	1	1	1	1	1	1	1	1	1	1	1	1	1	1	1	1
GO_VESICLE_MEDIATED_TRANSPORT_IN_SYNAPSE	1	0.00246934392284	1	1	1	0.522207068897	9.70473281448e-06	1	1	1	1	1	1	1	1	1	1	0.40838930088	0.0151315685553	0.0166896621025	1	1	1	1	1	1	0.0	1	1	0.308298574767	1	1	1	1	0.00420136336221	1	1	0.686607054187	0.00760924271382	0.00345432344328	0.531073909895	1	0.000240147947637	1	1	1	1
GO_VOLTAGE_GATED_CALCIUM_CHANNEL_ACTIVITY	1	1	1	1	1	1	0.497923277366	1	1	1	1	1	1	1	1	1	1	1	0.521525182155	0.0523404096504	1	1	1	1	1	1	1	1	1	1	1	1	1	1	1	1	1	0.0881316022833	0.480946173648	1	1	1	1	1	1	1	1
GO_VOLTAGE_GATED_CALCIUM_CHANNEL_COMPLEX	1	1	1	1	1	1	1	0.0530613077544	1	1	1	1	1	1	1	1	0.0354361681308	1	1	0.0403708082483	1	1	1	1	1	1	1	1	0.00260255839593	1	1	1	1	1	1	1	1	0.00527436336883	0.390543699056	1	1	1	1	1	1	1	1
GO_VOLTAGE_GATED_CATION_CHANNEL_ACTIVITY	1	1	0.00015180128131	0.0321498367768	1	0.0	0.0	0.0497091389128	1	1	0.000802497554641	1	1	1	1	1	0.0266484125225	1	0.00842175126694	0.0	1	0.00141776386145	0.0682645657807	0.000106746254858	1	1	0.542587145958	1	0.00298358222074	0.0566907486103	1	1	1	1	0.00331486407147	1	1	0.00205938658888	1.29945619888e-05	0.000108312377953	0.00156105888873	1	0.0593582301981	1	1	0.116952358791	0.841681438619
GO_VOLTAGE_GATED_ION_CHANNEL_ACTIVITY	1	1	4.65613084555e-06	0.000772262757573	1	0.0	0.0	0.0724630455173	1	1	0.00108788540126	1	1	1	1	1	0.175290184121	1	0.00741342917478	0.0	1	0.000247330344131	0.00415720187538	1.93199335474e-05	1	1	0.710458716716	1	0.226885744836	0.0544121903044	1	1	1	1	0.00337295817295	1	1	0.000899135253233	0.0	1.47944827891e-05	9.86703711936e-06	1	0.785758844846	1	1	0.111789614847	0.495691704361
GO_VOLTAGE_GATED_POTASSIUM_CHANNEL_ACTIVITY	1	1	0.0087042722188	1	1	0.0324729420621	0.331640862854	1	1	1	0.265013659073	1	1	1	1	1	1	1	1	0.00798892470638	1	0.0076479592168	1	0.279145701101	1	1	1	1	1	1	1	1	1	1	1	1	1	1	1	0.051214178223	1	1	1	1	1	1	1
