	ARNT2	ARX	ASCL1	ASCL2	E2F7	EBF3	ETV1	FEV	FOXD4L5	FOXJ1	FOXP2	GATA2	HES4	HEY1	HIC1	HLF	HMBOX1	ISL1	LMX1A	LMX1B	MAFA	MAFB	NEUROD2	NEUROG3	NFAT5	NHLH1	NR4A3	ONECUT1	PAX4	PAX6	PBX3	PLAG1	POU2F2	POU5F1	RFX6	SIX2	SMAD9	SOX4	SPIB	ST18	TET1	TFCP2L1	TP73	ZFP69B	ZNF382	ZNF492	ZNF519	ZNF846	ZNF883
BIOCARTA_BOTULIN_PATHWAY	1	0.00012862491584719749	1	1	1	1	1	1	1	1	1	1	1	1	1	1	1	1	1	1	1	1	1	1	1	1	1	1	1	1	1	1	1	1	1	1	1	0.001515589708739773	1	1	1	1	1	1	1	1	1	1	1
BIOCARTA_CARDIACEGF_PATHWAY	1	1	1	1	1	1	1	1	1	1	1	1	1	1	1	1	1	1	1	1	1	1	1	1	1	1	1	1	1	1	1	1	1	1	1	1	1	0.020845205441060388	1	1	1	1	1	1	1	1	1	1	1
BIOCARTA_NFAT_PATHWAY	1	1	1	1	1	1	1	1	1	1	1	1	1	1	1	1	1	1	1	1	1	1	1	1	1	1	1	1	1	1	1	1	1	1	1	1	1	1	1	1	1	1	1	1	1	1	1	0.02040790018749372	1
KEGG_ACUTE_MYELOID_LEUKEMIA	1	1	1	1	1	1	1	1	1	1	1	1	1	1	1	1	1	1	1	1	0.01749365091182664	1	1	1	1	1	1	1	1	1	1	1	1	1	1	1	1	1	1	1	1	1	1	1	1	1	1	1	1
KEGG_ADIPOCYTOKINE_SIGNALING_PATHWAY	1	1	1	1	1	1	1	1	1	1	1	1	1	1	1	1	1	1	1	0.06505398498899084	0.023696786981431295	0.008210769088677128	1	1	1	1	1	1	1	1	1	1	1	1	1	1	1	1	1	1	1	1	1	1	1	1	1	1	1
KEGG_ALZHEIMERS_DISEASE	1	1	1	1	1	1	1	1	1	1	1	1	1	1	1	1	1	1	1	1	1	1	1	1	1	0.01889418536431875	1	1	1	1	1	1	1	1	1	1	1	1	1	1	1	1	1	1	1	1	1	1	1
KEGG_ARRHYTHMOGENIC_RIGHT_VENTRICULAR_CARDIOMYOPATHY_ARVC	1	1	1	1	1	1	1	0.005001606719261642	1	1	1	1	1	1	1	1	1	1	1	1	1	1	1	1	1	1	1	1	1	1	1	1	1	1	1	0.02738327581605393	1	1	1	1	1	1	1	1	1	0.01914065324401626	1	1	0.0008496559710873264
KEGG_AXON_GUIDANCE	1	1	1	1	1	1	1	1	1	1	1	1	1	1	1	1	1	1	1	1	0.0770866500356363	1	1	1	1	1	1	1	1	1	1	0.00046546764483734737	1	1	1	1	1	1	1	1	1	1	1	1	1	1	1	1	1
KEGG_CALCIUM_SIGNALING_PATHWAY	1	0.02677895726345425	0.09694860076480172	1	1	1	1	0.006407156590994001	0.03623491022728831	1	1	1	1	1	0.029308016088991917	1	1	0.08056812339476294	1	0.024793854140901073	0.025350265454774368	1	1	1	1	1	1	1	2.676822846137128e-05	1	0.06150190783857101	1	1	1	1	1	1	1	1	1	1	0.0004456368082805806	1	1	0.0727391502301824	1	1	0.0072467858339926305	1
KEGG_CARDIAC_MUSCLE_CONTRACTION	1	1	1	1	1	1	1	0.0063031990763379175	1	1	1	1	1	1	1	1	1	1	1	1	1	1	1	1	1	1	1	1	1	1	1	1	1	1	1	0.030895985854353825	1	1	1	1	1	1	1	1	1	1	1	1	0.0009677228462525722
KEGG_CELL_ADHESION_MOLECULES_CAMS	1	1	1	1	1	1	1	1	1	1	1	1	1	1	1	1	1	1	1	1	0.08124069776658038	1	1	1	1	1	1	1	1	1	1	1	1	1	1	0.07828341768913205	1	1	1	1	1	1	1	1	1	1	1	1	1
KEGG_CHEMOKINE_SIGNALING_PATHWAY	1	1	1	1	1	1	1	1	1	1	0.014589985534192995	1	1	1	1	1	1	1	1	1	1	1	1	1	1	1	1	1	0.05666540828750066	1	1	1	1	1	1	1	1	0.0885554174880846	1	1	1	1	1	1	1	1	1	1	1
KEGG_COMPLEMENT_AND_COAGULATION_CASCADES	1	1	1	1	1	1	1	1	1	1	1	1	1	1	1	1	1	1	0.0027068467367131754	1	1	1	1	1	1	1	1	1	1	1	1	1	1	1	1	1	1	1	1	1	1	1	1	1	1	1	1	1	1
KEGG_DILATED_CARDIOMYOPATHY	1	1	1	1	1	1	1	0.009915266962536085	1	1	0.0018606075751692597	1	1	1	1	1	1	1	1	1	1	1	1	1	1	1	1	1	0.014450195532340615	1	1	1	1	1	1	0.003766387151561079	1	1	1	1	1	0.08858696820943157	1	1	1	0.027578006899316887	1	1	0.0012537509778240974
KEGG_DRUG_METABOLISM_CYTOCHROME_P450	1	1	1	1	1	1	1	1	1	1	1	1	1	1	1	1	1	1	1	1	1	1	1	1	1	1	1	1	1	1	1	1	1	1	1	1	1	1	0.03037918099167025	1	1	1	1	1	1	1	1	1	1
KEGG_ECM_RECEPTOR_INTERACTION	1	0.037379409245148376	1	1	1	1	0.01453848557551829	0.04364501092958073	1	1	1	1	1	1	1	1	1	1	1	0.09597095257530286	1	1	1	1	1	1	1	1	1	1	1	1	1	1	1	0.03457745290648673	1	0.020983120766916552	1	1	1	1	1	1	1	1	1	1	1
KEGG_EPITHELIAL_CELL_SIGNALING_IN_HELICOBACTER_PYLORI_INFECTION	1	1	1	1	1	1	1	1	1	1	1	1	1	1	1	1	1	1	1	1	1	1	1	1	1	1	1	1	1	1	1	1	1	1	1	1	1	0.053318574934964946	1	1	1	1	1	1	1	1	1	1	1
KEGG_ERBB_SIGNALING_PATHWAY	1	0.0002747160546758831	1	1	1	1	1	1	1	1	1	1	1	1	1	1	1	1	1	1	1	1	1	1	1	1	1	1	1	1	1	1	1	1	0.002273049455803977	1	1	0.023526271250956077	1	1	1	1	1	1	1	1	1	1	1
KEGG_FATTY_ACID_METABOLISM	1	1	1	1	1	1	1	1	1	1	1	1	1	1	1	1	1	1	1	0.002228611331207664	1	0.0032994848723908454	1	1	1	1	1	1	1	1	1	1	1	1	1	1	1	1	1	1	1	1	1	1	1	1	1	1	1
KEGG_FC_GAMMA_R_MEDIATED_PHAGOCYTOSIS	1	0.04757764892532679	1	1	1	1	1	1	1	1	1	1	1	1	1	1	1	1	1	1	1	1	1	1	1	1	1	1	1	1	1	1	1	1	1	0.044062234848863735	1	1	1	1	1	1	1	1	1	1	1	1	1
KEGG_FOCAL_ADHESION	1	0.0058138338826021485	1	1	1	1	0.07041218015676143	1	1	1	1	1	1	1	1	1	1	1	1	1	1	1	1	1	1	1	1	1	1	1	1	1	1	1	0.011376049874169736	1	1	0.012554608610429563	1	1	1	1	1	1	1	1	1	1	1
KEGG_GAP_JUNCTION	1	0.04236132347854493	0.02894186128395193	1	1	1	1	1	0.05235775303150203	1	0.0018606075751692597	1	1	1	0.00806716646113148	1	1	1	1	1	1	1	1	1	0.0058514629014588815	1	1	1	0.0007967245642129805	1	1	1	1	1	1	1	1	1	0.04560572565028753	1	1	1	1	1	1	1	1	1	1
KEGG_GLIOMA	1	0.001683575100192125	1	1	1	1	1	1	1	1	1	1	1	1	1	1	1	1	1	1	1	1	1	1	1	1	1	1	1	1	1	1	1	1	1	1	1	1	1	1	1	1	1	1	1	1	1	1	1
KEGG_GNRH_SIGNALING_PATHWAY	1	1	1	1	1	1	1	1	1	1	0.030856818135994724	1	1	1	1	1	1	0.0292862022640743	1	1	1	1	1	1	1	1	1	1	0.017971484201889876	1	1	1	1	1	1	0.04826895630967509	1	1	1	1	1	0.018382068013650277	1	1	1	1	1	0.07055074905769021	1
KEGG_HYPERTROPHIC_CARDIOMYOPATHY_HCM	1	1	1	1	1	1	1	0.007493328219738471	1	1	1	1	1	1	1	1	1	1	1	1	1	1	1	1	1	1	1	1	1	1	1	1	1	1	1	0.03382797923469638	1	1	1	1	1	1	1	1	1	0.02372871339217908	1	1	0.0010675637261304827
KEGG_INSULIN_SIGNALING_PATHWAY	1	1	1	1	1	1	1	1	1	1	1	1	1	1	1	1	1	1	1	1	1	1	1	1	1	1	1	1	1	1	1	1	1	1	1	1	1	1	1	1	1	1	1	1	1	0.05898883359446605	1	1	1
KEGG_LEUKOCYTE_TRANSENDOTHELIAL_MIGRATION	1	1	1	1	1	1	1	1	1	1	1	1	1	1	1	1	1	1	1	1	1	1	1	1	1	1	1	1	1	1	1	1	1	1	1	0.061710901505348525	1	1	1	1	1	0.026371462162075532	1	1	1	1	1	1	1
KEGG_LONG_TERM_POTENTIATION	1	0.026737026801857633	1	1	1	1	1	1	1	1	1	1	1	1	0.004953383187972005	1	1	1	1	1	1	1	1	1	1	1	1	1	0.00893463717447529	1	1	1	1	1	1	1	1	1	1	1	1	1	1	1	1	1	1	0.003406408412482853	1
KEGG_MAPK_SIGNALING_PATHWAY	0.07224684115035607	1	1	1	1	1	1	0.038797010751472794	0.023496866599361343	1	1	1	0.01988110451669034	1	1	1	1	1	1	1	0.00034690091063338535	1	1	1	1	1	1	1	0.0001829374460725619	1	1	1	1	1	1	0.06578774730547399	1	1	1	1	1	0.06033554400961294	1	1	0.02857249251998084	1	1	1	0.010533962154590681
KEGG_MATURITY_ONSET_DIABETES_OF_THE_YOUNG	1	1	1	1	1	1	1	0.02247196607209001	1	1	1	1	1	1	1	1	1	1	1	1	1	1	1	1	1	1	1	1	1	1	1	1	1	1	1	1	1	1	1	1	1	0.008337895071875767	1	1	1	1	1	1	1
KEGG_MELANOGENESIS	1	0.005862515425721693	0.03576268571889962	0.009109324125645468	1	1	1	1	1	1	0.030856818135994724	1	1	1	0.010071345920304564	1	1	1	1	1	1	1	1	1	1	1	1	1	1	1	1	1	1	1	1	1	1	1	1	1	1	1	1	1	1	1	1	1	1
KEGG_MELANOMA	1	1	1	1	1	1	0.010547678310569908	1	0.034113971907931195	1	1	1	1	1	1	1	1	1	1	1	0.026395812584437683	1	1	1	1	1	1	1	1	1	1	1	1	1	1	1	1	0.011960528457605646	1	1	1	1	1	1	1	1	1	1	1
KEGG_METABOLISM_OF_XENOBIOTICS_BY_CYTOCHROME_P450	1	1	1	1	1	1	1	1	1	1	1	1	1	1	1	1	1	1	1	1	1	1	1	1	1	1	1	1	1	1	1	1	1	1	1	1	1	1	0.028840606877900576	1	1	1	1	1	1	1	1	1	1
KEGG_NEUROACTIVE_LIGAND_RECEPTOR_INTERACTION	0.07461291275560022	1	1	1	1	1	1	1	0.0008168660834753094	1	0.037494196387257595	0.09956719794486624	1	1	1	1	0.037494196387257595	1	1	1	1	1	1	1	1	0.004752372255003023	1	1	1	1	1	1	1	1	1	1	1	1	1	1	1	0.017253958159509475	1	1	1	1	0.023319127894593006	1	1
KEGG_NEUROTROPHIN_SIGNALING_PATHWAY	1	0.07676861123873102	1	1	1	1	1	1	1	1	1	1	1	1	1	1	1	1	1	1	0.07401781203400482	0.0271632848474338	1	1	1	1	1	1	1	1	1	1	1	1	1	1	1	1	1	1	1	1	1	1	1	1	1	1	1
KEGG_NOD_LIKE_RECEPTOR_SIGNALING_PATHWAY	1	1	1	1	1	1	1	1	1	1	1	1	1	1	1	1	1	1	1	1	1	1	1	1	1	1	1	1	1	1	1	1	1	1	1	1	1	1	1	1	1	1	1	1	0.010440008309794413	1	1	1	1
KEGG_NON_SMALL_CELL_LUNG_CANCER	1	0.016435055486393124	1	1	1	1	1	1	1	1	1	1	1	1	1	1	1	1	1	1	1	1	1	1	1	1	1	1	1	1	1	1	1	1	1	1	1	1	1	1	1	1	1	1	1	1	1	1	1
KEGG_NOTCH_SIGNALING_PATHWAY	1	1	1	1	1	1	1	1	1	1	1	1	1	1	1	1	1	1	1	1	1	0.004116576802779992	1	1	1	1	1	1	1	1	1	1	1	1	1	1	1	1	1	1	1	1	1	1	1	1	1	1	1
KEGG_OOCYTE_MEIOSIS	1	1	1	1	1	1	1	1	1	1	0.03788969732437608	1	1	1	1	1	1	1	1	1	1	1	1	1	1	1	1	1	0.022184269595308836	1	1	1	1	1	1	1	1	1	1	1	1	1	1	1	1	1	1	0.08559331317772778	1
KEGG_PPAR_SIGNALING_PATHWAY	1	1	1	1	1	1	1	1	1	1	1	1	1	1	1	1	1	1	1	0.06848626762375276	1	1	1	1	1	1	1	1	1	1	1	1	1	1	1	1	1	1	1	1	1	1	1	1	1	1	1	1	1
KEGG_PROGESTERONE_MEDIATED_OOCYTE_MATURATION	1	1	1	1	1	1	1	1	1	1	0.0224128264417639	1	1	1	1	1	1	1	1	1	1	1	1	1	1	1	1	1	1	1	1	1	1	1	1	0.03533341146155533	1	0.09042628237694061	1	1	1	1	1	1	1	1	1	1	1
KEGG_PROSTATE_CANCER	1	1	1	1	1	1	1	1	1	1	1	1	1	1	1	1	1	1	1	1	0.03995622735253346	1	1	1	1	1	1	1	1	1	1	1	1	1	1	1	1	1	1	1	1	1	1	1	1	1	1	1	1
KEGG_PURINE_METABOLISM	1	1	1	1	1	1	1	1	1	1	0.06961436986642644	1	1	1	1	1	1	1	1	1	1	1	1	1	1	1	1	1	1	1	1	1	1	1	1	1	1	1	1	1	1	1	1	1	1	1	1	1	1
KEGG_PYRIMIDINE_METABOLISM	1	1	1	1	1	1	1	1	1	1	1	1	1	1	1	1	1	1	1	1	1	1	1	1	1	1	1	1	1	1	1	1	1	1	1	1	0.029189840729318517	1	1	1	1	1	1	1	1	1	1	1	1
KEGG_REGULATION_OF_ACTIN_CYTOSKELETON	1	1	1	1	1	1	0.07920508705652396	1	1	1	1	1	1	1	1	1	1	1	1	1	1	0.06990782968675613	1	1	1	1	1	1	1	1	1	0.02681065501897595	1	1	1	1	1	1	1	1	1	1	1	1	1	1	1	1	1
KEGG_RENAL_CELL_CARCINOMA	1	0.026737026801857633	1	1	1	1	1	1	1	1	1	1	1	1	1	1	1	1	1	1	1	1	1	1	1	1	1	1	1	1	1	1	1	1	1	1	1	1	1	1	1	1	1	1	1	1	1	1	1
KEGG_SNARE_INTERACTIONS_IN_VESICULAR_TRANSPORT	1	0.008376948716874444	1	1	1	1	1	1	1	1	1	1	1	1	1	1	1	1	1	1	1	1	1	1	1	1	1	1	1	1	0.003337385370992374	1	1	1	1	1	1	0.01174881962561769	1	1	1	1	1	1	1	1	1	1	1
KEGG_TGF_BETA_SIGNALING_PATHWAY	1	1	1	1	0.06525605776149235	1	1	1	1	1	1	1	1	1	1	1	1	1	1	1	1	1	1	1	1	1	1	1	1	1	1	1	1	1	1	0.03609580273055901	1	1	1	1	1	1	1	1	1	1	1	1	1
KEGG_TIGHT_JUNCTION	1	0.08315253962247926	1	1	1	1	1	1	1	1	1	1	1	1	1	1	1	1	1	1	1	1	1	1	1	1	1	1	1	1	1	1	1	1	1	1	1	1	1	1	1	1	1	1	1	1	1	1	1
KEGG_TOLL_LIKE_RECEPTOR_SIGNALING_PATHWAY	1	0.05301637731161124	1	1	1	1	1	1	1	1	1	1	1	1	1	1	1	1	1	1	1	1	1	1	1	1	1	1	1	1	1	1	1	1	1	0.04912739630932972	1	1	1	1	1	1	1	1	1	1	1	1	1
KEGG_TRYPTOPHAN_METABOLISM	1	1	1	1	1	1	1	1	1	1	1	1	1	1	1	1	1	1	1	1	1	1	1	1	1	1	0.005286813359906439	1	1	1	1	1	1	1	1	1	1	1	1	1	1	0.020554271855159234	1	1	1	1	1	1	1
KEGG_TYPE_II_DIABETES_MELLITUS	1	1	1	1	0.021752682020151015	1	1	0.07099030880764501	0.015791226898907773	1	1	1	1	1	1	1	1	0.006853154111312265	1	1	0.0006149232500126667	1	1	1	1	1	1	1	0.004116576802779992	1	1	1	1	1	1	1	1	0.002765060207289949	1	1	1	0.027790054475503867	1	1	0.006108997697055418	1	1	1	1
KEGG_TYPE_I_DIABETES_MELLITUS	1	1	1	1	1	1	1	0.06072662697418352	1	1	1	1	1	1	1	1	1	1	1	1	1	1	1	1	1	1	1	1	1	1	1	1	1	1	1	1	1	1	1	1	1	0.0235443611283902	1	1	1	0.006766870303390071	1	1	1
KEGG_TYROSINE_METABOLISM	1	1	1	1	1	1	1	1	1	1	1	1	1	1	1	1	1	1	1	1	1	1	1	1	1	1	1	1	1	1	1	1	0.0011533140719298673	1	1	1	1	1	1	1	1	1	1	1	1	1	1	1	1
KEGG_T_CELL_RECEPTOR_SIGNALING_PATHWAY	1	0.05866589130526756	1	1	1	1	1	1	1	1	1	1	1	1	1	1	1	1	1	1	1	1	1	1	1	1	1	1	1	1	1	1	1	1	1	1	1	1	1	1	1	1	1	1	1	1	1	1	1
KEGG_VASCULAR_SMOOTH_MUSCLE_CONTRACTION	1	1	0.04524364135565406	1	1	1	1	0.09229613611506138	1	1	0.03911664879368226	1	1	1	0.012908384397005479	1	1	1	1	1	1	1	1	1	1	1	1	1	0.022922741185016138	1	1	1	1	1	1	1	1	0.05611046560204347	1	1	1	0.0037505143337950297	1	1	1	1	1	1	1
KEGG_VEGF_SIGNALING_PATHWAY	1	0.031123005113947944	1	1	1	1	1	1	1	1	1	1	1	1	1	1	1	1	1	1	1	1	1	1	1	1	1	1	1	1	1	1	1	1	1	1	1	1	1	1	1	1	1	1	1	1	1	1	1
KEGG_VIBRIO_CHOLERAE_INFECTION	1	1	1	1	1	1	1	0.09016432264257213	1	1	1	1	1	1	1	1	1	1	1	1	1	1	1	1	1	1	1	1	1	1	1	1	1	1	1	1	1	1	1	1	1	1	1	1	1	1	1	1	1
KEGG_WNT_SIGNALING_PATHWAY	0.025860107196538862	0.017441448874394028	0.07319541981082067	1	1	1	1	1	1	1	1	1	1	1	1	1	1	1	1	1	1	0.003510951870999812	1	1	1	1	1	1	1	1	1	1	1	1	1	1	1	1	0.019441679467415707	1	1	1	1	1	1	1	1	1	1
NABA_COLLAGENS	1	1	1	1	1	1	1	0.06324118510346222	1	1	1	1	1	1	1	1	0.006368292237330486	1	1	0.002548243345656953	1	1	1	1	1	1	1	1	1	1	1	1	1	1	1	0.01024409035082574	1	1	1	1	1	1	1	1	1	1	1	1	1
NABA_CORE_MATRISOME	1	1	1	1	1	1	1	0.0041960366897155765	1	1	1	1	1	1	1	1	1	1	1	0.02817485372695816	1	1	1	1	1	1	1	1	1	1	1	1	1	1	1	0.015157735528775751	1	0.0006810126944414296	1	1	1	1	1	0.05315421616413851	1	1	1	1	1
NABA_ECM_AFFILIATED	1	1	0.0896959772249516	1	1	1	1	1	1	1	1	1	1	1	1	1	1	1	1	1	1	1	1	1	1	1	1	1	1	1	1	1	1	1	1	1	1	1	1	1	1	1	1	1	1	1	1	1	1
NABA_ECM_GLYCOPROTEINS	1	1	1	1	0.06958921103791227	1	1	0.036405031254648335	1	1	1	0.05648784584294353	1	1	1	1	1	1	1	1	1	1	1	1	1	1	1	1	1	1	1	1	1	1	1	1	1	0.036579346028516424	1	1	1	1	1	1	1	1	1	1	1
NABA_ECM_REGULATORS	1	1	1	1	1	1	1	1	1	1	1	1	1	1	1	1	1	0.0034809756018985283	1	0.003610311791656051	1	1	1	1	1	1	1	0.013246333120618958	1	1	1	1	1	1	1	0.04984770166303776	1	0.0783704348828076	1	0.01897315282351153	1	0.042717986314952716	1	1	1	1	1	1	1
NABA_MATRISOME	1	0.07595661359526584	0.07858817643824556	1	1	0.0010499437663662459	0.0012731327885060484	0.006698168359212775	0.0557070721792583	1	1	1	1	1	1	1	1	0.016496071923358335	1	0.00015626157612247393	1	1	1	1	1	1	1	0.005210964107291827	1	1	1	1	1	1	1	0.002382676926070304	1	0.0020951518666271207	1	0.010833857869847252	1	0.010122906568680534	1	0.01024412822698928	1	1	0.07913996565584236	0.030683364890732867	1
NABA_MATRISOME_ASSOCIATED	1	0.053478423201267056	0.02177553913451813	0.09020038872437541	1	0.005403674115021739	0.005124632696920983	1	0.08499762132081867	1	1	1	1	1	1	1	1	0.0464105521877588	1	0.0022223093394507787	1	1	1	1	1	1	1	0.016294951202943553	1	1	1	1	1	1	1	0.04485270580848266	1	1	1	0.027442506276211365	1	0.02219578849235615	1	0.07916732878074961	1	1	1	0.014767113208354887	1
NABA_PROTEOGLYCANS	1	1	1	1	1	1	1	1	1	1	0.004067508698100797	1	1	1	1	1	1	1	1	1	1	1	1	1	1	1	1	1	1	1	1	1	1	1	1	1	1	0.009366711458485222	1	1	1	0.015959445616602674	1	1	1	1	1	1	1
NABA_SECRETED_FACTORS	1	1	0.01802270126900185	0.08615593425051538	1	1	0.0063710604942763815	1	0.05135542854018227	1	1	1	1	1	1	1	1	1	1	0.062148130671825674	1	1	1	1	1	1	1	1	1	1	1	1	1	1	1	1	1	1	1	1	1	1	1	0.07838994617238093	1	1	1	0.003506822107137375	1
PID_AJDISS_2PATHWAY	1	1	1	1	1	1	1	0.0736390252540059	1	1	1	1	1	1	1	1	1	1	1	1	1	1	1	1	1	1	1	1	1	1	1	1	1	1	1	1	1	1	1	1	1	1	1	1	1	1	1	1	1
PID_AMB2_NEUTROPHILS_PATHWAY	1	1	1	1	1	1	1	1	1	1	1	1	1	1	1	1	1	1	1	1	1	1	1	1	1	1	1	1	1	1	1	1	1	1	1	1	1	1	1	1	1	0.021532011057460276	1	1	1	1	1	1	1
PID_ANGIOPOIETIN_RECEPTOR_PATHWAY	1	1	1	1	1	1	1	1	1	1	1	1	1	1	1	1	1	1	1	1	1	1	1	1	1	1	1	1	1	0.004145986796290191	1	1	1	1	1	1	1	1	1	1	1	1	1	1	1	1	1	1	1
PID_AP1_PATHWAY	1	1	1	1	1	1	1	1	1	1	1	1	1	1	1	1	1	1	1	1	1	1	1	1	1	1	1	1	1	1	1	1	1	1	1	1	1	0.05721269901689352	1	1	1	1	1	1	1	1	1	1	1
PID_AR_NONGENOMIC_PATHWAY	1	1	1	1	1	1	1	1	1	1	1	1	1	1	1	1	1	1	1	1	1	1	1	1	1	1	1	1	1	1	1	1	1	1	1	1	1	0.05703172282711921	1	1	1	1	1	1	1	1	1	1	1
PID_AVB3_INTEGRIN_PATHWAY	1	1	1	1	1	1	0.01141803107447903	1	1	1	1	1	1	1	1	1	0.017276774691550867	1	1	0.010917936244215443	1	1	1	1	1	1	1	1	1	1	1	1	1	1	1	0.02738327581605393	1	0.06539225186995024	1	1	1	1	1	1	1	1	1	1	1
PID_AVB3_OPN_PATHWAY	1	1	1	1	1	1	1	1	1	1	1	1	1	1	1	1	1	1	1	1	1	1	1	1	1	1	1	1	1	1	1	1	1	1	1	0.005182033505202521	1	1	1	1	1	1	1	1	1	1	1	1	1
PID_BETA_CATENIN_NUC_PATHWAY	1	1	1	1	1	1	1	1	1	1	1	1	1	1	1	1	1	1	1	1	1	1	1	1	1	1	1	1	1	1	1	1	1	1	1	1	1	1	1	1	1	0.07236533189003924	1	1	1	1	1	1	1
PID_E2F_PATHWAY	1	1	1	1	1	1	1	1	1	1	1	1	1	1	1	1	1	1	1	1	1	1	1	1	1	1	1	1	1	1	1	1	1	1	1	1	1	1	1	1	1	1	1	0.0043598158742306214	0.014263186311961329	1	1	1	1
PID_ENDOTHELIN_PATHWAY	1	1	1	1	1	1	1	0.020911052807197406	1	1	0.012728145150594727	1	1	1	0.0040312755395720545	1	1	1	1	0.05837366724268367	1	1	1	1	0.0029122438190837263	1	1	1	1	1	1	1	1	1	1	1	1	0.04417180878445093	1	1	1	1	1	1	1	1	1	1	1
PID_ER_NONGENOMIC_PATHWAY	1	1	1	1	1	1	1	1	1	1	1	1	1	1	1	1	1	0.005002646471351291	1	1	1	1	1	1	1	1	1	1	1	1	1	1	1	1	1	1	1	0.08902702933091589	1	1	1	1	1	1	1	1	1	1	1
PID_FGF_PATHWAY	1	1	1	1	1	1	1	0.09301680028803372	1	1	1	1	1	1	1	1	1	1	1	1	1	1	1	1	1	1	0.000443585006826841	1	1	1	1	1	1	1	1	1	1	0.03134600181201519	1	1	1	1	1	1	1	1	1	1	1
PID_HES_HEY_PATHWAY	1	1	1	1	1	1	1	1	1	1	1	1	1	1	1	1	1	1	1	1	1	1	1	1	1	1	1	1	1	1	1	1	1	1	1	1	1	1	1	1	1	0.028896187641213267	1	1	1	1	1	1	1
PID_HNF3B_PATHWAY	1	1	1	1	1	1	1	1	1	1	1	1	1	1	1	1	1	1	1	1	1	0.0037795364359756167	1	1	1	1	1	1	1	1	1	1	1	1	1	1	1	1	1	1	1	1	1	1	1	0.007392060975288217	1	0.01610925573707056	1
PID_INTEGRIN2_PATHWAY	1	1	1	1	1	1	1	0.029688198165606416	1	1	1	1	1	1	1	1	1	1	1	1	1	1	1	1	1	1	1	1	1	1	1	1	1	1	1	1	1	1	1	1	1	0.011124484000510693	1	1	1	1	1	1	1
PID_INTEGRIN_A9B1_PATHWAY	1	1	1	1	1	1	0.001355428603104225	1	1	1	1	1	1	1	1	1	1	1	1	1	1	1	1	1	1	1	1	1	1	1	1	1	1	1	1	0.0033879277767154825	1	0.038616874848642624	1	1	1	1	1	1	1	1	1	1	1
PID_LIS1_PATHWAY	1	1	1	1	0.008067803063978252	1	1	1	1	1	1	1	1	1	1	1	1	1	1	1	1	1	1	1	1	1	1	1	1	1	1	1	1	1	1	1	1	0.04749356889414247	1	1	1	1	1	1	1	1	1	1	1
PID_LKB1_PATHWAY	1	1	1	1	0.0015145487156749127	1	1	1	1	1	1	1	1	1	1	1	1	1	1	1	1	1	1	1	1	1	1	1	1	1	1	1	1	1	1	1	1	1	1	1	1	1	1	1	1	1	1	1	1
PID_LPA4_PATHWAY	1	1	1	1	1	1	1	1	1	1	0.0007428132010925959	1	1	1	1	1	1	1	1	1	1	1	1	1	1	1	1	1	1	1	1	1	1	1	1	1	1	1	1	1	1	1	1	1	1	1	1	1	1
PID_LYSOPHOSPHOLIPID_PATHWAY	1	1	1	1	1	1	1	1	1	1	0.013509766972068293	1	1	1	1	1	1	0.01279949449218698	1	1	1	1	1	1	1	1	1	1	1	1	1	1	1	1	1	0.021507468714385025	1	0.04772833034989521	1	1	1	0.05019329304129694	1	1	1	1	1	1	1
PID_NOTCH_PATHWAY	1	1	1	1	0.03317970551775462	1	1	1	1	1	1	1	1	1	1	1	1	1	1	1	1	0.0064181298491887695	1	1	1	1	1	1	1	1	1	1	1	1	1	1	1	0.037475780006818504	1	1	1	1	1	1	1	1	1	1	1
PID_P53_DOWNSTREAM_PATHWAY	1	1	1	1	1	1	1	1	1	1	1	1	1	1	1	1	1	1	1	1	1	1	1	1	1	1	1	1	1	0.029545837447810697	1	1	1	1	1	0.08236788697090258	1	1	0.09495472007196959	1	1	1	1	1	1	1	1	1	1
PID_P75_NTR_PATHWAY	1	1	1	1	1	1	1	1	1	1	1	1	1	1	1	1	1	1	1	1	1	1	1	1	1	1	1	1	1	1	1	1	1	1	1	1	1	1	1	1	1	1	1	1	0.012459921139519992	1	1	1	1
PID_PS1_PATHWAY	1	1	1	1	1	1	1	1	1	1	1	1	1	1	1	1	1	1	1	1	1	0.00010930686212207164	1	1	1	1	1	1	1	1	1	1	1	1	1	1	1	1	1	1	1	1	1	1	1	1	1	1	1
PID_RET_PATHWAY	1	1	1	1	1	1	1	0.005653043667820712	1	1	1	1	1	1	1	1	1	1	1	1	1	1	1	1	1	1	1	1	1	1	1	1	1	1	1	1	1	0.08525132041887917	1	1	1	1	1	1	1	1	1	1	1
PID_S1P_S1P3_PATHWAY	1	1	1	1	1	1	1	1	1	1	1	1	1	1	1	1	1	1	1	1	1	1	1	1	1	1	1	1	1	1	1	1	1	1	1	1	1	0.050602522190972055	1	1	1	1	1	1	1	1	1	1	1
PID_SYNDECAN_1_PATHWAY	1	1	1	1	1	1	1	0.0683738746534921	1	1	1	1	1	1	1	1	0.0069436714657808984	1	1	0.002894841387902747	1	1	1	1	1	1	1	1	1	1	1	1	1	1	1	1	1	1	1	1	1	1	1	1	1	1	1	1	1
PID_TOLL_ENDOGENOUS_PATHWAY	1	1	1	1	1	1	1	1	1	1	1	1	1	1	1	1	1	1	1	1	1	1	1	1	1	1	1	1	1	1	1	1	1	1	1	1	1	0.0358159628115472	1	1	1	1	1	1	1	1	1	1	1
PID_TRKR_PATHWAY	1	1	1	1	1	1	1	1	1	1	1	1	1	1	1	1	1	1	1	1	1	1	1	1	0.002732961562691427	1	1	1	1	1	1	1	1	1	1	1	1	1	1	1	1	1	1	1	1	1	1	1	1
PID_UPA_UPAR_PATHWAY	1	1	1	1	1	1	1	1	0.012742032585425611	1	1	1	1	1	1	1	1	1	1	1	0.009761470251012816	1	1	1	1	1	1	1	1	1	1	1	1	1	1	1	1	1	1	1	1	1	1	1	1	1	1	1	1
REACTOME_ACETYLCHOLINE_BINDING_AND_DOWNSTREAM_EVENTS	1	1	1	1	1	1	1	1	1	1	6.6459847265498695e-06	1	1	1	1	1	1	1	1	1	1	1	1	1	1	1	1	1	1	1	1	1	1	1	1	1	1	1	1	1	1	1	1	1	1	1	1	1	1
REACTOME_ACETYLCHOLINE_NEUROTRANSMITTER_RELEASE_CYCLE	1	0.0017012296437778351	1	1	1	1	1	1	1	1	1	1	1	1	1	1	1	1	1	1	1	1	1	1	1	1	1	1	1	1	1	1	1	1	1	1	1	0.018680606910643216	1	1	1	1	1	1	1	1	1	1	1
REACTOME_ACTIVATED_NOTCH1_TRANSMITS_SIGNAL_TO_THE_NUCLEUS	1	1	1	1	0.009832562135584588	1	1	1	1	1	1	1	1	1	1	1	1	1	1	1	1	0.0018068096198559092	1	1	1	1	1	1	1	1	1	1	1	1	1	1	1	0.05703172282711921	1	1	1	1	1	1	1	1	1	1	1
REACTOME_ACTIVATION_OF_KAINATE_RECEPTORS_UPON_GLUTAMATE_BINDING	1	1	1	1	1	1	1	1	1	1	1	1	1	1	1	1	1	1	1	1	1	1	1	1	1	1	1	1	1	1	0.0020885247328470413	1	1	1	1	1	1	0.006080677148703306	1	1	1	1	1	1	1	0.0033373853723387414	1	1	1
REACTOME_ACTIVATION_OF_MATRIX_METALLOPROTEINASES	1	1	1	1	1	1	1	0.03769305978899051	1	1	1	1	1	1	1	1	1	0.003425982163383967	1	1	1	1	1	1	1	1	1	1	1	1	1	1	1	1	1	1	1	1	1	1	1	0.014263186311286535	1	1	1	1	1	1	1
REACTOME_ACTIVATION_OF_NMDA_RECEPTORS_AND_POSTSYNAPTIC_EVENTS	1	0.004799832451087838	1	1	1	1	0.017984771249292653	1	1	1	0.027026223336511723	1	1	1	0.008772577210302446	1	1	1	1	1	1	1	1	1	0.006366935597103107	1	1	1	0.015691957700157855	1	1	1	1	1	1	1	1	1	1	1	1	1	1	1	1	1	1	0.007755003171745378	1
REACTOME_ACTIVATION_OF_TRKA_RECEPTORS	1	1	1	1	1	1	1	1	1	1	1	1	1	1	1	1	1	1	1	1	1	1	1	1	1	1	1	1	1	1	7.450210109705147e-05	1	1	1	1	1	1	1	1	1	1	0.00044619492065345323	1	1	1	1	1	1	1
REACTOME_ADAPTIVE_IMMUNE_SYSTEM	1	1	1	1	1	1	1	1	1	1	1	1	1	1	1	0.051707822766588696	1	1	1	1	1	1	1	1	0.01822432330523971	1	1	1	1	1	1	1	1	1	1	1	1	1	1	1	1	1	1	1	1	1	1	1	1
REACTOME_ADENYLATE_CYCLASE_ACTIVATING_PATHWAY	1	1	1	1	1	1	1	1	1	1	0.00032109240636013503	1	1	1	1	1	1	1	1	1	1	1	1	1	1	1	1	1	1	1	1	1	1	1	1	1	1	1	1	1	1	1	1	1	1	1	1	1	1
REACTOME_ADENYLATE_CYCLASE_INHIBITORY_PATHWAY	1	1	1	1	1	1	1	1	1	1	0.0006448770474534182	1	1	1	1	1	1	1	1	1	1	1	1	1	1	1	1	1	1	1	1	1	1	1	1	1	1	1	1	1	1	1	1	1	1	1	1	1	1
REACTOME_ADORA2B_MEDIATED_ANTI_INFLAMMATORY_CYTOKINES_PRODUCTION	1	1	1	1	1	1	1	1	1	0.02220648607397324	0.005603220802852471	1	1	1	1	1	0.005603220802852471	1	1	1	1	1	1	1	1	1	1	1	0.002451819801583044	1	0.03647931269974125	1	1	1	1	1	1	0.02572191226202314	1	1	1	0.037336888206530805	1	0.013876012212819644	1	1	1	1	1
REACTOME_ADP_SIGNALLING_THROUGH_P2Y_PURINOCEPTOR_1	1	1	1	1	1	1	1	1	1	1	1	1	1	1	1	1	1	1	1	1	1	1	1	1	1	1	1	1	1	1	1	1	1	1	1	1	1	0.038616874848642624	1	1	1	1	1	1	1	1	1	1	1
REACTOME_ADP_SIGNALLING_THROUGH_P2Y_PURINOCEPTOR_12	1	1	1	1	1	1	1	1	1	1	1	1	1	1	1	1	1	1	1	1	1	1	1	1	1	1	1	1	1	1	1	1	1	1	1	1	1	0.030465894265545246	1	1	1	1	1	1	1	1	1	1	1
REACTOME_ADRENALINE_NORADRENALINE_INHIBITS_INSULIN_SECRETION	1	1	1	1	1	1	1	0.0021828331623907626	1	1	1	1	1	1	1	1	1	1	1	1	1	1	1	1	1	1	1	1	0.0014743251756547116	1	1	1	1	1	1	1	1	0.0049967323280586395	1	1	1	1	1	1	1	1	1	1	0.00012057920285024615
REACTOME_ANTI_INFLAMMATORY_RESPONSE_FAVOURING_LEISHMANIA_PARASITE_INFECTION	1	1	1	1	1	1	1	1	1	0.05699189056093101	0.022559666888163465	1	1	1	1	1	0.022559666888163465	1	1	1	1	1	1	1	1	1	1	1	0.001025988433468461	1	0.09082327453472394	1	1	1	1	1	1	1	1	1	1	1	1	0.03640440614143092	1	1	1	1	1
REACTOME_AQUAPORIN_MEDIATED_TRANSPORT	1	1	1	1	1	1	1	1	1	1	0.00880534105673525	1	1	1	1	1	1	1	1	1	1	1	1	1	1	1	1	1	0.005017911818667953	1	1	1	1	1	1	1	1	0.0271259995319324	1	1	1	1	1	1	1	1	1	1	1
REACTOME_ASPARAGINE_N_LINKED_GLYCOSYLATION	1	0.09898289736012345	1	1	1	1	1	1	1	1	1	1	1	1	1	1	1	1	1	1	1	1	1	1	1	1	1	1	1	1	1	1	1	1	1	1	1	1	1	1	1	1	1	1	1	1	1	1	1
REACTOME_ASSEMBLY_AND_CELL_SURFACE_PRESENTATION_OF_NMDA_RECEPTORS	1	0.0005385058775045914	1	1	1	1	1	1	1	1	1	1	1	1	1	1	1	1	1	1	1	1	1	1	1	1	1	1	1	1	1	1	1	1	1	1	1	1	1	1	1	1	1	1	1	1	1	0.015435643107101549	1
REACTOME_ASSEMBLY_OF_COLLAGEN_FIBRILS_AND_OTHER_MULTIMERIC_STRUCTURES	1	1	1	1	1	1	1	0.01920634120296061	0.025779676919812977	1	1	1	1	1	1	1	0.011967207330168539	1	1	0.0005518706462220857	0.01987911624866512	1	1	1	1	1	1	1	1	1	1	1	1	1	1	1	1	1	1	1	1	1	1	1	1	1	1	1	1
REACTOME_A_TETRASACCHARIDE_LINKER_SEQUENCE_IS_REQUIRED_FOR_GAG_SYNTHESIS	1	1	1	1	1	1	1	1	1	1	1	1	1	1	1	1	1	1	1	1	1	1	1	1	1	1	1	1	1	1	1	1	1	1	1	1	1	0.004038698292711196	1	1	1	0.009000616419442165	1	1	1	1	1	1	1
REACTOME_BETA_CATENIN_INDEPENDENT_WNT_SIGNALING	1	0.0986472189234382	1	1	1	1	1	1	1	1	1	1	1	1	1	1	1	1	1	1	1	1	1	1	1	1	1	1	0.035612399314770116	1	1	1	1	1	1	1	1	1	1	1	1	1	1	1	1	1	1	1	1
REACTOME_CA2_ACTIVATED_K_CHANNELS	1	1	1	1	1	1	1	1	1	1	1	1	1	1	1	1	1	1	1	1	1	1	1	1	1	1	1	1	1	1	1	1	1	1	1	1	1	0.00015250983381376315	1	1	1	1	1	1	1	1	1	1	1
REACTOME_CA2_PATHWAY	1	1	1	1	1	1	1	1	1	1	1	1	1	1	1	1	1	1	1	1	1	1	1	1	1	1	1	1	0.007066645553396977	1	1	1	1	1	1	1	1	0.007485128962478882	1	1	1	1	1	1	1	1	1	1	1
REACTOME_CARBOXYTERMINAL_POST_TRANSLATIONAL_MODIFICATIONS_OF_TUBULIN	1	0.010636820607184294	1	1	1	1	1	0.06072662697418352	1	1	1	1	1	1	1	1	1	1	1	1	1	1	1	1	1	1	1	1	0.0034560827491261215	1	1	1	1	1	1	1	1	0.016426972557624264	0.01150416593139425	1	1	1	1	1	1	1	1	1	1
REACTOME_CARDIAC_CONDUCTION	1	0.0015177151414615953	0.06176595769437099	3.815953333996536e-05	0.0005225967527402453	1	0.03617475167193129	5.2007626325512035e-06	0.01846432619324201	1	1	1	1	1	1	0.008970373499455953	1	1	1	0.010411100941306595	1	1	0.000289999272807262	1	1	1	0.05357098678558048	1	0.0026670061697959824	0.029545837447810697	1	1	1	1	1	0.0012933561041423847	0.0060827887973923245	0.02874801539659999	0.09495472007196959	1	1	0.006957313111808916	1	1	1	1	1	1.910062973342619e-06	0.002874996040162059
REACTOME_CARGO_TRAFFICKING_TO_THE_PERICILIARY_MEMBRANE	1	1	1	1	1	1	1	0.08177075515652232	1	1	1	1	1	1	1	1	1	1	1	1	1	1	1	1	1	1	1	1	1	1	1	1	1	1	1	1	1	1	1	1	1	1	1	1	1	1	1	1	1
REACTOME_CA_DEPENDENT_EVENTS	1	0.007954388233140652	1	1	1	1	1	1	1	1	0.004537331688462043	1	1	1	0.001407534553643508	1	1	1	1	1	1	1	1	1	1	1	1	1	1	1	1	1	1	1	1	1	1	1	1	1	1	1	1	1	1	1	1	1	1
REACTOME_CELLULAR_RESPONSE_TO_HEAT_STRESS	1	1	1	1	1	1	1	1	1	1	1	1	1	1	1	1	1	1	1	1	1	1	1	1	1	1	0.030856818135994724	1	1	1	1	1	1	1	1	1	1	1	1	1	1	1	1	1	1	1	1	0.07055074905769021	1
REACTOME_CELL_CELL_COMMUNICATION	1	1	0.056308185381074516	1	1	1	1	1	1	1	1	1	1	1	1	1	1	1	1	1	0.0781185772201326	1	1	1	0.011886443677161629	1	1	1	1	1	0.03499197313301727	1	1	1	1	1	1	1	1	1	1	1	1	1	1	1	1	1	1
REACTOME_CELL_CELL_JUNCTION_ORGANIZATION	1	1	1	1	1	1	1	1	1	1	1	1	1	1	1	1	1	1	1	1	1	1	1	1	0.0030969338716063666	1	1	1	1	1	1	1	1	1	1	1	1	1	1	1	1	1	1	1	1	1	1	1	1
REACTOME_CELL_JUNCTION_ORGANIZATION	1	1	1	1	1	1	1	1	1	1	1	1	1	1	1	1	1	1	1	1	1	1	1	1	0.0061066775843393595	1	1	1	1	1	1	1	1	1	1	1	1	1	1	1	1	1	1	1	1	1	1	1	1
REACTOME_CELL_SURFACE_INTERACTIONS_AT_THE_VASCULAR_WALL	1	1	1	1	1	1	1	1	1	1	1	1	1	1	1	1	0.09786817378208601	1	1	1	1	1	1	1	1	1	1	1	1	1	1	1	1	1	1	1	1	1	1	1	1	1	1	1	1	1	1	1	1
REACTOME_CGMP_EFFECTS	1	1	1	1	1	1	1	1	1	1	1	1	1	1	1	1	1	1	1	1	1	1	1	1	1	1	1	1	1	1	1	1	1	1	1	1	1	0.01661782881358298	1	1	1	1	1	1	1	1	1	0.002115315488353753	1
REACTOME_CHONDROITIN_SULFATE_BIOSYNTHESIS	1	1	1	1	1	1	1	1	1	1	1	1	1	1	1	1	1	1	1	1	1	1	1	1	1	1	1	1	1	1	1	1	1	1	1	1	1	0.025468574439406755	1	1	1	1	1	1	1	1	1	1	1
REACTOME_CHONDROITIN_SULFATE_DERMATAN_SULFATE_METABOLISM	1	1	1	1	1	1	1	1	1	1	1	1	1	1	1	1	1	1	1	1	1	1	1	1	1	1	1	1	1	1	1	1	1	1	1	1	1	0.02449385742851895	1	1	1	0.031160539226739448	1	1	1	1	1	1	1
REACTOME_CLASS_A_1_RHODOPSIN_LIKE_RECEPTORS_	1	1	1	1	1	1	1	0.03474075699716617	0.04569052322995215	1	1	1	1	1	1	1	0.0018905502219723758	0.05629442136798568	1	1	1	1	1	1	1	1	1	1	1	1	0.038220284395856896	1	1	1	1	1	1	1	1	1	1	0.0022724639883225928	1	0.0733057938280911	1	1	1	0.013728894758688548	1
REACTOME_CLASS_B_2_SECRETIN_FAMILY_RECEPTORS_	1	0.045813577481587875	1	1	1	1	1	0.011503307947120955	1	1	1	1	1	1	1	1	1	1	1	1	1	1	1	1	1	1	1	1	1	1	1	1	1	1	1	1	0.027026223336511723	0.006453929249213286	1	1	1	1	1	0.007129776351369577	1	1	1	1	1
REACTOME_COLLAGEN_BIOSYNTHESIS_AND_MODIFYING_ENZYMES	1	1	1	1	1	1	1	1	1	1	1	1	1	1	1	1	0.014311837865426669	1	1	0.008322135708010991	1	1	1	1	1	1	1	1	1	1	1	1	1	1	1	0.022761965166929965	1	1	1	0.0016215014087935797	1	1	1	1	1	1	1	1	1
REACTOME_COLLAGEN_CHAIN_TRIMERIZATION	1	1	1	1	1	1	1	0.06324118510346222	1	1	1	1	1	1	1	1	0.006368292237330486	1	1	0.002548243345656953	1	1	1	1	1	1	1	1	1	1	1	1	1	1	1	0.01024409035082574	1	1	1	1	1	1	1	1	1	1	1	1	1
REACTOME_COLLAGEN_DEGRADATION	1	1	1	1	1	1	1	0.021793610082639248	0.02818040957625556	1	1	1	1	1	1	1	0.013116385288183707	1	1	0.0006625106789951429	0.02175268202228131	1	1	1	1	1	1	1	1	1	1	1	1	1	1	0.020891484829507867	1	1	1	1	1	1	1	1	1	1	1	1	1
REACTOME_COLLAGEN_FORMATION	1	1	1	1	1	1	1	0.051723702286651685	0.05235775303150203	1	1	1	1	1	1	1	0.02493157686479175	1	1	0.002358399655378429	0.04077333406959416	1	1	1	1	1	1	1	1	1	1	1	1	1	1	0.03920866158382408	1	1	1	0.002903261464634488	1	1	1	1	1	1	1	1	1
REACTOME_CONSTITUTIVE_SIGNALING_BY_ABERRANT_PI3K_IN_CANCER	1	1	1	1	1	1	1	1	1	1	1	1	1	1	1	1	1	1	1	1	1	1	1	1	1	1	0.017719979037238875	1	1	1	1	1	1	1	1	1	1	1	1	1	1	1	1	1	1	1	1	1	1
REACTOME_COOPERATION_OF_PDCL_PHLP1_AND_TRIC_CCT_IN_G_PROTEIN_BETA_FOLDING	1	1	1	1	1	1	1	1	0.012742032585425611	1	1	1	1	1	1	1	1	1	1	1	1	1	1	1	1	1	1	1	1	1	1	1	1	1	1	1	1	0.015419639293276943	1	1	1	1	1	1	1	1	1	1	1
REACTOME_COPI_DEPENDENT_GOLGI_TO_ER_RETROGRADE_TRAFFIC	1	1	1	1	1	1	1	1	1	1	1	1	1	1	1	1	1	1	1	1	1	1	1	1	0.007177725089129838	1	1	1	0.01763766059207561	1	1	1	1	1	1	1	1	1	1	1	1	1	1	1	1	0.03348030905445831	1	1	1
REACTOME_CREB1_PHOSPHORYLATION_THROUGH_NMDA_RECEPTOR_MEDIATED_ACTIVATION_OF_RAS_SIGNALING	1	0.004609496954502634	1	1	1	1	1	1	1	1	1	1	1	1	1	1	1	1	1	1	1	1	1	1	1	1	1	1	1	1	1	1	1	1	1	1	1	1	1	1	1	1	1	1	1	1	1	0.006445668863597875	1
REACTOME_CRMPS_IN_SEMA3A_SIGNALING	1	1	1	1	0.0026588014019028883	1	1	1	1	1	1	1	1	1	1	1	1	1	1	1	1	1	1	1	1	1	1	1	1	1	1	1	1	1	1	1	1	1	1	1	1	1	1	1	1	1	1	1	1
REACTOME_CS_DS_DEGRADATION	1	1	1	1	1	1	1	1	1	1	1	1	1	1	1	1	1	1	1	1	1	1	1	1	1	1	1	1	1	1	1	1	1	1	1	1	1	0.012809354141351648	1	1	1	1	1	1	1	1	1	1	1
REACTOME_DAG_AND_IP3_SIGNALING	1	0.009703754058793201	1	1	1	1	1	1	1	1	0.005548443449250651	1	1	1	0.0017267186141823876	1	1	1	1	0.02673822906441603	1	1	1	1	1	1	1	1	0.0031463244562245363	1	1	1	1	1	1	1	1	1	1	1	1	1	1	1	1	1	1	0.01349054743196021	1
REACTOME_DEFECTIVE_B4GALT7_CAUSES_EDS_PROGEROID_TYPE	1	1	1	1	1	1	1	1	1	1	1	1	1	1	1	1	1	1	1	1	1	1	1	1	1	1	1	1	1	1	1	1	1	1	1	1	1	0.001870714936242468	1	1	1	0.005375632859810575	1	1	1	1	1	1	1
REACTOME_DEFECTIVE_CHST14_CAUSES_EDS_MUSCULOCONTRACTURAL_TYPE	1	1	1	1	1	1	1	1	1	1	1	1	1	1	1	1	1	1	1	1	1	1	1	1	1	1	1	1	1	1	1	1	1	1	1	1	1	0.004140081071992263	1	1	1	1	1	1	1	1	1	1	1
REACTOME_DEFECTIVE_CHST3_CAUSES_SEDCJD	1	1	1	1	1	1	1	1	1	1	1	1	1	1	1	1	1	1	1	1	1	1	1	1	1	1	1	1	1	1	1	1	1	1	1	1	1	0.004140081071992263	1	1	1	1	1	1	1	1	1	1	1
REACTOME_DEFECTIVE_CHSY1_CAUSES_TPBS	1	1	1	1	1	1	1	1	1	1	1	1	1	1	1	1	1	1	1	1	1	1	1	1	1	1	1	1	1	1	1	1	1	1	1	1	1	0.004140081071992263	1	1	1	1	1	1	1	1	1	1	1
REACTOME_DEGRADATION_OF_THE_EXTRACELLULAR_MATRIX	1	0.09190887484561583	0.06415889748538883	1	1	1	0.037630457233743364	0.009953684478422264	1	1	1	1	1	1	1	1	0.055670351635998094	0.05293634078290943	1	0.0017731132516305426	0.013479340622335467	1	1	1	1	1	1	0.004754829679166961	1	1	1	1	1	1	1	0.0014010778420395775	1	1	1	1	1	1	1	1	1	0.0612829414611622	1	1	1
REACTOME_DERMATAN_SULFATE_BIOSYNTHESIS	1	1	1	1	1	1	1	1	1	1	1	1	1	1	1	1	1	1	1	1	1	1	1	1	1	1	1	1	1	1	1	1	1	1	1	1	1	0.007934413672658569	1	1	1	1	1	1	1	1	1	1	1
REACTOME_DEVELOPMENTAL_BIOLOGY	1	1	1	1	1	1	1	1	1	1	0.0832076082943436	1	1	1	1	1	1	1	1	1	0.04452148848039916	1	0.09390111195925399	1	1	1	1	1	0.07611438846386509	0.06650238736716851	1	0.04241617346558901	1	1	1	1	0.00982294421997909	0.043242751993907924	1	1	0.025320377250332315	1	1	1	1	1	1	1	1
REACTOME_DISEASE	1	1	1	1	1	1	1	1	1	1	0.05893180701619838	1	1	1	1	1	1	1	1	1	1	1	1	1	1	1	1	1	0.09552035888027399	1	1	1	1	1	1	1	1	1	1	1	1	1	1	1	1	1	1	1	1
REACTOME_DISEASES_ASSOCIATED_WITH_GLYCOSAMINOGLYCAN_METABOLISM	1	1	1	1	1	1	1	1	1	1	1	1	1	1	1	1	1	1	1	1	1	1	1	1	1	1	1	1	1	1	1	1	1	1	1	1	1	0.014448313596693407	1	1	1	0.021532011057460276	1	1	1	1	1	1	1
REACTOME_DISEASES_OF_GLYCOSYLATION	1	1	1	1	1	0.002362452068216614	1	1	1	1	1	1	1	1	1	1	1	1	1	1	1	1	1	1	1	1	1	1	1	1	1	1	1	1	1	0.08861584230959729	1	1	1	1	1	0.0447197960628285	1	1	1	1	1	1	1
REACTOME_DISEASES_OF_METABOLISM	1	1	1	1	1	0.006831008949202855	1	1	1	1	1	1	1	1	1	1	1	1	1	1	1	1	1	1	1	1	1	1	1	0.08394843109331274	1	1	1	1	1	1	1	1	1	1	1	1	1	1	1	1	1	1	1
REACTOME_DISEASES_OF_SIGNAL_TRANSDUCTION_BY_GROWTH_FACTOR_RECEPTORS_AND_SECOND_MESSENGERS	1	0.051142920202143505	1	1	1	1	1	1	1	1	1	1	1	1	1	1	1	1	1	1	1	1	1	1	1	1	1	1	1	1	1	1	1	1	1	1	1	1	1	1	1	1	1	1	1	1	1	1	1
REACTOME_DOPAMINE_NEUROTRANSMITTER_RELEASE_CYCLE	1	7.597457518360162e-05	1	1	0.0001797159136120996	1	1	1	1	1	1	1	1	1	1	1	1	1	1	0.008864800517999094	1	1	1	1	1	1	1	1	1	1	0.0012267661249364403	1	1	1	1	1	1	0.033098128075272015	1	1	1	1	1	1	1	1	1	1	1
REACTOME_DOWNSTREAM_SIGNALING_OF_ACTIVATED_FGFR4	1	1	1	1	1	1	1	0.025977178599688733	1	1	1	1	1	1	1	1	1	1	1	1	1	1	1	1	1	1	0.0024325646052404393	1	1	1	1	1	1	1	1	1	1	0.044458080569863445	1	1	1	1	1	1	1	1	1	1	1
REACTOME_ECM_PROTEOGLYCANS	1	1	1	1	1	1	1	1	1	1	1	1	1	1	1	1	1	1	1	1	1	1	1	1	1	1	1	1	1	1	1	1	1	1	1	1	1	0.06967278969943558	1	1	1	1	1	1	1	1	1	1	1
REACTOME_ELEVATION_OF_CYTOSOLIC_CA2_LEVELS	1	1	1	1	1	1	1	1	1	1	1	1	1	1	1	1	1	1	1	0.004324600404367218	1	1	1	1	1	1	1	1	1	1	1	1	1	1	1	1	1	1	1	1	1	1	1	1	1	1	1	0.002115315488353753	1
REACTOME_EPHB_MEDIATED_FORWARD_SIGNALING	1	1	1	1	1	1	1	1	1	1	1	1	1	1	1	1	1	1	1	1	1	1	1	1	1	1	1	1	1	1	1	1	1	1	1	1	1	1	1	1	1	1	1	1	1	1	1	0.014126171140054433	1
REACTOME_EPH_EPHRIN_SIGNALING	1	1	1	1	1	1	1	1	1	1	1	1	1	1	1	1	1	1	1	1	1	1	1	1	1	1	1	1	1	1	1	1	1	1	1	1	1	1	1	1	1	1	1	1	1	1	1	0.05992024502631388	1
REACTOME_ESR_MEDIATED_SIGNALING	1	1	1	1	1	1	1	1	1	1	1	1	1	1	1	1	1	1	1	1	1	1	1	1	1	1	1	1	1	0.06975648687348923	1	1	1	1	1	1	1	1	1	1	1	1	1	1	1	1	1	1	1
REACTOME_EXTRACELLULAR_MATRIX_ORGANIZATION	1	1	1	1	1	1	0.027703896102949765	0.06245369464203565	1	0.0958659996403548	0.04822693218894458	1	1	1	1	1	0.00879515403003206	0.04494095068403092	1	0.03925993967375252	0.09153233035091202	1	1	1	1	1	1	0.0012512740370208553	1	1	1	1	1	1	1	0.0005819041702225247	1	0.08381989743625473	1	0.02942440906596744	1	0.08520764268286585	1	1	1	0.05514085135991631	1	1	1
REACTOME_EXTRA_NUCLEAR_ESTROGEN_SIGNALING	1	1	1	1	1	1	1	1	1	1	1	1	1	1	1	1	1	1	1	1	1	1	1	1	1	1	1	1	1	1	1	1	1	1	1	0.028071993647218796	1	0.06751688950839663	1	1	1	1	1	1	1	1	1	1	1
REACTOME_FACTORS_INVOLVED_IN_MEGAKARYOCYTE_DEVELOPMENT_AND_PLATELET_PRODUCTION	1	1	1	1	1	1	1	1	1	1	1	1	1	1	1	1	1	1	1	1	1	1	1	1	0.01975894305469339	1	1	1	0.046909731174506475	1	1	1	1	1	1	1	1	1	1	1	1	1	1	1	1	0.012730817120852445	1	1	1
REACTOME_FATTY_ACYL_COA_BIOSYNTHESIS	1	1	1	1	1	1	1	1	1	1	1	1	1	1	1	1	1	1	1	0.022065303324683372	1	1	1	1	1	1	1	1	1	1	1	1	1	1	1	1	1	1	1	1	1	1	1	1	1	1	1	1	1
REACTOME_FCGR3A_MEDIATED_IL10_SYNTHESIS	1	1	1	1	1	1	1	1	1	1	0.02756072682005184	1	1	1	1	1	1	1	1	1	1	1	1	1	1	1	1	1	0.016009368920569145	1	1	1	1	1	1	1	1	1	1	1	1	1	1	1	1	1	1	1	1
REACTOME_FLT3_SIGNALING	1	0.08964241632008307	1	1	1	1	1	1	1	1	1	1	1	1	1	1	1	1	1	1	1	1	1	1	1	1	1	1	1	1	1	1	1	1	1	1	1	1	1	1	1	1	1	1	1	1	1	1	1
REACTOME_FOXO_MEDIATED_TRANSCRIPTION	1	1	1	1	1	1	1	1	1	1	1	1	1	1	1	1	1	1	1	1	0.023041016485330523	1	1	1	1	1	1	1	1	1	1	1	1	1	1	1	1	1	1	1	1	1	1	1	1	1	1	1	1
REACTOME_FRS_MEDIATED_FGFR4_SIGNALING	1	1	1	1	1	1	1	0.017619718908520543	1	1	1	1	1	1	1	1	1	1	1	1	1	1	1	1	1	1	0.001614690367022109	1	1	1	1	1	1	1	1	1	1	0.030465894265545246	1	1	1	1	1	1	1	1	1	1	1
REACTOME_GABA_B_RECEPTOR_ACTIVATION	1	1	1	0.0017117760312207464	1	1	1	0.06072662697418352	0.013328877824072993	1	0.006089214836054513	1	1	1	1	1	1	1	1	0.0292114468523178	1	1	0.0007905576630194977	1	1	1	1	1	0.0034560827491261215	1	1	1	1	1	1	0.009800032850146634	1	0.001988529068185585	1	1	1	0.0235443611283902	1	1	1	0.006766870303390071	1	1	1
REACTOME_GABA_RECEPTOR_ACTIVATION	1	1	1	0.003306777051610865	1	1	1	1	0.00010298944501574425	0.004835720551358169	0.011594568791511328	1	1	1	1	1	1	1	1	0.053532694414694326	1	1	0.0015350328093099996	1	1	1	1	1	0.006631108413916786	1	1	1	1	1	1	0.018503997645446857	1	0.0009013683932164174	1	1	1	0.004432648137354334	1	1	1	0.012863179293632676	1	1	1
REACTOME_GABA_SYNTHESIS_RELEASE_REUPTAKE_AND_DEGRADATION	1	0.002129151936618001	1	1	1	1	1	1	1	1	1	1	1	1	1	1	1	1	1	1	1	1	1	1	1	1	1	1	1	1	1	1	1	1	1	1	1	0.02310878849524045	1	1	1	1	1	1	1	1	1	1	1
REACTOME_GENERATION_OF_SECOND_MESSENGER_MOLECULES	1	1	1	1	1	1	1	1	1	1	1	1	1	1	1	1	1	1	1	1	1	1	1	1	1	1	1	1	1	1	1	1	1	1	1	1	1	1	1	1	1	1	1	1	0.004240107063430365	1	1	1	1
REACTOME_GLUCAGON_LIKE_PEPTIDE_1_GLP1_REGULATES_INSULIN_SECRETION	1	1	1	1	1	1	1	1	1	1	1	1	1	1	1	1	1	1	1	1	1	1	1	1	1	1	1	1	0.0032994848723908454	1	1	1	1	1	1	1	1	0.09672317583751167	1	1	1	1	1	1	1	1	1	1	1
REACTOME_GLUCAGON_SIGNALING_IN_METABOLIC_REGULATION	1	1	1	1	1	1	1	1	1	1	0.0036218558118035205	1	1	1	1	1	1	1	1	1	1	1	1	1	1	1	1	1	0.0020464396760979664	1	1	1	1	1	1	1	1	0.007951406283812412	1	1	1	1	1	1	1	1	1	1	1
REACTOME_GLUCAGON_TYPE_LIGAND_RECEPTORS	1	1	1	1	1	1	1	0.03769305978899051	1	1	1	1	1	1	1	1	1	1	1	1	1	1	1	1	1	1	1	1	1	1	1	1	1	1	1	1	1	0.007951406283812412	1	1	1	1	1	1	1	1	1	1	1
REACTOME_GLUTAMATE_NEUROTRANSMITTER_RELEASE_CYCLE	1	0.0033969573331470437	1	1	1	1	1	1	1	1	1	1	1	1	1	1	1	1	1	1	1	1	1	1	1	1	1	1	1	1	1	1	1	1	1	1	1	0.0358159628115472	1	1	1	1	1	1	1	1	1	1	1
REACTOME_GOLGI_TO_ER_RETROGRADE_TRANSPORT	1	1	1	1	1	1	1	1	1	1	1	1	1	1	1	1	1	1	1	1	1	1	1	1	0.012594044392876147	1	1	1	0.030431733456518173	1	1	1	1	1	1	1	1	1	1	1	1	1	1	1	1	0.056725938195238745	1	1	1
REACTOME_GPCR_LIGAND_BINDING	1	1	1	1	1	1	1	0.011260709040715966	0.01122050644017003	1	1	1	1	1	1	1	0.0014359362705924639	1	1	1	1	1	1	1	1	0.020220942355410054	1	1	1	1	0.019896694087786604	1	1	1	1	1	1	0.01347257777598998	1	1	1	0.003937102934346126	1	0.003092196982665052	1	1	0.08665793393436672	0.049016020708401054	1
REACTOME_G_ALPHA_I_SIGNALLING_EVENTS	0.028291433235394625	0.015100046865668126	1	1	1	0.017642179858674556	1	0.013048318698026362	0.0012061183416096632	1	0.09632841981341334	0.04369764614833349	1	1	0.0028138893933123965	1	0.09632841981341334	0.003950239411026124	1	0.012532430450278076	1	1	0.05809421684782268	1	0.09358062408451395	0.09358062408451395	1	0.0028895751502165945	0.04808285568682058	0.04369764614833349	0.06246428513943303	1	1	1	1	0.012698939543748566	1	1	1	1	1	1	1	0.01639604707881226	1	1	1	0.09587357708508382	1
REACTOME_G_ALPHA_Q_SIGNALLING_EVENTS	1	1	1	1	1	1	1	0.01564727512415698	0.05834680547996396	1	1	0.008515789897488912	1	1	1	1	0.020758934594366396	1	1	1	1	1	1	1	1	1	1	1	0.0716298698786777	1	1	1	1	1	1	1	1	0.0015773262993575843	1	1	1	0.0068374489772932145	1	8.073979813616461e-06	1	0.02395230973782081	1	0.0023516257457254497	1
REACTOME_G_ALPHA_S_SIGNALLING_EVENTS	1	1	1	1	1	1	1	1	1	1	1	1	1	1	1	1	1	1	1	1	1	1	1	1	1	1	1	1	0.09730619923573314	1	1	1	1	1	1	1	1	1	1	1	1	1	1	1	1	1	1	1	1
REACTOME_G_ALPHA_Z_SIGNALLING_EVENTS	1	0.013135084589374957	0.008809412767434521	1	1	1	1	0.010069830093678456	0.016435055487141303	1	0.007541806272361673	1	1	1	0.0023602486282743307	1	1	1	1	0.03577299569914827	1	1	1	1	1	1	1	1	0.004290158172440051	1	1	1	1	1	1	1	1	0.0029874500961395434	1	1	1	1	1	0.0019094513538648883	1	1	1	1	1
REACTOME_G_BETA_GAMMA_SIGNALLING_THROUGH_CDC42	1	1	1	1	1	1	1	1	1	1	1	1	1	1	1	1	1	1	1	1	1	1	1	1	1	1	1	1	1	1	1	1	1	1	1	1	1	0.025468574439406755	1	1	1	1	1	1	1	1	1	1	1
REACTOME_G_BETA_GAMMA_SIGNALLING_THROUGH_PI3KGAMMA	1	1	1	1	1	1	1	1	1	1	1	1	1	1	1	1	1	1	1	1	1	1	1	1	1	1	1	1	1	1	1	1	1	1	1	1	1	0.0036054744091160718	1	1	1	1	1	1	1	1	1	1	1
REACTOME_G_PROTEIN_ACTIVATION	1	1	1	1	1	1	1	1	1	1	1	1	1	1	1	1	1	1	1	1	1	1	1	1	1	1	1	1	1	1	1	1	1	1	1	1	1	0.0049967323280586395	1	1	1	1	1	1	1	1	1	1	1
REACTOME_G_PROTEIN_BETA_GAMMA_SIGNALLING	1	1	1	1	1	1	1	1	1	1	1	1	1	1	1	1	1	1	1	1	1	1	1	1	1	1	1	1	1	1	1	1	1	1	1	1	1	0.0072945910540517245	1	1	1	1	1	1	1	1	1	1	1
REACTOME_G_PROTEIN_MEDIATED_EVENTS	1	0.016435055486393124	1	1	1	1	1	1	1	1	0.00947024519827766	1	1	1	0.0029779972436025925	1	1	1	1	0.04431701622781692	1	1	1	1	1	1	1	1	0.005401658567921408	1	1	1	1	1	1	1	1	1	1	1	1	1	1	1	1	1	1	0.022717298007846387	1
REACTOME_HEDGEHOG_OFF_STATE	1	1	1	1	1	1	1	1	1	1	0.00355248221347626	1	1	1	1	1	1	1	1	1	1	1	1	1	0.009086271599704654	1	1	1	0.022184269595308836	1	1	1	1	1	1	1	1	1	1	1	1	1	1	1	1	1	1	1	1
REACTOME_HEMOSTASIS	1	0.03522863020678901	1	1	1	1	1	1	1	1	1	1	1	1	1	1	1	1	1	1	1	1	1	1	0.053607855840286045	1	1	1	0.047346972845208946	1	1	1	1	1	1	1	1	1	1	1	1	1	1	1	1	0.04356452578993886	1	1	1
REACTOME_HEPARAN_SULFATE_HEPARIN_HS_GAG_METABOLISM	1	1	1	1	1	1	1	1	1	1	1	1	1	1	1	1	1	1	1	1	1	1	1	1	1	1	1	1	1	1	1	1	1	1	1	1	1	0.03134600181201519	1	1	1	0.03711506449525892	1	1	1	1	1	1	1
REACTOME_HIGHLY_CALCIUM_PERMEABLE_NICOTINIC_ACETYLCHOLINE_RECEPTORS	1	1	1	1	1	1	1	1	1	1	1.548136976503578e-06	1	1	1	1	1	1	1	1	1	1	1	1	1	1	1	1	1	1	1	1	1	1	1	1	1	1	1	1	1	1	1	1	1	1	1	1	1	1
REACTOME_HIGHLY_CALCIUM_PERMEABLE_POSTSYNAPTIC_NICOTINIC_ACETYLCHOLINE_RECEPTORS	1	1	1	1	1	1	1	1	1	1	3.0295941836344653e-06	1	1	1	1	1	1	1	1	1	1	1	1	1	1	1	1	1	1	1	1	1	1	1	1	1	1	1	1	1	1	1	1	1	1	1	1	1	1
REACTOME_HIGHLY_SODIUM_PERMEABLE_POSTSYNAPTIC_ACETYLCHOLINE_NICOTINIC_RECEPTORS	1	1	1	1	1	1	1	1	1	1	0.0001506172046401577	1	1	1	1	1	1	1	1	1	1	1	1	1	1	1	1	1	1	1	1	1	1	1	1	1	1	1	1	1	1	1	1	1	1	1	1	1	1
REACTOME_HSF1_DEPENDENT_TRANSACTIVATION	1	1	1	1	1	1	1	1	1	1	1	1	1	1	1	1	1	1	1	1	1	1	1	1	1	1	1	1	1	1	1	1	1	1	1	1	1	1	1	1	1	1	1	1	1	1	1	0.011661555033949611	1
REACTOME_INCRETIN_SYNTHESIS_SECRETION_AND_INACTIVATION	1	1	1	1	1	1	1	0.01918152627907166	1	1	0.0017654423981047218	1	1	1	1	1	1	1	1	0.008864800517999094	0.0029942147785564366	1	1	1	1	1	1	1	1	1	1	1	1	1	1	1	1	0.00017325858605377054	1	1	1	0.007081905675340727	1	1	1	1	1	1	1
REACTOME_INFECTIOUS_DISEASE	1	1	1	1	1	1	1	1	1	1	0.08403018863201961	1	1	1	1	1	1	1	1	1	1	1	1	1	1	1	1	1	0.029038778945163157	1	1	1	1	1	1	1	1	1	1	1	1	1	1	1	1	1	1	1	1
REACTOME_INNATE_IMMUNE_SYSTEM	1	1	1	1	1	1	1	1	1	1	1	1	1	1	1	1	1	1	0.03243062695675125	1	1	1	1	1	1	1	1	1	1	1	1	1	1	1	1	1	1	1	1	1	1	1	1	1	1	1	1	1	1
REACTOME_INSULIN_PROCESSING	1	0.004290158173182679	1	1	1	1	1	0.0001067908455956168	1	1	1	1	1	1	1	1	1	1	1	0.0006071723602859569	0.004116576802977057	1	1	1	1	1	1	1	1	1	1	1	1	1	1	1	1	0.0003302684967922964	1	1	1	0.00043167783966335804	1	1	1	0.0027076050460063117	1	1	1
REACTOME_INSULIN_RECEPTOR_SIGNALLING_CASCADE	1	1	1	1	1	1	1	0.09016432264257213	1	1	1	1	1	1	1	1	1	1	1	1	1	1	1	1	1	1	0.00947024519827766	1	1	1	1	1	1	1	1	1	1	1	1	1	1	1	1	1	1	1	1	1	1
REACTOME_INTEGRATION_OF_ENERGY_METABOLISM	1	0.05866589130526756	1	1	0.001847928986244085	1	1	0.0033640229386129317	0.07213697235595706	1	0.003126601702758691	1	1	1	0.0005489328303344143	1	1	0.00288306554989215	1	0.029608209234471605	0.0565154717796954	1	1	1	1	1	1	1	2.3381910106978765e-06	1	0.024863939825513603	1	1	1	1	0.05439370387684228	1	8.143089784917734e-06	1	1	1	1	1	1	1	0.03852577762768117	1	0.0792123372440181	0.0017989210029207836
REACTOME_INTEGRIN_CELL_SURFACE_INTERACTIONS	1	1	1	1	1	1	1	1	1	1	1	1	1	1	1	1	0.0224128264417639	1	1	1	1	1	1	1	1	1	1	1	1	1	1	1	1	1	1	1	1	0.09042628237694061	1	1	1	1	1	1	1	1	1	1	1
REACTOME_INTERACTION_BETWEEN_L1_AND_ANKYRINS	1	1	1	1	1	1	1	0.0029348377341426035	1	1	1	1	1	1	1	1	1	1	1	1	1	1	1	1	1	1	1	1	1	1	1	1	1	1	1	1	1	0.000569543545065887	1	1	1	1	1	1	1	1	1	0.007863806518026206	1
REACTOME_INTERCONVERSION_OF_NUCLEOTIDE_DI_AND_TRIPHOSPHATES	1	1	1	1	1	1	1	1	1	1	1	1	1	1	1	1	1	1	1	1	1	1	1	1	1	1	1	1	1	1	1	1	1	1	1	1	1	1	1	1	1	1	1	1	1	1	1	0.006904036641641742	1
REACTOME_INTERFERON_SIGNALING	1	1	1	1	1	1	1	1	1	1	1	1	1	1	1	1	1	1	1	1	1	1	1	1	1	1	1	1	1	1	1	1	1	1	1	1	1	1	1	1	1	1	1	1	0.0911345754958599	1	1	1	1
REACTOME_INTRACELLULAR_SIGNALING_BY_SECOND_MESSENGERS	0.0903343565541389	0.09825058059005387	1	0.06991435231625176	1	1	1	1	1	1	1	1	0.025354795946548214	1	0.07653628696583226	1	1	1	0.04557408368452387	1	1	1	1	1	1	1	1	1	1	1	1	1	1	1	1	1	1	1	1	1	1	1	1	1	1	1	1	1	1
REACTOME_INTRA_GOLGI_AND_RETROGRADE_GOLGI_TO_ER_TRAFFIC	1	1	1	1	1	1	1	1	1	1	1	1	1	1	1	1	1	1	1	1	1	1	1	1	0.027510144415837656	1	1	1	0.06427221856150744	1	1	1	1	1	1	1	1	1	1	1	1	1	1	1	1	1	1	1	1
REACTOME_INWARDLY_RECTIFYING_K_CHANNELS	1	1	1	1	1	1	1	0.04197021596302364	1	1	1	1	1	1	1	1	1	1	1	1	1	1	1	1	1	0.0009062425112927874	1	1	1	1	1	1	1	1	1	1	1	0.0009116615444650922	1	1	1	1	1	1	1	0.004523782059348891	1	1	1
REACTOME_ION_CHANNEL_TRANSPORT	1	0.02915416381455349	1	0.028294008923797298	0.012129070420883292	1	0.06138824565160661	5.498647942814294e-05	0.039372910138023576	0.00384469473325888	0.0894913141692858	0.00042995407099766236	1	1	1	1	1	1	1	0.005726446213381364	1	0.05403272891669331	1	1	1	1	1	1	1	0.050481872943230366	1	0.0013059984937421332	1	1	1	1	1	0.0021917206344606033	0.03238209942746639	1	1	1	1	1	0.07703148719114028	1	1	1	1
REACTOME_ION_HOMEOSTASIS	1	0.016435055486393124	1	0.0026872240672750625	0.0022616068838201553	1	1	0.09016432264257213	1	1	1	1	1	1	1	0.0014489029587210212	1	1	1	0.04431701622781692	1	1	1	1	1	1	1	1	1	1	1	1	1	1	1	1	1	1	1	1	1	1	1	1	1	1	1	0.0016206388659981696	1
REACTOME_ION_TRANSPORT_BY_P_TYPE_ATPASES	1	1	1	0.0027862401863699704	0.029153864072249736	1	1	1	1	1	1	1	1	1	1	1	1	1	1	1	1	1	1	1	1	1	1	1	1	1	1	1	1	1	1	1	1	1	1	1	1	1	1	1	1	1	1	1	1
REACTOME_IRS_MEDIATED_SIGNALLING	1	1	1	1	1	1	1	0.0736390252540059	1	1	1	1	1	1	1	1	1	1	1	1	1	1	1	1	1	1	0.007541806272361673	1	1	1	1	1	1	1	1	1	1	1	1	1	1	1	1	1	1	1	1	1	1
REACTOME_KINESINS	1	1	1	1	1	1	1	1	1	1	1	1	1	1	1	1	1	1	1	1	1	1	1	1	0.002732961562691427	1	1	1	0.0068472846467827475	1	1	1	1	1	1	1	1	1	1	1	1	1	1	1	1	0.013275276916680179	1	1	1
REACTOME_L1CAM_INTERACTIONS	1	1	1	1	1	1	1	1	1	1	1	1	1	1	1	1	1	1	1	1	1	1	1	1	1	1	1	1	1	1	1	1	1	1	1	1	1	0.004107265503905055	0.07683111758770966	1	1	1	1	1	1	1	1	0.09611322789077781	1
REACTOME_LEISHMANIA_INFECTION	1	1	1	1	1	1	1	1	1	0.09857161919850266	0.050216173788845686	1	1	1	1	1	0.050216173788845686	1	1	1	1	1	1	1	1	1	1	1	0.0032635369543217996	1	1	1	1	1	1	1	1	1	1	1	1	1	1	0.06423100205777965	1	1	1	1	1
REACTOME_LGI_ADAM_INTERACTIONS	1	1	1	1	1	1	1	1	1	1	1	1	1	1	1	1	1	1	1	1	1	1	1	1	1	1	1	1	1	1	1	1	1	1	1	1	1	0.012809354141351648	1	1	1	1	1	1	1	1	1	1	1
REACTOME_LONG_TERM_POTENTIATION	1	0.0031210947678076417	1	1	1	1	1	1	1	1	1	1	1	1	1	1	1	1	1	1	1	1	1	1	1	1	1	1	1	1	1	1	1	1	1	1	1	1	1	1	1	1	1	1	1	1	1	0.004374191635988289	1
REACTOME_MAPK6_MAPK4_SIGNALING	1	1	1	1	1	1	1	1	1	1	1	1	1	1	1	1	1	1	1	1	1	1	1	1	1	1	1	1	1	1	1	1	1	1	1	1	1	1	1	1	1	0.09364796181015578	1	1	1	1	0.01879931473701346	1	1
REACTOME_MAPK_FAMILY_SIGNALING_CASCADES	1	1	1	1	1	1	1	1	1	1	1	1	1	1	1	1	1	1	1	1	1	1	1	1	1	1	1	1	1	1	1	1	1	1	1	1	1	1	1	1	1	1	1	1	1	1	0.03735306895412305	1	1
REACTOME_MECP2_REGULATES_TRANSCRIPTION_OF_NEURONAL_LIGANDS	1	1	1	1	1	1	1	0.0023253609897541105	1	1	1	1	1	1	1	1	1	1	1	1	1	1	1	1	1	1	1	1	1	1	1	1	1	1	1	1	1	1	1	1	1	1	1	1	1	1	1	1	1
REACTOME_METABOLISM_OF_ANGIOTENSINOGEN_TO_ANGIOTENSINS	1	1	1	1	1	1	1	1	1	1	1	1	1	1	1	1	1	1	1	1	1	1	1	1	1	1	1	1	1	1	1	1	1	1	1	1	1	0.0013638188586634348	1	1	1	1	1	1	0.000904674442752107	1	1	1	1
REACTOME_METABOLISM_OF_FAT_SOLUBLE_VITAMINS	1	1	1	1	1	1	1	1	1	1	1	1	1	1	1	1	1	1	1	1	1	1	1	1	1	1	1	5.321933992052941e-06	1	1	1	1	1	1	1	1	1	1	1	1	1	1	1	1	1	1	1	1	1
REACTOME_METABOLISM_OF_NUCLEOTIDES	1	1	1	1	1	1	1	1	1	1	1	1	1	1	1	1	1	1	1	1	1	1	1	1	1	1	1	1	1	1	1	1	1	1	1	1	0.02974132698757115	1	1	1	1	1	1	1	1	1	1	0.06813753461208993	1
REACTOME_METABOLISM_OF_VITAMINS_AND_COFACTORS	1	1	1	1	1	1	1	1	1	1	1	1	1	1	1	1	1	1	1	1	1	1	1	1	1	1	1	0.00032208424215962594	1	1	1	1	1	1	1	1	1	1	1	1	1	1	1	1	1	1	1	1	1
REACTOME_MHC_CLASS_II_ANTIGEN_PRESENTATION	1	1	1	1	1	1	1	1	1	1	1	1	1	1	1	1	1	1	1	1	1	1	1	1	0.011197208058730479	1	1	1	1	1	1	1	1	1	1	1	1	1	1	1	1	1	1	1	1	0.050849358786032806	1	1	1
REACTOME_MUSCLE_CONTRACTION	1	0.006450180895757662	1	0.00018245526231808196	0.0031240792158693242	1	0.07413848709483117	2.1434937622744066e-05	0.009756190881976767	1	0.018097216137686667	1	1	1	1	0.01932365932020974	1	1	1	0.03870019226913146	1	1	0.0009415238348329247	1	1	1	1	1	0.008207876215487686	0.061150795715547046	1	1	1	1	1	0.005540955838452266	0.002256184817397644	0.043928181278433676	1	1	1	0.0055024028095702615	1	1	1	1	1	2.5425675485024612e-06	0.00632092783393412
REACTOME_NCAM1_INTERACTIONS	1	1	1	1	1	1	1	0.006958969727722031	0.012742032585425611	1	1	1	1	1	1	1	1	1	1	1	0.009761470251012816	1	1	1	1	1	1	1	0.0032994848723908454	1	1	1	1	1	1	1	1	1	1	1	1	0.02252878558255922	1	1	1	1	1	1	1
REACTOME_NCAM_SIGNALING_FOR_NEURITE_OUT_GROWTH	1	1	1	1	1	1	1	0.020911052807197406	0.02737044697984814	1	1	1	1	1	1	1	1	1	1	1	0.021120240334797313	1	1	1	1	1	1	1	0.0072891782705742925	1	0.008951056952766656	1	1	1	1	1	1	1	1	1	1	0.04745999096197129	1	1	1	1	1	1	1
REACTOME_NEGATIVE_REGULATION_OF_FGFR4_SIGNALING	1	1	1	1	1	1	1	0.03359631317520928	1	1	1	1	1	1	1	1	1	1	1	1	1	1	1	1	1	1	0.003200636696535808	1	1	1	1	1	1	1	1	1	1	0.05703172282711921	1	1	1	1	1	1	1	1	1	1	1
REACTOME_NEGATIVE_REGULATION_OF_NMDA_RECEPTOR_MEDIATED_NEURONAL_TRANSMISSION	1	0.00260265919004532	1	1	1	1	0.0009539823261112135	1	1	1	1	1	1	1	1	1	1	1	1	0.007417440316286994	1	1	1	1	1	1	1	1	1	1	1	1	1	1	1	1	1	1	1	1	1	1	1	1	1	1	1	9.612815636150795e-05	1
REACTOME_NEGATIVE_REGULATION_OF_THE_PI3K_AKT_NETWORK	1	1	1	1	1	1	1	1	1	1	1	1	1	1	1	1	1	1	1	1	1	1	1	1	1	1	0.03607807840992794	1	1	1	1	1	1	1	1	1	1	1	1	1	1	1	1	1	1	1	1	1	1
REACTOME_NERVOUS_SYSTEM_DEVELOPMENT	1	1	1	1	1	1	1	0.044327585126205826	1	1	0.07173095654294648	1	1	1	1	1	1	1	1	1	0.05424291510586976	1	1	1	1	1	1	1	1	0.02558009213553969	1	0.030841040250873974	1	1	0.08154860902241778	1	0.019679820277483717	0.014031384051357065	1	1	0.0452677923242375	1	1	1	1	1	1	1	1
REACTOME_NEURONAL_SYSTEM	0.02957235947218373	1.7058456022178703e-06	1	1.667061418442195e-05	0.0035858054770919745	1	0.0018108107117416061	0.00011497874406729558	0.001332303322734707	1	1.1032973750157993e-06	1	1	1	0.002994739971695859	1	0.0007652947853999947	0.02247465021161943	0.0774440325421244	0.0009740440655278126	1	1	0.006747954955064528	0.023810292984247305	0.0963605237201326	0.014635094806141336	1	1	1.070606002961938e-06	1	0.0021183648839128155	1	9.289580852200885e-05	0.006747954955064528	1	7.500889270695144e-05	0.024682420574647868	1.948830956610692e-07	0.019016977489072717	1	1	0.007418941652246325	0.051723196584320896	1	0.0032690751671566876	0.00609146365225699	1	0.008259408345607788	1
REACTOME_NEUROTOXICITY_OF_CLOSTRIDIUM_TOXINS	1	5.321934618218727e-06	1	1	1	1	1	0.0036918475301688236	1	1	1	1	1	1	1	1	1	1	1	0.001661421483440506	1	1	1	1	1	1	1	1	1	1	1	1	1	1	1	1	1	4.6652586443984845e-06	1	1	1	1	1	1	1	1	1	1	1
REACTOME_NEUROTRANSMITTER_RECEPTORS_AND_POSTSYNAPTIC_SIGNAL_TRANSMISSION	0.004574166673734004	0.0008569596812704194	1	0.0029783282967148494	1	1	0.010023649392430167	0.042804459010109874	0.0014681691532684171	0.04905611717046643	1.1216186029949782e-06	1	1	1	0.003464155278580461	1	0.018097216137686667	1	1	0.03870019226913146	1	1	0.016732371427031878	1	0.02801408947720485	0.02801408947720485	1	1	0.008207876215487686	1	0.011011978964676983	1	1	1	1	0.034392230738160334	1	0.004245411505575003	1	1	1	1	1	1	0.01430484463031545	0.0027598269651077922	1	0.058659198744848484	1
REACTOME_NEUROTRANSMITTER_RELEASE_CYCLE	1	0.0008317817876638545	1	1	0.0019185197343579707	1	1	1	1	1	1	1	1	1	1	1	1	1	1	0.039957191543907755	1	1	1	1	1	1	1	1	1	1	0.005943060898585983	1	1	1	1	1	1	1	1	1	1	1	1	1	1	1	1	1	1
REACTOME_NEUTROPHIL_DEGRANULATION	1	1	1	1	1	1	1	1	1	1	1	1	1	1	1	1	1	1	1	1	1	1	1	1	1	1	1	1	1	1	0.09370775761537797	1	1	1	1	1	1	1	1	1	1	1	1	1	1	1	1	1	1
REACTOME_NGF_INDEPENDANT_TRKA_ACTIVATION	1	1	1	1	1	1	1	1	1	1	1	1	1	1	1	1	1	1	1	1	1	1	1	1	1	1	1	1	1	1	4.973840229760551e-05	1	1	1	1	1	1	1	1	1	1	0.00029853283780756357	1	1	1	1	1	1	1
REACTOME_NGF_STIMULATED_TRANSCRIPTION	1	1	1	1	0.0008775021202067634	1	1	1	1	1	1	1	1	1	1	1	1	1	1	1	1	1	1	1	1	0.0011252019511248657	1	1	1	1	1	1	1	1	1	1	1	0.012613084533399155	1	1	1	0.0012861296542668876	1	1	1	1	1	1	1
REACTOME_NITRIC_OXIDE_STIMULATES_GUANYLATE_CYCLASE	1	1	1	1	1	1	1	1	1	1	1	1	1	1	1	1	1	1	1	1	1	1	1	1	1	1	1	1	1	1	1	1	1	1	1	1	1	0.030465894265545246	1	1	1	1	1	1	1	1	1	0.004004889720156557	1
REACTOME_NON_INTEGRIN_MEMBRANE_ECM_INTERACTIONS	1	1	1	1	1	1	1	1	1	1	1	1	1	1	1	1	0.011227190163598633	1	1	1	1	1	1	1	1	1	1	1	1	1	1	1	1	1	1	1	1	1	1	1	1	1	1	1	1	1	1	1	1
REACTOME_NOREPINEPHRINE_NEUROTRANSMITTER_RELEASE_CYCLE	1	0.0019094513544671843	1	1	1	1	1	1	1	1	1	1	1	1	1	1	1	1	1	1	1	1	1	1	1	1	1	1	1	1	1	1	1	1	1	1	1	0.020845205441060388	1	1	1	1	1	1	1	1	1	1	1
REACTOME_NUCLEAR_EVENTS_KINASE_AND_TRANSCRIPTION_FACTOR_ACTIVATION_	1	1	1	1	0.003203464683205759	1	1	1	1	1	1	1	1	1	1	1	1	1	1	1	1	1	1	1	1	0.002732961562691427	1	1	1	1	1	1	1	1	1	1	1	0.040753731054051445	1	1	1	0.004643601059921898	1	1	1	1	1	1	1
REACTOME_N_GLYCAN_ANTENNAE_ELONGATION_IN_THE_MEDIAL_TRANS_GOLGI	1	0.003981569001769492	1	1	0.006979897263778345	1	1	0.024198292125760856	1	1	1	1	1	1	1	1	1	1	1	1	1	1	1	1	1	1	0.002256235294700426	1	1	1	1	1	1	1	1	1	1	1	1	1	1	1	1	1	1	1	1	1	1
REACTOME_ONCOGENIC_MAPK_SIGNALING	1	0.035772995699122845	1	1	1	1	1	1	1	1	1	1	1	1	1	1	1	1	1	1	0.034418667924850155	1	1	1	1	1	1	1	1	1	1	1	1	1	1	1	1	1	1	1	1	1	1	1	1	1	1	0.048844699968698446	1
REACTOME_OPIOID_SIGNALLING	1	0.04236132347854493	1	1	1	1	1	1	1	1	0.02493157686479175	1	1	1	0.00806716646113148	1	1	1	1	1	1	1	1	1	1	1	1	1	0.0007967245642129805	1	1	1	1	1	1	1	1	0.02624893506102688	1	1	1	1	1	1	1	1	1	0.05764062358748234	1
REACTOME_OTHER_INTERLEUKIN_SIGNALING	1	0.0033969573331470437	1	1	1	1	1	1	1	1	1	1	1	1	1	1	1	1	1	1	1	1	1	1	1	1	1	1	1	1	1	1	1	1	1	1	1	0.0358159628115472	1	1	1	1	1	1	1	1	1	1	1
REACTOME_PCP_CE_PATHWAY	1	0.04407465410188938	1	1	1	1	1	1	1	1	1	1	1	1	1	1	1	1	1	1	1	1	1	1	1	1	1	1	1	1	1	1	1	1	1	1	1	1	1	1	1	1	1	1	1	1	1	1	1
REACTOME_PEPTIDE_HORMONE_METABOLISM	1	0.04236132347854493	0.02894186128395193	1	1	1	1	2.0260341910938173e-05	1	0.010600802629948447	0.0018606075751692597	1	1	1	1	1	1	0.02364985633340999	1	1.9632693744053853e-05	0.004003531353047318	1	1	1	1	1	1	1	1	1	1	1	1	1	1	0.03920866158382408	1	1.4796481928591732e-08	1	1	1	1.0024399164421105e-05	1	1	0.001442892617659508	0.027578006899316887	1	1	1
REACTOME_PEPTIDE_LIGAND_BINDING_RECEPTORS	0.042106186985484184	1	1	1	1	1	1	0.037084777046523576	0.04663206797893649	1	1	1	1	1	1	1	1	0.09575010325702538	1	1	1	1	1	1	1	1	1	1	1	1	0.07342013762474842	1	1	1	1	1	1	1	1	1	1	0.0007604700801087105	1	0.02899066003355666	1	1	1	0.010270851948924964	1
REACTOME_PHASE_0_RAPID_DEPOLARISATION	1	1	1	1	1	1	1	4.182586222989393e-05	1	1	1	1	1	1	1	1	1	1	1	1	1	1	1	1	1	1	1	1	1	1	1	1	1	1	1	0.009364846710742558	1	0.015419639293276943	1	1	1	1	1	1	1	1	1	3.096584476225406e-05	0.00027348866686882634
REACTOME_PHASE_2_PLATEAU_PHASE	1	1	1	1	1	1	1	0.0015640043000499926	1	1	1	1	1	1	1	1	1	1	1	1	1	1	1	1	1	1	1	1	1	1	1	1	1	1	1	0.0033879277767154825	1	1	1	1	1	1	1	1	1	1	1	1	9.578488721373457e-05
REACTOME_PHASE_4_RESTING_MEMBRANE_POTENTIAL	1	0.002129151936618001	1	0.0003309008751254394	1	1	1	0.013282135909063575	1	1	1	1	1	1	1	1	1	1	1	1	1	1	0.00015171682479464543	1	1	1	1	1	1	1	1	1	1	1	1	0.001956962466241441	1	1	1	1	1	1	1	1	1	1	1	1	1
REACTOME_PHASE_II_CONJUGATION_OF_COMPOUNDS	1	1	1	1	1	1	1	1	1	1	1	1	1	1	1	1	1	1	1	1	1	1	1	1	1	1	1	1	1	1	1	1	1	1	1	1	1	1	1	1	1	1	1	1	1	1	1	0.08047600092228413	1
REACTOME_PHOSPHOLIPASE_C_MEDIATED_CASCADE_FGFR4	1	1	1	1	1	1	1	0.008356058687842949	1	1	1	1	1	1	1	1	1	1	1	1	1	1	1	1	1	1	0.0007428132010925959	1	1	1	1	1	1	1	1	1	1	0.014659762186095993	1	1	1	1	1	1	1	1	1	1	1
REACTOME_PI3K_AKT_SIGNALING_IN_CANCER	1	1	1	1	1	1	1	1	1	1	1	1	1	1	1	1	1	1	1	1	1	1	1	1	1	1	0.03142077199648541	1	1	1	1	1	1	1	1	1	1	1	1	1	1	1	1	1	1	1	1	1	1
REACTOME_PI_3K_CASCADE_FGFR4	1	1	1	1	1	1	1	0.014668820188435072	1	1	1	1	1	1	1	1	1	1	1	1	1	1	1	1	1	1	0.001332661117420697	1	1	1	1	1	1	1	1	1	1	0.025468574439406755	1	1	1	1	1	1	1	1	1	1	1
REACTOME_PKA_ACTIVATION_IN_GLUCAGON_SIGNALLING	1	1	1	1	1	1	1	1	1	1	0.0009588246531431199	1	1	1	1	1	1	1	1	1	1	1	1	1	1	1	1	1	1	1	1	1	1	1	1	1	1	1	1	1	1	1	1	1	1	1	1	1	1
REACTOME_PKA_MEDIATED_PHOSPHORYLATION_OF_CREB	1	1	1	1	1	1	1	1	1	1	0.001332661117420697	1	1	1	1	1	1	1	1	1	1	1	1	1	1	1	1	1	1	1	1	1	1	1	1	1	1	1	1	1	1	1	1	1	1	1	1	1	1
REACTOME_PLATELET_ACTIVATION_SIGNALING_AND_AGGREGATION	1	1	1	1	1	1	1	1	1	1	1	1	1	1	1	0.030314079515194603	1	1	1	1	1	1	1	1	1	1	1	1	0.09902847687180871	1	1	1	1	1	1	1	1	1	1	1	1	1	1	1	1	1	1	1	1
REACTOME_PLATELET_CALCIUM_HOMEOSTASIS	1	1	1	1	1	1	1	1	1	1	1	1	1	1	1	1	1	1	1	0.012981912856087074	1	1	1	1	1	1	1	1	1	1	1	1	1	1	1	1	1	1	1	1	1	1	1	1	1	1	1	0.006445668863597875	1
REACTOME_PLATELET_HOMEOSTASIS	1	1	1	1	1	1	1	1	1	1	1	1	1	1	1	1	1	1	1	0.09984341296588917	1	1	1	1	1	1	1	1	0.013253616980405503	1	1	1	1	1	1	1	1	0.02265873383535344	1	1	1	1	1	1	1	0.025349081895769787	1	0.006066227951459835	1
REACTOME_POST_TRANSLATIONAL_MODIFICATION_SYNTHESIS_OF_GPI_ANCHORED_PROTEINS	1	1	1	1	1	1	1	1	1	1	1	1	1	1	1	1	1	1	1	1	0.04410467146730346	1	1	1	1	1	1	1	1	1	1	1	1	1	1	1	1	1	1	1	1	1	1	1	1	1	1	1	1
REACTOME_POTASSIUM_CHANNELS	1	0.0061899542697342325	0.03706387826270896	1.2391930221289371e-05	0.01363309665960466	1	0.0014554577495635712	0.0003967423792652358	0.0664250314162893	1	1	1	1	1	1	1	0.0027337961170430525	0.03036355122804424	1	0.026216246586510672	1	1	0.004448176538933035	0.001637953408022641	1	0.007599853022908221	1	1	5.347951781708993e-05	1	0.02276324108579808	1	1	0.004448176538933035	1	2.791491096587606e-05	1	6.177657163597416e-08	0.006936208354211049	1	1	0.019355718490056795	1	1	1	0.0031938042142058976	1	0.00995640841239509	1
REACTOME_PRESYNAPTIC_DEPOLARIZATION_AND_CALCIUM_CHANNEL_OPENING	1	1	1	1	1	1	1	0.00012341360025258652	1	1	1	1	1	1	1	1	1	1	1	1	1	1	1	1	1	1	1	1	0.00021916878446770482	1	1	1	1	1	1	1	1	1	1	1	1	1	1	1	1	1	1	1	1
REACTOME_PRESYNAPTIC_FUNCTION_OF_KAINATE_RECEPTORS	1	1	1	1	1	1	1	1	1	1	1	1	1	1	1	1	1	1	1	1	1	1	1	1	1	1	1	1	1	1	1	1	1	1	1	1	1	0.02792183498040346	1	1	1	1	1	1	1	1	1	1	1
REACTOME_PROSTACYCLIN_SIGNALLING_THROUGH_PROSTACYCLIN_RECEPTOR	1	1	1	1	1	1	1	1	1	1	1	1	1	1	1	1	1	1	1	1	1	1	1	1	1	1	1	1	1	1	1	1	1	1	1	1	1	0.02310878849524045	1	1	1	1	1	1	1	1	1	1	1
REACTOME_PROTEIN_FOLDING	1	0.05301637731161124	1	1	1	1	1	1	0.06530188808510384	1	1	1	1	1	1	1	0.03142077199648541	1	1	1	1	1	1	1	1	1	1	1	0.01830800249691089	1	1	1	1	1	1	1	1	0.03897300483957655	1	1	1	1	1	1	1	0.03471541299784575	1	1	1
REACTOME_PROTEIN_PROTEIN_INTERACTIONS_AT_SYNAPSES	1	1	1	1	0.06658843912408752	1	1	1	1	1	1	1	1	1	1	1	1	1	1	1	1	1	1	1	1	1	1	1	1	1	1	1	1	1	1	1	1	1	1	1	1	1	1	1	1	1	1	1	1
REACTOME_PTEN_REGULATION	1	1	1	1	1	1	1	1	1	1	1	1	1	1	1	1	1	1	1	1	1	1	1	1	1	1	1	1	1	1	1	1	1	1	1	1	1	1	0.09730093584087007	1	1	1	1	1	1	1	1	1	1
REACTOME_RAP1_SIGNALLING	1	1	1	1	1	1	1	1	1	1	1	1	1	1	1	1	1	1	1	1	1	1	1	1	1	1	1	1	1	1	1	1	1	1	1	0.0013824751014887005	1	1	1	1	1	1	1	1	1	1	1	1	1
REACTOME_RAS_ACTIVATION_UPON_CA2_INFLUX_THROUGH_NMDA_RECEPTOR	1	0.0023602486285871915	1	1	1	1	1	1	1	1	1	1	1	1	1	1	1	1	1	1	1	1	1	1	1	1	1	1	1	1	1	1	1	1	1	1	1	1	1	1	1	1	1	1	1	1	1	0.0033123472650397057	1
REACTOME_REGULATION_OF_BETA_CELL_DEVELOPMENT	1	1	1	1	1	1	1	0.058247746143736956	1	1	1	1	1	1	1	1	1	1	1	1	0.009761470251012816	1	1	1	1	1	1	1	1	1	1	1	1	1	1	1	1	1	1	1	1	0.0015965202528268607	1	1	1	1	1	1	1
REACTOME_REGULATION_OF_GENE_EXPRESSION_IN_BETA_CELLS	1	1	1	1	1	1	1	1	1	1	1	1	1	1	1	1	1	1	1	1	0.002496604593361429	1	1	1	1	1	1	1	1	1	1	1	1	1	1	1	1	1	1	1	1	0.005920329407383185	1	1	1	1	1	1	1
REACTOME_REGULATION_OF_GENE_EXPRESSION_IN_ENDOCRINE_COMMITTED_NEUROG3_PROGENITOR_CELLS	1	1	1	1	1	1	1	1	1	1	1	1	1	1	1	1	1	1	1	1	1	1	1	1	1	1	1	1	1	1	1	1	1	1	1	1	1	1	1	1	1	0.00029853283780756357	1	1	1	1	1	1	1
REACTOME_REGULATION_OF_HSF1_MEDIATED_HEAT_SHOCK_RESPONSE	1	1	1	1	1	1	1	1	1	1	1	1	1	1	1	1	1	1	1	1	1	1	1	1	1	1	0.020955957574959383	1	1	1	1	1	1	1	1	1	1	1	1	1	1	1	1	1	1	1	1	1	1
REACTOME_REGULATION_OF_INSULIN_LIKE_GROWTH_FACTOR_IGF_TRANSPORT_AND_UPTAKE_BY_INSULIN_LIKE_GROWTH_FACTOR_BINDING_PROTEINS_IGFBPS_	1	0.07467747686388748	1	1	1	1	1	1	1	1	1	1	1	1	1	1	1	0.004254715126292941	1	0.04194079955724883	1	1	1	1	1	1	0.044822531962394274	1	1	1	1	1	1	1	1	0.009157416509237626	1	0.01968314429170326	1	1	1	0.03128030037285923	1	1	1	1	1	0.01638607088264088	1
REACTOME_REGULATION_OF_INSULIN_SECRETION	1	0.03264431615815111	1	1	0.000548179709436436	1	1	0.006026695334499954	1	1	0.01907843250481267	1	1	1	0.006114943639397241	1	1	0.0011342857832558062	1	0.08463104701971891	0.031402342557603324	1	1	1	1	1	1	1	1.786675907256008e-05	1	0.013476688503275325	1	1	1	1	1	1	5.615832398886411e-06	1	1	1	1	1	1	1	0.021128375170026525	1	0.04465028376519553	0.0009435099558829929
REACTOME_REGULATION_OF_SIGNALING_BY_NODAL	1	1	1	1	1	1	1	1	1	1	1	1	1	1	1	1	1	1	1	0.0020224489427299597	1	1	1	1	1	1	1	1	1	1	1	1	1	1	1	1	1	1	1	1	1	1	1	1	1	1	1	1	1
REACTOME_RESPONSE_TO_ELEVATED_PLATELET_CYTOSOLIC_CA2_	1	0.08315253962247926	1	1	1	1	1	1	1	1	1	1	1	1	1	1	1	1	1	1	1	1	1	1	1	1	1	1	1	1	1	1	1	1	1	1	1	1	1	1	1	1	1	1	1	1	1	1	1
REACTOME_RET_SIGNALING	1	1	1	1	1	1	1	0.0005064841965253253	1	1	1	1	1	1	1	1	1	1	1	0.02553532378802914	1	1	1	1	1	1	1	1	1	1	1	1	1	1	1	1	1	0.013512851438034823	1	1	1	1	1	1	1	1	1	1	1
REACTOME_RHO_GTPASES_ACTIVATE_FORMINS	1	1	1	1	1	1	1	1	1	1	0.055670351635998094	1	1	1	1	1	1	1	1	1	1	1	1	1	1	1	1	1	1	1	1	1	1	1	1	1	1	1	1	1	1	1	1	1	1	0.0612829414611622	1	1	1
REACTOME_RHO_GTPASE_EFFECTORS	1	1	1	1	1	1	1	1	1	1	1	1	1	1	1	1	1	1	1	1	1	1	1	1	0.06412055598802102	1	1	1	1	1	1	1	1	1	1	1	1	1	1	1	1	1	1	1	1	0.06582059703433685	1	1	1
REACTOME_RUNX2_REGULATES_GENES_INVOLVED_IN_CELL_MIGRATION	1	0.00035764705587326695	1	1	1	1	1	0.0023253609897541105	1	1	1	1	1	1	1	1	1	1	1	1	0.00034284912073379026	1	1	1	1	1	1	1	1	1	1	1	1	1	1	1	1	0.004140081071992263	1	1	1	1	1	1	1	1	1	1	1
REACTOME_SEMAPHORIN_INTERACTIONS	1	1	1	1	0.03849816315517807	1	1	1	1	1	1	1	1	1	1	1	1	1	1	1	1	1	1	1	1	1	1	1	1	1	1	1	1	1	1	1	0.013116385288183707	1	1	1	1	1	1	1	1	1	1	1	1
REACTOME_SEROTONIN_NEUROTRANSMITTER_RELEASE_CYCLE	1	3.545606604438145e-05	1	1	0.003368872355561825	1	1	1	1	1	1	1	1	1	1	1	1	1	1	0.005469677964194841	1	1	1	1	1	1	1	1	1	1	1	1	1	1	1	1	1	0.020845205441060388	1	1	1	1	1	1	1	1	1	1	1
REACTOME_SHC_MEDIATED_CASCADE_FGFR4	1	1	1	1	1	1	1	0.014668820188435072	1	1	1	1	1	1	1	1	1	1	1	1	1	1	1	1	1	1	0.001332661117420697	1	1	1	1	1	1	1	1	1	1	0.025468574439406755	1	1	1	1	1	1	1	1	1	1	1
REACTOME_SIALIC_ACID_METABOLISM	1	1	1	1	1	1	1	0.03769305978899051	1	1	1	1	1	1	1	1	1	1	1	1	1	1	1	1	1	1	1	1	1	1	1	1	1	1	1	1	1	0.06372792680230877	1	1	1	1	1	1	1	1	1	1	1
REACTOME_SIGNALING_BY_BRAF_AND_RAF_FUSIONS	1	0.02329336922478409	1	1	1	1	1	1	1	1	1	1	1	1	1	1	1	1	1	1	0.022392961171399994	1	1	1	1	1	1	1	1	1	1	1	1	1	1	1	1	1	1	1	1	1	1	1	1	1	1	0.03204165302383133	1
REACTOME_SIGNALING_BY_ERBB4	1	1	1	1	1	1	1	1	0.023467768639911957	1	1	1	1	1	1	1	1	1	1	1	1	1	1	1	1	1	1	1	1	1	1	1	1	1	1	1	1	1	1	1	1	0.04088060782959091	1	1	1	1	1	1	1
REACTOME_SIGNALING_BY_FGFR	1	1	1	1	1	1	1	1	1	1	1	1	1	1	1	1	1	1	1	1	1	1	1	1	1	1	0.023406865937476984	1	1	1	1	1	1	1	1	1	1	1	1	1	1	1	1	1	1	1	1	1	1
REACTOME_SIGNALING_BY_FGFR4	1	1	1	1	1	1	1	0.05580542346649886	1	1	1	1	1	1	1	1	1	1	1	1	1	1	1	1	1	1	0.005548443449250651	1	1	1	1	1	1	1	1	1	1	0.09285157886353801	1	1	1	1	1	1	1	1	1	1	1
REACTOME_SIGNALING_BY_GPCR	1	0.06186477449812822	1	1	1	1	1	0.08343246187318776	0.020376251073092155	1	1	1	1	1	0.09827698838168197	1	0.03824681356124138	0.08863271786252658	1	1	1	1	1	1	0.059640828966380566	1	1	0.05353695772032707	1	1	1	1	1	1	1	0.050013512057129006	1	1	1	1	1	1	1	7.899653661291861e-05	1	1	1	0.06590783992956561	1
REACTOME_SIGNALING_BY_HEDGEHOG	1	1	1	1	1	1	1	1	1	1	0.007808248889318081	1	1	1	0.021321880599012744	1	1	1	1	1	1	1	1	1	0.015604439628929878	1	1	1	0.0034458750474485322	1	1	1	1	1	1	1	1	1	1	1	1	1	1	1	1	1	1	1	1
REACTOME_SIGNALING_BY_INSULIN_RECEPTOR	1	1	1	1	1	1	1	0.036257772202379024	0.04048802407371599	1	1	1	1	1	1	1	1	1	0.003444513362953816	1	1	1	1	1	1	1	0.01907843250481267	1	1	1	1	1	1	1	1	1	1	0.07407705000597675	1	1	1	1	1	1	1	1	1	1	1
REACTOME_SIGNALING_BY_NODAL	1	1	1	1	1	1	1	1	1	1	1	1	1	1	1	1	1	1	1	0.006738026957564092	1	1	1	1	1	1	1	1	1	1	1	1	1	1	1	1	1	1	1	1	1	1	1	1	1	1	1	1	1
REACTOME_SIGNALING_BY_NOTCH	1	1	1	1	1	1	1	1	1	1	1	1	1	1	1	1	1	1	1	1	1	0.09020862503630844	1	1	1	1	1	1	1	1	1	1	1	1	1	1	1	1	1	1	1	1	1	1	1	1	1	1	1
REACTOME_SIGNALING_BY_NOTCH1	1	1	1	1	0.05002240372101019	1	1	1	1	1	1	1	1	1	1	1	1	1	1	1	1	0.009942710018540746	1	1	1	1	1	1	1	1	1	1	1	1	1	1	1	1	1	1	1	1	1	1	1	1	1	1	1
REACTOME_SIGNALING_BY_NTRKS	1	1	1	1	0.027202229802219202	1	1	1	1	1	1	1	1	1	1	1	1	1	1	1	1	1	1	1	1	0.012594044392876147	1	1	1	1	0.003400201662141722	1	1	1	1	1	1	0.08729741361235088	1	1	1	0.000865081611255758	1	1	1	1	1	1	1
REACTOME_SIGNALING_BY_NUCLEAR_RECEPTORS	1	1	1	1	1	1	1	1	1	1	1	1	1	1	1	1	0.046664621795326044	1	1	1	1	1	1	1	1	1	1	1	1	1	1	1	1	1	1	1	1	1	1	1	1	1	1	1	1	1	1	1	1
REACTOME_SIGNALING_BY_PDGF	1	1	1	1	1	1	0.007140917939633895	1	1	1	1	1	1	1	1	1	1	1	1	1	1	1	1	1	1	1	1	1	1	1	1	1	1	1	1	1	1	1	1	1	1	1	1	1	1	1	1	1	1
REACTOME_SIGNALING_BY_RECEPTOR_TYROSINE_KINASES	1	1	1	1	1	1	0.023413770516433674	1	0.054438931709431815	1	1	1	1	0.013478910863527593	1	1	1	1	1	1	1	1	1	1	1	1	0.04720477827313618	1	1	1	1	1	1	0.01189267812623429	1	0.030130991558178555	1	0.010674556074764086	1	1	1	0.021117459832822205	1	1	1	1	1	1	1
REACTOME_SIGNALING_BY_RHO_GTPASES	1	1	1	1	1	1	1	1	1	1	1	1	1	1	1	1	1	1	1	1	1	1	1	1	0.01919932993611606	1	1	1	1	1	1	1	1	1	1	1	1	1	1	1	1	1	1	1	1	0.04058747057614598	1	1	1
REACTOME_SIGNALING_BY_TYPE_1_INSULIN_LIKE_GROWTH_FACTOR_1_RECEPTOR_IGF1R_	1	1	1	1	1	1	1	0.09016432264257213	1	1	1	1	1	1	1	1	1	1	1	1	1	1	1	1	1	1	0.00947024519827766	1	1	1	1	1	1	1	1	1	1	1	1	1	1	1	1	1	1	1	1	1	1
REACTOME_SIGNALING_BY_WNT	1	1	1	1	1	1	1	1	1	1	1	1	1	1	1	0.046779790541539246	1	1	1	1	1	1	1	1	1	1	1	1	0.029303755083675886	1	1	1	1	1	1	1	1	1	1	1	1	1	1	1	1	1	1	1	1
REACTOME_SIGNAL_AMPLIFICATION	1	1	1	1	1	1	1	1	1	1	1	1	1	1	1	1	1	1	1	1	1	1	1	1	1	1	1	1	1	1	1	1	1	1	1	1	1	0.06372792680230877	1	1	1	1	1	1	1	1	1	1	1
REACTOME_SLC_MEDIATED_TRANSMEMBRANE_TRANSPORT	1	0.06230451592673025	1	1	1	1	1	1	1	1	1	1	1	1	1	1	1	1	1	1	1	1	1	1	1	1	1	1	1	1	1	1	1	1	1	1	1	1	1	1	1	1	1	1	1	1	1	1	1
REACTOME_STIMULI_SENSING_CHANNELS	1	0.057710149288989765	1	1	0.09500123149512052	1	1	6.205801010195078e-05	1	0.0008153443132851157	0.034301614150593074	0.0011760529834924371	1	1	1	1	1	1	1	0.004399271164996943	1	0.0200306104039788	1	1	1	1	1	1	1	1	1	1	1	1	1	1	1	0.0022273040092305463	0.06202902625863804	1	1	1	1	1	1	1	1	1	1
REACTOME_STRIATED_MUSCLE_CONTRACTION	1	1	1	1	1	1	1	1	1	1	0.004299415338958723	1	1	1	1	1	1	1	1	1	1	1	1	1	1	1	1	1	1	1	1	1	1	1	1	1	1	1	1	1	1	1	1	1	1	1	1	1	1
REACTOME_SURFACTANT_METABOLISM	1	1	1	1	1	1	1	1	1	1	1	1	1	1	1	1	1	1	1	1	1	1	1	1	1	1	1	1	1	1	1	1	1	1	1	1	1	0.053782653974495664	1	1	1	0.000592097080165388	1	1	1	1	1	1	1
REACTOME_SYNTHESIS_OF_VERY_LONG_CHAIN_FATTY_ACYL_COAS	1	1	1	1	1	1	1	1	1	1	1	1	1	1	1	1	1	1	1	0.00963198032999335	1	1	1	1	1	1	1	1	1	1	1	1	1	1	1	1	1	1	1	1	1	1	1	1	1	1	1	1	1
REACTOME_SYNTHESIS_SECRETION_AND_DEACYLATION_OF_GHRELIN	1	1	1	1	1	1	1	1	1	1	1	1	1	1	1	1	1	1	1	1	1	1	1	1	1	1	1	1	1	1	1	1	1	1	1	1	1	0.02310878849524045	1	1	1	0.0048553680422709355	1	1	1	1	1	1	1
REACTOME_SYNTHESIS_SECRETION_AND_INACTIVATION_OF_GLUCAGON_LIKE_PEPTIDE_1_GLP_1_	1	1	1	1	1	1	1	1	1	1	1	1	1	1	1	1	1	1	1	1	0.002263958372001218	1	1	1	1	1	1	1	1	1	1	1	1	1	1	1	1	0.025468574439406755	1	1	1	1	1	1	1	1	1	1	1
REACTOME_SYNTHESIS_SECRETION_AND_INACTIVATION_OF_GLUCOSE_DEPENDENT_INSULINOTROPIC_POLYPEPTIDE_GIP_	1	1	1	1	1	1	1	0.006283311845932116	1	1	0.0005537011527415592	1	1	1	1	1	1	1	1	0.0028451620573518577	0.0009442921377799118	1	1	1	1	1	1	1	1	1	1	1	1	1	1	1	1	1.542449620062225e-05	1	1	1	0.0022627368052792196	1	1	1	1	1	1	1
REACTOME_TANDEM_PORE_DOMAIN_POTASSIUM_CHANNELS	1	1	1	1	1	1	1	1	1	1	1	1	1	1	1	1	1	1	1	1	1	1	1	1	1	1	1	1	1	1	1	1	1	1	1	0.0007671423565989155	1	1	1	1	1	1	1	1	1	1	1	1	1
REACTOME_TCR_SIGNALING	1	1	1	1	1	1	1	1	1	1	1	1	1	1	1	1	1	1	1	1	1	1	1	1	1	1	1	1	1	1	1	1	1	1	1	1	1	1	1	1	1	1	1	1	0.03825203693822088	1	1	1	1
REACTOME_THROMBIN_SIGNALLING_THROUGH_PROTEINASE_ACTIVATED_RECEPTORS_PARS_	1	1	1	1	1	1	1	1	1	1	1	1	1	1	1	1	1	1	1	1	1	1	1	1	1	1	1	1	1	1	1	1	1	1	1	1	1	0.060347531620753125	1	1	1	1	1	1	1	1	1	1	1
REACTOME_THROMBOXANE_SIGNALLING_THROUGH_TP_RECEPTOR	1	1	1	1	1	1	1	1	1	1	1	1	1	1	1	1	1	1	1	1	1	1	1	1	1	1	1	1	1	1	1	1	1	1	1	1	1	0.0358159628115472	1	1	1	1	1	1	1	1	1	1	1
REACTOME_TOXICITY_OF_BOTULINUM_TOXIN_TYPE_D_BONT_D_	1	1	1	1	1	1	1	0.0008458598035345766	1	1	1	1	1	1	1	1	1	1	1	1	1	1	1	1	1	1	1	1	1	1	1	1	1	1	1	1	1	0.001515589708739773	1	1	1	1	1	1	1	1	1	1	1
REACTOME_TRAFFICKING_OF_AMPA_RECEPTORS	1	0.005631223577047706	1	1	1	1	1	1	1	1	1	1	1	1	1	1	1	1	1	1	1	1	1	1	1	1	1	1	1	1	1	1	1	1	1	1	1	1	1	1	1	1	1	1	1	1	1	1	1
REACTOME_TRANSCRIPTIONAL_REGULATION_BY_RUNX1	1	1	1	1	1	1	1	1	1	1	1	1	1	1	1	1	1	1	1	1	1	1	1	1	1	1	1	1	1	1	1	1	1	1	1	1	1	1	0.06174180848254196	1	1	1	1	1	1	1	1	1	1
REACTOME_TRANSCRIPTIONAL_REGULATION_BY_RUNX2	1	0.07055269630023209	1	1	1	1	1	1	1	1	1	1	1	1	1	1	1	1	1	1	0.06800533896986871	1	1	1	1	1	1	1	1	1	1	1	1	1	1	1	1	1	1	1	1	1	1	1	1	1	1	1	1
REACTOME_TRANSMISSION_ACROSS_CHEMICAL_SYNAPSES	0.009680639957532988	4.997073630219617e-06	1	0.006371161364247202	1	1	0.02069506658425202	0.003674382494384121	0.0007709803199760223	0.07911614826347546	4.952383974021757e-07	1	1	1	0.0006319992936003604	1	0.03646337045858039	0.0339208505189903	1	0.006516883782335281	1	1	0.027839699908813742	1	0.0460273419459285	0.0460273419459285	1	1	0.00018941525201054965	1	0.003046768522654286	1	0.003851727073675981	1	1	0.014081389955713619	1	0.0005670733176962317	1	1	1	0.06167434985462694	1	1	0.004337255627650749	0.007227231575376525	1	1	1
REACTOME_TRANSPORT_OF_BILE_SALTS_AND_ORGANIC_ACIDS_METAL_IONS_AND_AMINE_COMPOUNDS	1	0.03901324399964501	1	1	1	1	1	1	1	1	1	1	1	1	1	1	1	1	1	1	1	1	1	1	1	1	1	1	1	1	1	1	1	1	1	1	1	1	1	1	1	1	1	1	1	1	1	1	1
REACTOME_TRANSPORT_OF_INORGANIC_CATIONS_ANIONS_AND_AMINO_ACIDS_OLIGOPEPTIDES	1	1	1	1	1	1	1	1	1	1	1	1	1	1	1	1	1	1	1	1	1	1	1	1	1	1	1	1	1	1	1	1	1	1	1	1	0.03371738627140042	1	1	1	1	1	1	1	1	1	1	1	1
REACTOME_TRANSPORT_OF_SMALL_MOLECULES	1	0.047465061751083226	0.06187142182616456	0.08414941182059577	0.06203479967914349	1	1	0.01824131119456296	1	0.0074282863311951886	0.046293531904945895	0.05245216152925258	1	1	1	1	1	1	1	0.014582146642290295	1	1	1	1	1	1	1	1	1	1	1	0.054887763838832204	1	1	1	1	0.046293531904945895	0.03957638847575995	0.0561021947893956	1	1	1	1	1	1	1	1	1	1
REACTOME_TRANSPORT_TO_THE_GOLGI_AND_SUBSEQUENT_MODIFICATION	1	0.029970099851119314	1	1	0.06144479149559012	1	1	1	1	1	1	1	1	1	1	1	1	1	1	1	1	1	1	1	1	1	0.09114852743766944	1	1	1	1	1	1	1	1	1	1	0.08406430910144536	1	1	1	1	1	1	1	1	1	1	1
REACTOME_UNBLOCKING_OF_NMDA_RECEPTORS_GLUTAMATE_BINDING_AND_ACTIVATION	1	0.00260265919004532	1	1	1	1	1	1	1	1	1	1	1	1	1	1	1	1	1	1	1	1	1	1	1	1	1	1	1	1	1	1	1	1	1	1	1	1	1	1	1	1	1	1	1	1	1	0.003650896632863221	1
REACTOME_UPTAKE_AND_ACTIONS_OF_BACTERIAL_TOXINS	1	0.00015436951001002175	1	1	1	1	1	0.029688198165606416	1	1	1	1	1	1	1	1	1	1	1	0.01388785140435822	1	1	1	1	1	1	1	1	1	1	1	1	1	1	1	1	1	0.0004383523280145907	1	1	1	1	1	1	1	1	1	1	1
REACTOME_VASOPRESSIN_REGULATES_RENAL_WATER_HOMEOSTASIS_VIA_AQUAPORINS	1	1	1	1	1	1	1	1	1	1	0.006089214836054513	1	1	1	1	1	1	1	1	1	1	1	1	1	1	1	1	1	0.0034560827491261215	1	1	1	1	1	1	1	1	0.016426972557624264	1	1	1	1	1	1	1	1	1	1	1
REACTOME_VESICLE_MEDIATED_TRANSPORT	1	1	1	1	1	1	1	1	1	1	1	1	1	1	1	1	1	1	1	1	1	1	1	1	0.06294582431545881	1	1	1	1	1	1	1	1	1	1	1	1	1	1	1	1	1	1	1	1	1	1	1	1
REACTOME_VISUAL_PHOTOTRANSDUCTION	1	1	1	1	1	1	1	1	1	1	1	1	1	1	1	1	1	1	1	1	1	1	1	1	1	1	1	4.873319006770682e-05	1	1	1	1	1	1	1	0.04741615071171734	1	1	1	1	1	1	1	1	1	1	1	1	1
REACTOME_VOLTAGE_GATED_POTASSIUM_CHANNELS	1	1	1	0.0017117760312207464	1	1	1	0.0074306892485933584	1	1	1	1	1	1	1	1	0.006089214836054513	1	1	1	1	1	1	1	1	1	1	1	1	1	1	1	1	0.0007905576630194977	1	0.009800032850146634	1	0.016426972557624264	0.01150416593139425	1	1	1	1	1	1	1	1	1	1
REACTOME_WNT5A_DEPENDENT_INTERNALIZATION_OF_FZD4	1	0.0013195558821466058	1	1	1	1	1	1	1	1	1	1	1	1	1	1	1	1	1	1	1	1	1	1	1	1	1	1	1	1	1	1	1	1	1	1	1	1	1	1	1	1	1	1	1	1	1	1	1
SIG_CD40PATHWAYMAP	1	1	1	1	1	1	1	1	1	1	1	1	1	1	1	1	1	1	1	1	1	1	1	1	1	1	1	1	1	1	1	1	1	1	1	1	1	1	1	1	1	1	1	1	0.003235255750052901	1	1	1	1
SIG_CHEMOTAXIS	1	0.011608027230358031	1	1	1	1	1	1	1	1	1	1	1	1	1	1	1	1	1	0.03177242544242764	1	1	1	1	1	1	1	1	1	1	1	1	1	1	1	1	1	1	1	1	1	1	1	1	1	1	1	1	1
SIG_PIP3_SIGNALING_IN_CARDIAC_MYOCTES	1	0.024647210069806857	1	1	1	1	1	1	1	1	1	1	1	1	1	1	1	1	1	1	1	1	1	1	1	1	1	1	1	1	1	1	1	1	1	1	1	1	1	1	1	1	1	1	1	1	1	1	1
ST_ADRENERGIC	1	1	1	1	1	1	1	1	1	1	1	1	1	1	1	1	1	1	1	0.022065303324683372	1	1	1	1	1	1	1	1	1	1	1	1	1	1	1	1	1	0.010919837525218856	1	1	1	1	1	1	1	1	1	1	1
ST_DIFFERENTIATION_PATHWAY_IN_PC12_CELLS	1	1	1	1	1	1	1	1	1	1	1	1	1	1	1	1	1	1	1	1	1	1	1	1	1	1	1	1	1	1	1	1	1	1	1	1	1	0.02081845386116954	1	1	1	1	1	1	0.006108997697055418	1	1	1	1
ST_FAS_SIGNALING_PATHWAY	1	1	1	1	1	1	1	1	1	1	1	1	1	1	1	1	1	1	1	1	1	1	1	1	1	1	1	1	1	1	1	1	1	1	1	1	1	1	1	1	1	1	1	1	0.011768950069611983	1	1	0.03295287723673457	1
ST_GRANULE_CELL_SURVIVAL_PATHWAY	1	1	1	1	1	1	1	1	1	1	1	1	1	1	1	1	1	1	1	1	1	1	1	1	1	1	1	1	1	1	1	1	1	1	1	1	1	1	1	1	1	1	1	1	0.0022004187046600343	1	1	1	1
ST_G_ALPHA_I_PATHWAY	1	1	1	1	1	1	1	1	1	1	1	1	1	1	1	1	1	1	1	0.020955957577029283	1	1	1	1	1	1	1	1	1	1	1	1	1	1	1	1	1	0.07423573344575352	1	1	1	1	1	1	1	1	1	1	1
ST_INTEGRIN_SIGNALING_PATHWAY	1	0.035772995699122845	1	1	1	1	1	1	1	1	1	1	1	1	1	1	1	1	1	1	1	1	1	1	1	1	1	1	1	1	1	1	1	1	1	1	1	0.083245784643037	1	1	1	1	1	1	0.017774594217980555	1	1	1	1
ST_MYOCYTE_AD_PATHWAY	1	1	1	1	1	1	1	1	1	1	1	1	1	1	1	1	1	1	1	0.012981912856087074	1	1	1	1	1	1	1	1	1	1	1	1	1	1	1	1	1	0.04749356889414247	1	1	1	1	1	1	1	1	1	1	1
ST_WNT_BETA_CATENIN_PATHWAY	1	1	1	1	1	1	1	1	0.008477109883288758	1	1	1	1	1	1	1	1	1	1	1	0.0064761594297590985	0.00217160465875188	1	1	1	1	1	1	1	1	1	1	1	1	1	1	1	0.06717079766117551	1	1	1	1	1	1	1	1	0.0026783230326433705	1	1
ST_WNT_CA2_CYCLIC_GMP_PATHWAY	1	1	1	1	1	1	1	1	1	1	1	1	1	1	1	1	1	1	1	1	1	1	1	1	1	1	1	1	1	1	1	1	1	1	1	1	1	1	1	1	1	1	1	1	1	1	1	0.0033123472650397057	1
WNT_SIGNALING	1	1	1	1	1	1	1	1	0.05132575921292393	1	1	1	1	1	1	1	1	1	1	1	1	0.014146785081584845	1	1	1	1	1	1	1	1	1	1	1	1	1	1	1	1	0.044698237533112195	1	1	1	1	1	1	1	1	1	1
WP_ALZHEIMERS_DISEASE	1	1	1	1	1	1	1	1	1	1	1	1	1	1	1	1	1	1	1	1	1	1	1	1	1	0.015604439628929878	1	1	1	1	1	1	1	1	1	1	1	1	1	1	1	1	1	1	1	1	1	1	1
WP_APOPTOSIS	1	1	1	1	1	1	1	1	1	1	1	1	1	1	1	1	1	1	1	1	1	0.013253616980405503	1	1	1	1	1	1	1	1	1	1	1	1	1	1	1	1	1	1	1	1	1	1	1	1	1	1	1
WP_ARRHYTHMOGENIC_RIGHT_VENTRICULAR_CARDIOMYOPATHY	1	1	1	1	1	1	1	0.005498183661234668	1	1	1	1	1	1	1	1	1	1	1	1	1	1	1	1	1	1	1	1	1	1	1	1	1	1	1	0.02876767802778657	1	1	1	1	1	1	1	1	1	0.020124080354552376	1	1	0.0008959828720256358
WP_ASSOCIATION_BETWEEN_PHYSICOCHEMICAL_FEATURES_AND_TOXICITY_ASSOCIATED_PATHWAYS	1	0.02533600546417325	1	1	1	1	1	1	1	1	1	1	1	1	1	1	1	1	1	0.06676265811847393	1	1	1	1	1	1	1	1	1	1	1	1	1	1	1	1	0.014720468869099168	1	1	1	1	1	1	1	1	1	1	1	1
WP_BDNFTRKB_SIGNALING	1	1	0.0042401070625712745	1	1	1	1	1	1	1	1	1	1	1	1	1	1	1	1	1	1	1	1	1	0.000805413786371223	1	1	1	1	1	1	1	1	1	1	1	1	1	1	1	1	1	1	1	1	1	1	1	1
WP_BMP2WNT4FOXO1_PATHWAY_IN_HUMAN_PRIMARY_ENDOMETRIAL_STROMAL_CELL_DIFFERENTIATION	1	1	1	1	1	1	1	0.006283311845932116	1	1	1	1	1	1	1	1	1	1	1	1	1	1	1	1	1	1	1	1	1	1	1	1	1	1	1	1	1	1	1	1	1	1	1	1	1	1	1	1	1
WP_BRAINDERIVED_NEUROTROPHIC_FACTOR_BDNF_SIGNALING_PATHWAY	1	0.09638549068044855	0.06739804473122968	1	1	1	0.03960624489251474	1	1	1	1	1	1	1	1	1	1	1	1	0.06042325347737043	0.09301027507935578	1	1	1	1	0.014442190063780003	1	1	1	1	0.042137955804038674	1	1	1	1	1	0.00697981406328152	1	1	1	1	1	1	1	1	1	1	0.024245098119717312	1
WP_BREAST_CANCER_PATHWAY	1	1	1	1	1	1	1	1	1	1	1	1	1	1	1	1	1	1	1	1	1	0.04017308823741206	1	1	1	1	1	1	1	1	1	1	1	1	1	1	1	1	1	1	1	1	1	1	1	1	1	1	1
WP_CALCIUM_REGULATION_IN_THE_CARDIAC_CELL	1	1.7404375303509134e-05	0.07403659568569076	1	1	1	0.04367432765828272	1.2110243809537735e-05	0.0003807847516823504	1	0.06435129834345232	0.03574918943672567	1	1	0.021856739107177114	1	1	4.6598058378921614e-05	1	4.319670044128365e-05	1	1	1	1	1	1	1	1	0.00024144439552620245	0.03574918943672567	1	1	1	1	1	0.015837563161707147	1	0.0006432014466563052	1	1	1	1	1	0.017866142779208505	0.05514010826462212	0.0707581665980932	1	0.00416069717204659	1
WP_CARDIAC_PROGENITOR_DIFFERENTIATION	1	1	1	1	1	1	1	1	1	1	1	1	1	1	1	1	1	1	1	1	0.015240603079674564	1	1	1	1	1	1	1	1	1	0.00640511784448472	1	1	1	1	1	1	1	1	1	1	1	1	1	1	1	1	1	1
WP_CELL_MIGRATION_AND_INVASION_THROUGH_P75NTR	1	1	1	1	1	1	1	1	1	1	1	1	1	1	1	1	1	1	1	1	0.00017740523093146	1	1	1	1	1	1	1	1	1	1	1	1	1	1	0.005182033505202521	1	0.05703172282711921	1	1	1	0.012650856298978885	1	1	1	1	1	1	1
WP_CHEMOKINE_SIGNALING_PATHWAY	1	1	1	1	1	1	1	1	1	1	0.010125892523094815	1	1	1	1	1	1	1	1	1	1	1	1	1	1	1	1	1	0.04445808056971101	1	1	1	1	1	1	1	1	0.0561660597707444	1	1	1	1	1	1	1	0.08152628270434303	1	1	1
WP_CILIOPATHIES	1	1	1	1	1	1	1	1	1	1	1	1	1	1	1	1	1	1	1	1	1	1	1	1	1	1	1	1	1	1	1	1	1	1	1	1	1	1	1	1	1	1	1	1	1	0.09810475579909306	1	1	1
WP_CIRCADIAN_RHYTHM_RELATED_GENES	0.04604012487953857	1	1	1	1	1	1	1	1	0.04991603345834572	1	1	1	1	0.03864611673481089	1	1	1	1	1	1	1	1	1	0.002198369477052875	1	1	1	0.06650686364761649	1	1	1	1	1	1	0.03524490163970384	1	1	1	1	1	0.027624667498573507	1	1	1	1	1	1	1
WP_COMMON_PATHWAYS_UNDERLYING_DRUG_ADDICTION	1	1	1	1	1	1	1	1	1	1	1	1	1	1	0.0018114095562805632	1	1	1	1	1	1	1	1	1	1	1	1	1	1	1	1	1	1	1	1	1	1	1	1	1	1	1	1	1	1	1	1	1	1
WP_COMPLEMENT_AND_COAGULATION_CASCADES	1	1	1	1	1	1	1	1	1	1	1	1	1	1	1	1	1	1	0.0019871667447597385	1	1	1	1	1	1	1	1	1	1	1	1	1	1	1	1	1	1	1	1	1	1	1	1	1	1	1	1	1	1
WP_DISRUPTION_OF_POSTSYNAPTIC_SIGNALLING_BY_CNV	1	0.006746879455654109	1	1	1	1	1	1	1	1	1	1	1	1	1	1	1	1	1	1	1	1	1	1	1	1	1	1	1	1	1	1	1	1	1	1	1	1	1	1	1	1	1	1	1	1	1	0.009409134257617024	1
WP_DNA_DAMAGE_RESPONSE_ONLY_ATM_DEPENDENT	1	1	1	1	1	1	1	1	1	1	1	1	1	1	1	1	1	1	1	1	1	0.022552231883192553	1	1	1	1	1	1	1	1	1	1	1	1	1	1	1	1	1	1	1	1	1	1	1	1	1	1	1
WP_DOPAMINERGIC_NEUROGENESIS	1	1	1	1	1	1	1	1	1	1	1	1	1	1	1	1	1	1	1	1	1	1	1	1	1	1	1	1	1	1	1	1	1	1	1	1	1	0.053782653974495664	1	1	0.00013867761474162243	0.011876797341488832	1	1	1	1	1	0.007376791969677998	1
WP_EBOLA_VIRUS_PATHWAY_ON_HOST	1	1	1	1	1	1	1	1	1	1	1	1	1	1	1	1	1	1	1	1	1	1	1	1	1	1	1	1	1	1	1	1	1	1	1	1	1	1	1	1	1	1	1	1	0.042253681744490734	1	1	1	1
WP_ECTODERM_DIFFERENTIATION	1	0.09638549068044855	0.008724452425976303	1	1	1	1	0.04563358698743636	1	1	1	1	1	1	1	1	0.00697981406328152	1	1	0.002006413828178122	0.014532944235466916	0.034726413930913136	1	1	1	1	1	1	1	1	1	0.012834075157059255	1	1	1	1	0.00697981406328152	0.03456781068371839	0.017157224516928915	1	1	1	1	1	1	1	1	1	1
WP_EGFR_TYROSINE_KINASE_INHIBITOR_RESISTANCE	1	0.037379409245148376	1	1	1	1	1	1	1	1	1	1	1	1	1	1	1	1	1	1	0.035967747854064314	1	1	1	1	1	1	1	1	1	1	1	1	1	1	1	1	0.08800456831042713	1	1	1	1	1	1	1	1	1	1	1
WP_ENDOCHONDRAL_OSSIFICATION	1	0.02329336922478409	1	1	1	1	1	1	1	1	1	1	1	1	1	1	1	1	1	1	1	1	1	1	1	1	1	1	1	1	1	1	1	1	1	1	1	1	1	1	1	1	1	1	1	1	1	1	1
WP_ENDOCHONDRAL_OSSIFICATION_WITH_SKELETAL_DYSPLASIAS	1	0.02329336922478409	1	1	1	1	1	1	1	1	1	1	1	1	1	1	1	1	1	1	1	1	1	1	1	1	1	1	1	1	1	1	1	1	1	1	1	1	1	1	1	1	1	1	1	1	1	1	1
WP_ENDODERM_DIFFERENTIATION	1	1	1	1	1	1	1	1	1	1	1	1	1	1	1	1	1	1	1	1	1	0.03516829842748814	1	1	1	1	1	1	1	1	1	1	1	1	1	1	1	1	1	1	1	1	1	1	1	1	1	1	1
WP_ENVELOPE_PROTEINS_AND_THEIR_POTENTIAL_ROLES_IN_EDMD_PHYSIOPATHOLOGY	1	1	1	1	1	1	1	1	1	1	0.0069436714657808984	1	1	1	1	1	1	1	1	1	1	1	1	1	1	1	1	1	1	1	1	1	1	1	1	1	1	1	1	1	1	1	1	1	1	1	1	1	1
WP_EPITHELIAL_TO_MESENCHYMAL_TRANSITION_IN_COLORECTAL_CANCER	1	1	1	1	1	1	1	1	1	1	1	1	1	1	1	1	1	1	1	1	1	1	1	1	1	1	1	1	1	0.0039704327002335615	1	1	1	1	1	1	1	1	1	1	1	1	1	1	1	1	1	1	1
WP_ERBB_SIGNALING_PATHWAY	1	0.0003263656678075266	1	1	1	1	1	1	1	1	1	1	1	1	1	1	1	1	1	1	1	1	1	1	1	1	1	1	1	1	1	1	1	1	0.0024836196265921595	1	1	0.027196786073000023	1	1	1	1	1	1	1	1	1	1	1
WP_ESC_PLURIPOTENCY_PATHWAYS	1	0.06851980681999481	1	1	1	1	1	1	0.08401482310076769	1	1	1	1	1	1	1	1	1	1	1	1	1	1	1	1	1	1	1	1	1	1	1	1	1	1	1	1	0.06055787189753836	0.07357078867832922	1	1	1	1	1	1	1	0.029293259876776667	1	1
WP_EXERCISEINDUCED_CIRCADIAN_REGULATION	1	1	1	1	1	1	1	0.07631920662965497	1	1	1	1	1	1	1	1	1	1	1	1	1	1	1	1	1	1	1	1	1	1	1	1	1	1	1	1	1	1	1	1	1	1	1	1	1	1	1	1	1
WP_FATTY_ACID_BETA_OXIDATION	1	1	1	1	1	1	1	1	1	1	1	1	1	1	1	1	1	1	1	0.018810263235545466	1	1	1	1	1	1	1	1	1	1	1	1	1	1	1	1	1	1	1	1	1	1	1	1	1	1	1	1	1
WP_FOCAL_ADHESION	1	0.0061264853689746435	1	1	1	1	0.07226727594156879	1	1	1	1	1	1	1	1	1	1	1	1	1	1	1	1	1	1	1	1	1	1	1	1	1	1	1	0.011706532618374288	1	1	0.01354046866544445	1	1	1	1	1	1	1	1	1	1	1
WP_FOCAL_ADHESIONPI3KAKTMTORSIGNALING_PATHWAY	1	1	1	1	1	1	0.029632171496092097	1	1	1	1	1	1	1	1	1	1	1	1	1	1	1	1	1	1	1	1	1	1	1	1	1	1	1	1	1	1	0.040389243206619296	1	1	1	1	1	1	1	1	1	1	1
WP_FRAGILE_X_SYNDROME	1	1	1	1	1	1	1	1	0.08892378624854846	1	1	1	1	1	1	1	1	1	1	1	1	1	1	1	0.01052652268273857	1	1	1	1	1	1	1	1	0.0061845753618183785	1	1	1	1	1	1	1	1	1	1	1	1	1	0.0018811913904893673	1
WP_G13_SIGNALING_PATHWAY	1	1	1	1	1	1	1	1	1	1	1	1	1	1	1	1	1	1	1	1	1	0.0029966152075021624	1	1	1	1	1	1	1	1	1	1	1	1	1	1	1	0.08902702933091589	1	1	1	1	1	1	1	1	1	1	1
WP_G1_TO_S_CELL_CYCLE_CONTROL	1	1	1	1	0.03849816315517807	1	1	1	1	1	1	1	1	1	1	1	1	1	1	1	1	1	1	1	1	1	1	1	1	1	1	1	1	1	1	1	1	1	1	1	1	1	1	1	1	1	1	0.03114067443682733	1
WP_GABA_RECEPTOR_SIGNALING	1	1	1	1	1	1	1	1	0.0003238714240783036	1	1	1	1	1	1	1	1	1	1	1	1	1	1	1	1	1	1	1	1	1	1	1	1	1	1	1	1	1	1	1	1	1	1	1	1	1	1	1	1
WP_GASTRIC_ACID_PRODUCTION	1	1	1	1	1	1	1	1	1	1	1	1	1	1	1	1	1	1	1	1	1	1	1	1	1	1	1	1	1	1	1	1	1	1	1	1	1	1	1	1	1	1	1	3.6745309568653184e-05	1	1	1	1	1
WP_GDNFRET_SIGNALLING_AXIS	1	1	1	1	1	1	1	0.01918152627907166	1	1	1	1	1	1	1	1	1	1	1	1	1	1	1	1	1	1	1	1	1	1	1	1	1	1	1	1	1	1	1	1	1	1	1	1	1	1	1	1	1
WP_GENES_INVOLVED_IN_MALE_INFERTILITY	1	1	1	1	1	1	1	1	1	1	1	1	1	1	1	1	1	0.06336464735873804	1	1	1	1	1	1	1	1	1	1	1	1	1	1	1	1	1	1	1	1	1	1	1	1	1	1	1	1	1	1	1
WP_GPCRS_CLASS_A_RHODOPSINLIKE	1	1	1	1	1	1	1	0.0934931332205775	1	1	1	1	1	1	1	1	0.03281281654473678	1	1	1	1	1	1	1	1	1	1	1	1	1	1	1	1	1	1	1	1	1	1	1	1	1	1	1	1	1	1	1	1
WP_GPCRS_OTHER	1	1	1	1	1	1	1	1	0.05655952830495514	1	1	1	1	1	1	1	1	0.025641830656678355	1	1	1	1	1	1	1	1	1	1	1	1	1	1	1	1	1	1	1	1	1	1	1	1	1	1	1	1	1	1	1
WP_G_PROTEIN_SIGNALING_PATHWAYS	1	1	1	1	1	1	1	1	1	1	0.0280995148326596	1	1	1	0.009135352843109179	1	1	0.026662746813443938	1	0.021841153142395875	1	1	1	1	1	1	1	1	0.0009611009658139213	1	1	1	1	1	1	0.044062234848863735	1	0.007045595823550799	1	1	1	1	1	1	1	1	1	1	1
WP_HEMATOPOIETIC_STEM_CELL_DIFFERENTIATION	1	1	1	1	1	1	1	1	1	1	1	1	1	1	1	1	1	1	1	1	1	1	1	1	1	1	1	1	1	0.0065629278449199635	1	1	1	1	1	1	1	1	1	1	1	0.04611470618713842	1	1	1	1	1	0.029369865002191187	1
WP_HIPPOMERLIN_SIGNALING_DYSREGULATION	1	1	1	1	1	1	1	1	1	1	1	1	1	1	1	1	1	1	1	1	1	1	1	1	0.010692444767467335	1	1	1	1	1	1	1	1	1	1	1	1	1	1	1	1	1	1	1	1	1	1	1	1
WP_HUMAN_COMPLEMENT_SYSTEM	1	0.05026994783862282	1	1	1	1	1	1	1	1	1	1	1	1	1	1	1	1	0.005488146186487741	1	1	1	1	1	1	1	0.02974132698757115	1	1	1	1	1	1	1	1	1	1	1	1	1	1	1	1	1	1	1	1	1	1
WP_HUMAN_THYROID_STIMULATING_HORMONE_TSH_SIGNALING_PATHWAY	1	1	1	1	1	1	1	1	1	1	1	1	1	1	1	1	1	1	1	1	1	1	1	1	1	1	1	1	1	1	1	1	1	1	1	1	1	0.010316695705802847	1	1	1	1	1	1	1	1	1	1	1
WP_INSULIN_SIGNALING	1	1	1	1	1	1	1	1	1	1	0.0711437664855269	1	1	1	1	1	1	1	1	1	1	1	1	1	1	1	1	1	1	1	0.05148361207396002	1	1	1	1	1	1	1	1	1	1	1	1	1	1	1	0.05148361207396002	1	1
WP_INTEGRINMEDIATED_CELL_ADHESION	1	0.054876690677685525	1	1	1	1	1	1	1	1	1	1	1	1	1	1	1	1	1	1	1	1	1	1	1	1	1	1	1	1	1	1	1	1	0.0032292692972907266	1	1	0.04138227317613319	1	1	1	1	1	1	1	1	1	1	1
WP_INTRACELLULAR_TRAFFICKING_PROTEINS_INVOLVED_IN_CMT_NEUROPATHY	1	1	1	1	1	1	1	1	1	1	1	1	1	1	1	1	1	1	1	0.012102990338895836	1	1	1	1	1	1	0.0024325646052404393	1	1	1	1	1	1	1	1	1	1	1	1	1	1	1	1	1	1	1	1	1	1
WP_LNCRNA_INVOLVEMENT_IN_CANONICAL_WNT_SIGNALING_AND_COLORECTAL_CANCER	1	1	1	1	1	1	1	1	0.0664250314162893	1	1	1	1	1	1	1	1	1	1	1	1	0.018647203870928997	1	1	1	1	1	1	1	1	1	1	1	1	1	1	1	1	1	1	1	1	1	1	1	1	1	1	1
WP_LUNG_FIBROSIS	1	1	1	1	1	1	1	1	1	1	1	1	1	1	1	1	1	1	1	1	1	1	1	1	1	1	1	1	1	1	1	1	1	1	1	0.020283087520482468	1	1	1	1	1	1	1	1	1	1	1	1	1
WP_MAJOR_RECEPTORS_TARGETED_BY_EPINEPHRINE_AND_NOREPINEPHRINE	1	1	1	1	1	1	1	1	1	1	0.0007428132010925959	1	1	1	1	1	1	1	1	1	1	1	1	1	1	1	1	1	1	1	1	1	1	1	1	1	1	1	1	1	1	1	1	1	1	1	1	1	1
WP_MAPK_CASCADE	1	1	1	1	1	1	1	1	1	1	1	1	1	1	1	1	1	1	1	1	1	1	1	1	1	1	1	1	1	1	1	1	1	1	1	1	1	0.06372792680230877	1	1	1	1	1	1	1	1	1	1	1
WP_MAPK_SIGNALING_PATHWAY	0.06394773890677463	1	1	1	1	1	1	0.029026325565782884	0.01872014305227576	1	1	1	0.017428185516326078	1	1	1	1	1	1	1	0.0002384658293539399	0.0914532470121221	1	1	1	1	1	1	0.00013197368794015674	1	1	1	1	1	1	0.05564157769181455	1	0.09248969224060721	1	1	1	0.04900303438462916	1	1	0.02386636988342361	1	1	0.09252491752532421	0.009209389611021912
WP_MBDNF_AND_PROBDNF_REGULATION_OF_GABA_NEUROTRANSMISSION	1	1	1	1	1	1	1	1	0.011603541985970134	1	1	1	1	1	1	1	1	1	1	1	1	1	1	1	1	1	1	1	1	1	1	1	1	1	1	1	1	0.08902702933091589	1	1	1	0.020554271855159234	1	1	1	1	1	1	1
WP_MECP2_AND_ASSOCIATED_RETT_SYNDROME	1	1	1	1	1	1	1	1	1	1	1	1	1	1	1	1	1	1	1	1	1	1	1	1	1	1	1	1	1	1	1	1	1	1	1	1	1	1	1	1	1	1	1	1	1	1	1	0.038629719158445264	1
WP_MESODERMAL_COMMITMENT_PATHWAY	1	1	0.07657903911628083	0.0013408677603551356	1	1	1	1	1	1	1	1	1	1	1	1	1	1	1	0.0157737729057027	1	0.03970737778426059	1	1	1	1	1	1	1	1	1	0.014762340843842092	1	1	1	1	1	1	1	1	1	1	1	1	1	1	1	1	1
WP_MET_IN_TYPE_1_PAPILLARY_RENAL_CELL_CARCINOMA	1	0.019426512106704763	1	1	1	1	1	1	1	1	1	1	1	1	1	1	1	1	1	1	1	1	1	1	1	1	1	1	1	1	1	1	1	1	1	1	1	1	1	1	1	1	1	1	1	1	1	1	1
WP_MIR5093P_ALTERATION_OF_YAP1ECM_AXIS	1	1	1	1	1	1	1	1	1	1	1	1	1	1	1	1	1	1	1	1	1	1	1	1	1	1	1	8.775476761357925e-05	1	1	1	1	1	1	1	1	1	0.02310878849524045	1	1	1	1	1	1	1	1	1	1	1
WP_MONOAMINE_TRANSPORT	1	0.005992775496253433	1	1	1	1	1	1	1	1	1	1	1	1	1	1	1	1	1	0.016764169053926747	1	1	1	1	1	1	1	1	1	1	0.0023746891042429885	1	1	1	1	1	1	0.0072945910540517245	1	1	1	0.000717638574447399	1	1	0.0028693463064166647	1	1	1	1
WP_MYOMETRIAL_RELAXATION_AND_CONTRACTION_PATHWAYS	1	0.00026085657971008924	0.07914933628212983	1	1	1	1	0.00360057503091582	0.003928457283372544	1	0.06885388800128767	0.03836095747381785	1	1	0.023494853346013644	1	1	1	1	0.016808571214380286	1	1	1	1	1	1	1	1	0.003987706517635803	1	1	1	1	1	1	1	1	1	1	1	1	1	1	0.0012036952136554868	1	0.07566596461029418	1	0.0307657468703465	1
WP_NANOPARTICLEMEDIATED_ACTIVATION_OF_RECEPTOR_SIGNALING	1	1	1	1	1	1	1	1	1	1	1	1	1	1	1	1	1	1	1	1	1	1	1	1	1	1	1	1	1	1	1	1	1	1	1	1	1	0.050602522190972055	1	1	1	1	1	1	1	1	1	1	1
WP_NCRNAS_INVOLVED_IN_WNT_SIGNALING_IN_HEPATOCELLULAR_CARCINOMA	1	1	1	1	1	1	1	1	0.05235775303150203	1	1	1	1	1	1	1	1	1	1	1	1	0.014450195532340615	1	1	1	1	1	1	1	1	1	1	1	1	1	1	1	1	1	1	1	1	1	1	1	1	1	1	1
WP_NEPHROTIC_SYNDROME	1	1	1	1	1	1	1	1	1	1	1	1	1	1	1	1	1	0.006297084874333003	1	1	1	1	1	1	1	1	1	1	1	1	1	1	1	1	1	1	1	1	1	1	1	1	1	1	1	1	1	1	1
WP_NEURAL_CREST_CELL_MIGRATION_DURING_DEVELOPMENT	1	0.009703754058793201	1	1	1	1	1	1	1	1	1	1	1	1	1	1	1	1	1	1	1	1	1	1	1	1	1	1	1	1	1	1	1	1	1	0.008938596570119084	1	0.09285157886353801	1	1	1	1	1	1	1	1	1	1	1
WP_NEURAL_CREST_CELL_MIGRATION_IN_CANCER	1	0.011117692750369446	1	1	1	1	1	1	1	1	1	1	1	1	1	1	1	1	1	1	0.010676893324793824	1	1	1	1	1	1	1	1	1	1	1	1	1	1	0.01024409035082574	1	1	1	1	1	0.024578505298727293	1	1	1	1	1	1	1
WP_NICOTINE_ACTIVITY_ON_DOPAMINERGIC_NEURONS	1	1	1	1	1	1	1	1	8.173933779942466e-05	1	2.3966641436556912e-05	1	1	1	1	1	0.0014704184207172677	1	1	1	1	1	1	1	1	1	0.0014704184207172677	1	1	1	1	1	1	1	1	1	1	0.0021625992122473736	1	1	1	0.0002010154535357911	1	1	1	0.0016376587475152027	1	1	1
WP_NOCGMPPKG_MEDIATED_NEUROPROTECTION	1	0.013135084589374957	1	1	0.022628452486852524	1	1	0.010069830093678456	1	1	1	1	1	1	1	1	1	1	1	1	1	1	1	1	1	0.0017012296433264185	1	1	1	1	1	1	1	1	1	1	1	1	0.014199121112809188	1	1	1	1	1	1	1	1	0.0011509689697765113	1
WP_NONGENOMIC_ACTIONS_OF_125_DIHYDROXYVITAMIN_D3	1	0.027449126060828166	1	1	1	1	1	1	1	1	1	1	1	1	1	1	1	1	1	1	1	1	1	1	1	1	1	1	1	1	1	1	1	1	1	1	1	1	1	1	1	1	1	1	1	1	1	1	1
WP_NONSMALL_CELL_LUNG_CANCER	1	0.028168867168513745	1	1	1	1	1	1	1	1	1	1	1	1	1	1	1	1	1	1	1	1	1	1	1	1	1	1	1	1	1	1	1	1	1	1	1	1	1	1	1	1	1	1	1	1	1	1	1
WP_NOTCH_SIGNALING	1	1	1	1	1	1	1	1	1	1	1	1	1	1	1	1	1	1	1	1	1	0.004116576802779992	1	1	1	1	1	1	1	1	1	1	1	1	1	1	1	1	1	1	1	1	1	1	1	1	1	1	1
WP_NOTCH_SIGNALING_PATHWAY_NETPATH	1	1	1	1	1	1	1	1	1	1	1	1	1	1	1	1	1	1	1	1	1	0.0072891782705742925	1	1	1	1	1	1	1	0.00676993530666381	1	1	1	1	1	1	1	1	1	1	1	1	1	1	1	1	1	1	1
WP_NRF2_PATHWAY	1	1	1	1	1	1	1	1	1	1	1	1	1	1	1	1	1	1	1	1	0.09410407653003461	1	1	1	1	1	1	1	1	1	1	1	1	1	1	1	0.05923328807692119	1	0.017473748481626417	1	1	1	1	1	1	1	1	1	1
WP_NUCLEAR_RECEPTORS_METAPATHWAY	0.0990623304970304	1	1	1	1	1	1	1	1	1	1	1	1	1	1	1	1	1	1	1	1	1	1	1	1	1	1	1	1	1	1	1	1	1	1	1	0.05642348111154738	1	1	1	1	1	1	1	1	1	1	1	1
WP_OSTEOBLAST_DIFFERENTIATION	1	0.06953375335348377	1	1	1	1	1	1	1	1	1	1	1	1	1	1	1	1	1	1	1	0.024430026241881952	1	1	1	1	1	1	1	0.02275262727053562	1	1	1	1	1	1	1	1	0.07465241943087886	1	1	1	1	1	1	1	0.029752467409772998	1	1
WP_PANCREATIC_ADENOCARCINOMA_PATHWAY	1	0.04151439580644389	1	1	1	1	1	1	1	1	1	1	1	1	1	1	1	1	1	1	1	1	1	1	1	1	1	1	1	1	1	1	1	1	1	1	1	1	1	1	1	1	1	1	1	1	1	1	1
WP_PARKINSONS_DISEASE_PATHWAY	1	1	1	1	1	1	1	1	1	1	1	1	1	1	1	1	1	1	1	1	1	1	1	1	1	1	1	1	1	1	1	1	1	1	1	1	1	1	1	1	1	0.07872857123687649	1	1	1	1	1	1	1
WP_PARKINUBIQUITIN_PROTEASOMAL_SYSTEM_PATHWAY	1	1	1	1	1	1	1	1	1	1	1	1	1	1	1	1	1	1	1	1	1	1	1	1	1	1	1	1	0.00893463717447529	1	1	1	1	1	1	1	1	1	1	1	1	1	1	1	1	1	1	1	1
WP_PATHWAYS_REGULATING_HIPPO_SIGNALING	1	1	1	1	1	1	1	1	1	1	1	1	1	1	1	1	1	1	1	1	1	1	1	1	0.007039484652833106	1	1	1	1	1	1	1	1	1	1	1	1	1	1	1	1	1	1	1	1	1	1	1	1
WP_PHOSPHODIESTERASES_IN_NEURONAL_FUNCTION	1	1	1	0.0026872240672750625	1	1	1	1	1	1	0.00947024519827766	1	1	1	1	1	1	1	1	1	1	1	1	1	1	1	1	1	1	1	1	1	1	1	1	0.015158595262146801	1	1	1	1	1	0.03589145999711674	1	1	1	1	1	0.022717298007846387	1
WP_PI3KAKT_SIGNALING_PATHWAY	1	1	1	1	1	1	0.03917592539929893	1	1	1	1	1	1	1	1	1	1	1	1	1	1	1	1	1	0.009170772062796817	1	1	1	1	1	1	1	1	1	1	1	1	0.06813795773994735	1	1	1	1	1	1	1	1	1	1	1
WP_PPAR_SIGNALING_PATHWAY	1	1	1	1	1	1	1	1	1	1	1	1	1	1	1	1	1	1	1	0.06505398498899084	1	1	1	1	1	1	1	1	1	1	1	1	1	1	1	1	1	1	1	1	1	1	1	1	1	1	1	1	1
WP_PRADERWILLI_AND_ANGELMAN_SYNDROME	1	1	1	1	1	1	1	1	0.029829042349829527	0.005823207021333432	1	1	1	1	1	1	1	1	1	1	1	1	1	1	1	1	1	1	1	1	1	1	1	1	1	1	1	1	1	1	1	0.05158092289082428	1	1	1	1	1	1	1
WP_PRIMARY_FOCAL_SEGMENTAL_GLOMERULOSCLEROSIS_FSGS	1	1	1	1	1	1	1	1	1	1	1	1	1	1	1	1	1	1	1	1	1	1	1	1	1	1	1	1	1	1	1	1	1	1	1	1	1	1	1	1	1	1	1	1	1	1	1	0.040599421154127624	1
WP_PURINERGIC_SIGNALING	1	1	1	1	1	1	1	1	1	1	1	1	1	1	1	1	1	1	1	1	1	1	1	1	1	1	1	1	1	1	1	1	1	1	1	1	1	1	1	1	1	0.0151009502717111	1	1	1	1	1	1	1
WP_PYRIMIDINE_METABOLISM	1	1	1	1	1	1	1	1	1	1	1	1	1	1	1	1	1	1	1	1	1	1	1	1	1	1	1	1	1	1	1	1	1	1	1	1	0.0229075848412178	1	1	1	1	1	1	1	1	1	1	1	1
WP_RAC1PAK1P38MMP2_PATHWAY	1	1	1	1	1	1	1	1	1	1	1	1	1	1	1	1	1	1	1	1	1	1	1	1	1	1	1	1	1	0.008073622197562802	1	1	1	1	1	1	1	1	1	1	1	1	1	1	1	1	1	1	1
WP_RAS_SIGNALING	1	0.02956062121514813	1	0.028578910380241407	1	1	1	1	1	1	1	1	1	1	1	1	1	1	1	1	1	1	1	1	1	1	1	1	1	1	0.06580826439988885	1	1	1	0.009890704282603968	1	1	0.02873893771859748	1	1	1	1	1	1	1	0.09900258168915343	1	1	1
WP_REGULATION_OF_ACTIN_CYTOSKELETON	1	1	1	1	1	1	1	1	1	1	1	1	1	1	1	1	1	1	1	1	1	1	1	1	1	1	1	1	1	1	1	1	1	1	1	1	1	1	1	1	1	1	1	1	1	1	0.04535565751533244	1	1
WP_REGULATION_OF_TOLLLIKE_RECEPTOR_SIGNALING_PATHWAY	1	0.09751443793951342	1	1	1	1	0.04010633160432764	1	1	1	1	1	1	1	1	1	1	1	1	1	1	1	1	1	1	1	1	1	1	1	1	1	1	1	1	0.09072958273964271	1	1	1	1	1	1	1	1	1	1	1	1	1
WP_RENIN_ANGIOTENSIN_ALDOSTERONE_SYSTEM_RAAS	1	1	1	1	1	1	1	1	1	1	1	1	1	1	1	1	1	1	1	0.03048112323951202	1	1	1	1	1	1	1	1	1	1	1	1	1	1	1	1	1	1	1	1	1	1	1	1	1	1	1	3.731571321829996e-05	1
WP_RETT_SYNDROME_CAUSING_GENES	1	1	1	1	1	1	1	1	0.0010442710816032097	1	1	1	1	1	1	1	1	1	1	1	1	1	1	1	1	1	1	1	1	1	1	1	1	1	1	1	1	1	1	1	1	1	1	1	1	1	1	1	1
WP_SCFA_AND_SKELETAL_MUSCLE_SUBSTRATE_METABOLISM	1	1	1	1	1	1	1	1	0.00024389885072184647	1	1	1	1	1	1	1	1	1	1	1	1	1	1	1	1	1	1	1	1	1	1	1	1	1	1	1	1	1	1	1	1	1	1	1	1	1	1	1	1
WP_SIGNALING_PATHWAYS_IN_GLIOBLASTOMA	1	0.036572745568642984	1	1	1	1	1	1	1	1	1	1	1	1	1	1	1	1	1	1	1	1	1	1	1	1	1	1	1	1	1	1	1	1	1	1	1	1	1	1	1	1	1	1	1	1	1	1	1
WP_SLEEP_REGULATION	1	1	1	1	1	1	1	1	1	1	1	1	1	1	1	1	1	1	1	1	1	1	1	1	1	1	1	1	1	1	1	1	1	1	1	1	1	1	1	1	1	0.018656846610136446	1	1	1	1	1	1	1
WP_SPINAL_CORD_INJURY	1	1	1	1	1	1	1	1	1	1	1	1	1	1	1	1	1	1	1	1	1	1	1	1	1	1	1	1	1	1	1	1	1	1	1	1	1	1	1	1	1	1	1	1	1	1	1	0.09344904720771818	1
WP_SPLICING_FACTOR_NOVA_REGULATED_SYNAPTIC_PROTEINS	1	1	1	1	1	1	1	1	0.0006639659533964615	1	1	1	1	1	1	1	1	1	1	1	1	1	1	1	1	0.0013044551839844765	1	1	1	1	1	1	1	1	1	1	1	0.015419639293276943	1	1	1	0.02252878558255922	1	1	1	1	1	0.014126171140054433	1
WP_SUDDEN_INFANT_DEATH_SYNDROME_SIDS_SUSCEPTIBILITY_PATHWAYS	1	1	1	1	1	1	1	0.06482158511559477	0.028533568056062553	1	1	1	1	1	1	1	1	0.008910026709975871	1	1	0.01984243619667958	1	0.0004743202292708526	1	0.018046181279266937	0.018046181279266937	0.07191264125377017	1	1	1	0.0057794102003116965	1	1	1	1	1	0.07191264125377017	0.016133330037275684	1	0.009116071277352145	0.003994092429151608	0.002009083213379559	1	0.020140248809244476	0.06170726700041662	0.07899742969381962	1	0.005213396934078185	1
WP_SYNAPTIC_SIGNALING_PATHWAYS_ASSOCIATED_WITH_AUTISM_SPECTRUM_DISORDER	1	0.014744726823330723	1	1	1	1	1	1	1	1	1	1	1	1	1	1	1	1	1	1	0.0007819169923066749	1	1	1	1	1	1	1	1	1	1	1	1	1	1	1	1	1	1	1	1	0.03231831750313019	1	1	1	1	1	0.02040790018749372	1
WP_SYNAPTIC_VESICLE_PATHWAY	1	3.667571108001422e-05	1	1	0.002028980935202207	1	1	0.08454054790273435	1	1	0.00880534105673525	1	1	1	1	1	1	1	1	0.00410346941007822	1	1	1	1	1	1	1	1	1	1	0.006172092619988745	1	1	1	1	1	0.00880534105673525	3.5033976435450143e-06	1	1	1	1	1	1	1	1	0.006172092619988745	1	1
WP_TGFBETA_RECEPTOR_SIGNALING	1	0.01881111434735039	1	1	1	1	1	1	1	1	1	1	1	1	1	1	1	1	1	1	1	1	1	1	1	1	1	1	1	1	1	1	1	1	1	0.017356943958540483	1	1	1	1	1	1	1	1	1	1	1	1	1
WP_TGFBETA_RECEPTOR_SIGNALLING_IN_SKELETAL_DYSPLASIAS	1	0.021322950839096966	1	1	1	1	1	1	0.026570172730160824	1	1	1	1	1	1	1	1	1	1	1	1	1	1	1	1	1	1	1	1	1	1	1	1	1	1	0.019682334864415507	1	1	1	1	1	1	1	1	1	1	1	1	1
WP_THERMOGENESIS	1	1	1	1	1	1	1	1	0.07213697235595706	0.015006480108606723	0.03488982195550483	1	1	1	1	1	1	1	1	0.004547198071799596	1	1	1	1	1	1	1	1	1	1	1	1	1	1	1	1	1	1	1	1	1	1	1	1	1	1	1	1	1
WP_THYROID_HORMONES_PRODUCTION_AND_THEIR_PERIPHERAL_DOWNSTREAM_SIGNALLING_EFFECTS	1	0.0466924972785846	1	1	1	1	1	1	1	1	1	1	1	1	1	1	1	1	1	1	0.04495296851226749	1	1	1	1	1	1	1	1	1	1	1	1	1	1	1	1	1	1	1	1	1	1	1	1	1	1	1	1
WP_TOLLLIKE_RECEPTOR_SIGNALING_PATHWAY	1	0.054876690677685525	1	1	1	1	1	1	1	1	1	1	1	1	1	1	1	1	1	1	1	1	1	1	1	1	1	1	1	1	1	1	1	1	1	0.0508609888000946	1	1	1	1	1	1	1	1	1	1	1	1	1
WP_TRYPTOPHAN_METABOLISM	1	1	1	1	1	1	1	1	1	1	1	1	1	1	1	1	1	1	1	1	1	1	1	1	1	1	0.0058159212693429385	1	1	1	1	1	1	1	1	1	1	1	1	1	1	0.02252878558255922	1	1	1	1	1	1	1
WP_TYPE_2_PAPILLARY_RENAL_CELL_CARCINOMA	1	1	1	1	0.013116385287212928	1	1	1	1	1	1	1	1	1	1	1	1	1	1	1	1	1	1	1	0.0009588246533073219	1	1	1	1	1	1	1	1	1	1	1	1	1	1	1	1	1	1	1	1	1	1	1	1
WP_TYPE_I_COLLAGEN_SYNTHESIS_IN_THE_CONTEXT_OF_OSTEOGENESIS_IMPERFECTA	1	1	1	1	1	1	1	1	1	1	1	1	1	1	1	1	1	1	1	0.017774594217947026	1	1	1	1	1	1	1	1	1	1	1	1	1	1	1	1	1	1	1	1	1	1	1	1	1	1	1	1	1
WP_TYROBP_CAUSAL_NETWORK	1	1	1	1	1	1	1	1	1	1	1	1	1	1	1	1	1	1	1	0.05837366724268367	1	1	1	1	1	1	1	1	1	1	1	1	1	1	1	1	1	1	1	1	1	1	1	1	1	1	1	1	1
WP_VIRAL_ACUTE_MYOCARDITIS	1	1	1	1	1	1	1	1	1	1	1	1	1	1	1	1	1	1	1	1	1	1	1	1	1	1	1	1	1	1	1	1	1	1	1	1	1	1	1	1	1	1	1	1	1	0.025899043218180373	1	1	1
WP_VITAMIN_DSENSITIVE_CALCIUM_SIGNALING_IN_DEPRESSION	1	1	1	1	1	1	1	0.05340055293095447	1	1	1	1	1	1	1	1	1	1	1	1	1	1	1	1	1	1	1	1	1	1	1	1	1	1	1	1	1	1	1	1	1	1	1	1	1	1	1	0.01286782360174965	1
WP_VITAMIN_D_RECEPTOR_PATHWAY	1	1	1	1	1	1	1	0.09453601058794425	1	1	1	1	1	1	1	1	1	1	1	1	1	1	1	1	1	1	1	1	1	1	1	1	1	1	1	1	1	1	1	1	1	1	1	1	1	1	1	1	1
WP_WNT_SIGNALING	0.016032069182865927	0.06751090492237044	1	1	1	1	1	1	0.08280119159342281	1	1	1	1	1	1	1	1	1	1	1	1	0.023671356291899426	1	1	1	1	1	1	1	1	1	1	1	1	1	1	1	1	0.07249437412503412	1	1	1	1	1	1	1	1	1	1
WP_WNT_SIGNALING_IN_KIDNEY_DISEASE	1	1	1	1	1	1	1	1	1	1	1	1	1	1	1	1	1	1	1	1	1	1	1	1	1	1	1	1	1	1	1	1	1	1	1	1	1	0.08152628270221918	1	1	1	1	1	1	1	1	1	1	1
WP_WNT_SIGNALING_PATHWAY_AND_PLURIPOTENCY	1	0.05676000072386045	1	1	1	1	1	1	1	1	1	1	1	1	1	1	1	1	1	1	1	0.019680791503404627	1	1	1	1	1	1	1	1	1	1	1	1	1	1	1	1	0.061013584772918406	1	1	1	1	1	1	1	1	1	1
