	AEBP1	ARNT2	ARX	ASCL1	ASCL2	E2F7	ETV1	FEV	FOXD4L5	FOXJ1	FOXP2	GATA2	HIC1	HLF	HMBOX1	INSM1	ISL1	LMX1A	LMX1B	MAFA	MAFB	MYT1	NEUROD1	NEUROD2	NEUROG3	NHLH1	NPAS3	NR4A3	ONECUT1	PAX4	PAX6	PBX3	POU2F2	POU5F1	RFX6	SIM1	SIX2	SMAD9	SOX4	SPIB	ST18	TFCP2L1	TP73	ZFP69B	ZNF492	ZNF519	ZNF846
GO_ACTION_POTENTIAL	1	1	1	1	1	1	0.00300236760311	0.739480655629	1	1	1	1	1	1	1	1	1	1	1	1	0.849231881863	1	1	1	1	1	1	1	1	1	1	1	1	1	1	1	1	1	1	1	1	1	1	1	1	1	1
GO_ADULT_BEHAVIOR	1	1	1	1	1	0.97953728696	1	1	0.0312569628162	0.354769376663	1	1	1	1	1	1	1	1	1	0.145497172239	0.766207638301	1	1	1	0.953087503084	1	1	0.000276374965278	0.210159712563	1	0.000828500677543	1	1	1	1	1	0.267706867823	1	0.00184666837435	1	1	0.186087785026	1	1	1	1	1
GO_ALCOHOL_BINDING	1	1	1	1	1	1	1	1	1	1	1	1	1	1	1	1	1	1	1	1	1	1	1	1	1	1	1	1	1	1	1	1	1	1	1	1	1	1	0.201609096742	1	1	1	1	1	1	1	1
GO_AXON	1	0.0577787558896	0.0	1	0.0740475126817	0.0	0.0	0.0	0.0	0.0176529290493	1	0.0	1	1	1	1	0.0501876966984	0.0	0.000153042163902	0.0	0.0	1	0.231911553051	0.116988381705	0.0	1	1	0.0	0.00718826665063	0.195459908185	0.00638635102183	0.000710712152526	1	1	0.0	0.134724031462	0.0	0.0	0.0	1.05023841224e-05	1	0.0	1	1	0.988671219943	0.00385737854618	0.290028532302
GO_AXON_DEVELOPMENT	1	1	0.00427000972127	1	1	1	0.000137977309019	0.0126996497981	1	1	1	0.803139530153	1	1	1	1	1	1	1	0.852318499819	1	1	1	1	0.000169704161457	1	1	0.0104376664962	1	1	1	1	1	1	1	1	1	1	0.00161924752805	1	1	1	1	1	1	1	1
GO_BEHAVIOR	1	1	1	1	1	0.00517158563285	1	0.0273191619816	0.26760726051	1	1	0.18729434345	1	1	1	1	1	0.0309133107682	1	0.000473068091196	4.12996175562e-05	1	1	1	1	1	1	2.85540584348e-05	0.0308413090106	0.828672830731	0.000370079951044	1	1	1	1	1	0.000829892381261	0.514756808308	9.69913116399e-05	0.0453515130466	1	8.63926387092e-05	1	1	1	1	0.072858862106
GO_BIOLOGICAL_ADHESION	1	1	1	1	1	1	1	1	1	1	1	1	1	1	1	1	1	1	1	1	0.405931421672	1	1	1	0.337275004086	1	1	1	0.0138386816146	1	1	1	1	1	1	1	0.0407362033483	1	1	1	1	1	1	1	1	1	1
GO_CALCIUM_CHANNEL_COMPLEX	1	1	1	1	1	1	1	1	1	1	1	1	1	1	1	1	1	1	1	1	1	1	1	1	1	1	1	1	1	0.130592149737	1	1	1	1	1	1	0.591553029163	1	1	1	1	1	1	1	1	1	1
GO_CALCIUM_ION_BINDING	1	1	1	1	1	1	1	0.315845476265	1	1	0.731338815452	1	1	1	1	1	1	1	1	1	1	1	1	1	0.110169379856	1	1	1	1	1	1	1	1	1	1	1	1	0.893664107796	0.0505989068813	1	1	1	1	1	1	1	1
GO_CALCIUM_ION_TRANSMEMBRANE_TRANSPORT	1	1	1	1	1	1	1	0.265190106773	1	1	1	1	1	1	1	1	1	1	1	1	1	1	1	1	1	1	1	1	0.150064326875	1	1	1	1	1	1	1	0.00518892479704	1	1	1	1	1	1	1	1	1	1
GO_CALCIUM_ION_TRANSMEMBRANE_TRANSPORTER_ACTIVITY	1	1	1	1	1	1	1	0.0177784774136	1	1	1	1	1	1	1	1	1	1	1	1	1	1	1	1	1	1	1	1	0.0198620468989	0.920269741179	1	1	1	1	1	1	0.00554481973208	1	1	1	1	1	1	1	1	1	1
GO_CARDIAC_CONDUCTION	1	1	1	1	1	1	1	0.000563142656067	1	1	1	1	1	1	1	1	1	1	1	1	0.00389724002574	1	1	1	1	1	1	1	1	1	0.10734094859	1	1	1	1	1	1	0.00704438432607	0.0388319478515	1	1	0.594513050295	1	1	1	1	1
GO_CATECHOLAMINE_SECRETION	1	1	1	1	1	1	1	1	1	1	1	1	1	1	1	1	1	1	1	1	1	1	1	1	1	1	1	1	1	1	1	1	1	1	1	1	1	1	1	1	1	0.851362902619	1	1	1	1	1
GO_CATION_CHANNEL_ACTIVITY	1	1	0.00378184474792	0.0	0.00238857204782	0.00935298212002	0.0	0.0	0.000716289368313	1	1	0.0	1	1	1	1	0.0620968786262	0.0	0.158207242164	0.0	0.0	1	0.00062537519582	1.73844812837e-05	0.0	1	1	0.0348112402234	1.84724143422e-05	0.0518882565099	1.34721705534e-05	1	0.243107569158	1	1.86558577225e-05	1	6.38595934399e-06	6.02698125407e-06	9.80140419493e-06	0.0	1	0.000273491322323	1	1	1	0.0036990378851	0.00404916729156
GO_CATION_CHANNEL_COMPLEX	1	1	0.0592917569396	1.61906048647e-05	0.164663592092	1	0.0	0.0	0.000144565263946	1	1	4.96165105823e-05	1	1	1	1	1	0.0	0.0873508351407	0.0143958648887	0.0	1	0.0631518907372	0.840155229592	8.44384371135e-06	1	1	0.875318236573	0.00505103418845	0.00314667843643	2.0977761787e-05	1	1	1	1	1	0.000298319132747	0.000270848358054	1.78559363971e-05	1.50421302004e-05	1	0.00465086700877	1	1	1	1	0.00378189464184
GO_CATION_TRANSMEMBRANE_TRANSPORT	1	1	0.246120570519	0.038459926027	0.0500350902086	0.00142223983492	0.0	0.0	1	1	1	0.0160144912654	1	1	1	1	1	0.00781874185324	0.0276042129172	0.0870787852897	0.0	1	1	1	0.000257085222691	1	1	0.0597987319713	0.000524649818908	1	1.80268416012e-05	1	1	1	0.0398218241134	1	0.000218772271004	0.01278375558	0.000177557341116	1.11866507617e-05	1	0.152480879635	1	1	1	0.0957744384227	0.100422472498
GO_CATION_TRANSMEMBRANE_TRANSPORTER_ACTIVITY	1	1	0.354987034863	0.0159826100027	0.210136791042	1	0.0	0.0	1	1	1	0.0207390935414	1	1	1	1	1	0.102973237335	1	0.00226133274432	0.0	1	1	0.00460269844731	8.11225580211e-06	1	1	1	0.00547003779732	1	0.00454847116152	1	1	1	0.230736507892	1	0.0845033054196	0.000764680095757	7.58287888147e-05	0.000662693183473	1	1	1	1	1	0.183717238497	1
GO_CATION_TRANSPORT	1	1	1	0.0359410873361	0.021334035952	0.117863779314	0.0	0.0	1	1	1	0.05475189517	1	1	1	1	1	0.0244173175642	0.220387658706	0.577911486356	0.000234301183127	1	1	1	0.00155154919039	1	1	0.122442284	0.0110744726414	1	0.00057341643379	1	1	1	0.232624237764	1	0.00183816507507	0.18646986451	0.00912257808781	2.91305126003e-05	1	1	1	1	1	0.0775348380639	1
GO_CELLULAR_COMPONENT_MORPHOGENESIS	1	1	6.41373750526e-05	1	1	1	0.0	0.00021934305108	0.941818034989	1	1	0.864203115565	1	1	1	1	1	0.114672045727	0.842622590442	0.203446057216	0.552911150458	1	1	1	0.00622646557826	1	1	0.000213850338535	1	0.376458201309	1	0.0818121967051	1	1	0.0442968242303	1	0.135275227899	4.8300991442e-05	4.36658107786e-05	1	1	1	1	1	1	1	1
GO_CELL_BODY	1	1	0.00205037980005	1	1	0.366528441588	0.000175647890022	1.0763490188e-06	0.0519492160763	1	1	0.0108868532466	1	1	1	1	1	0.00533268731836	1	0.0159281904233	0.0	1	0.0487658416392	1	8.19029881898e-05	1	1	0.0	1	1	0.00218524870407	0.011604327122	1	1	0.000348401342319	0.0463011404408	0.00416357756488	0.00106515904461	0.000358948049664	0.0244107054014	1	0.0261432199849	1	1	1	0.0119341845206	1
GO_CELL_CELL_ADHESION_VIA_PLASMA_MEMBRANE_ADHESION_MOLECULES	1	1	1	1	1	1	1	1	1	1	1	1	1	1	1	1	1	1	1	1	1	1	1	1	1	1	1	1	0.137202651457	1	1	1	1	1	1	1	1	1	1	1	1	1	1	1	1	1	1
GO_CELL_CELL_SIGNALING	1	1	0.000180154320406	0.000424836710736	0.0	0.00483112140357	0.0	0.0	0.000184211265184	1	1	0.0	1	1	1	1	1	0.0	1.92043792531e-05	0.0	0.0	1	0.0486392500099	1	0.0	1	1	0.0	0.138070738172	0.00250865270169	1.01383166675e-05	0.00160870530038	1	1	7.06595211208e-06	0.795067458713	0.0	1.47133770234e-06	0.0	0.0	1	0.0	1	1	1	0.00234047997844	0.000528737019845
GO_CELL_JUNCTION_ASSEMBLY	1	1	1	1	1	1	1	1	1	1	1	1	1	1	1	1	1	1	1	0.432108506191	1	1	1	1	1	1	1	0.023810714733	1	1	1	1	1	1	1	1	1	1	1	1	1	0.220576647697	1	1	1	1	1
GO_CELL_JUNCTION_ORGANIZATION	1	1	0.0327090615248	0.166615951255	0.167872463942	1	0.0271080710976	0.452741396395	1	1	1	1	1	1	1	1	1	0.000417920464093	1	0.00500718715245	0.000271272076518	1	1	1	0.421494563113	1	1	0.00820211995371	0.0013220713765	1	1	1	1	1	0.000545544761901	1	1	0.0627222133636	0.0127533429194	1	1	0.00330044359578	1	1	1	1	1
GO_CELL_MORPHOGENESIS	1	1	0.0137728936134	1	1	1	0.000430348226282	0.00984333588589	1	1	1	1	1	1	1	1	1	1	1	1	1	1	1	1	0.000890501672071	1	1	0.00313559736233	1	0.412123736393	1	1	1	1	1	1	1	0.0429142571611	0.00457213391752	1	1	1	1	1	1	1	1
GO_CELL_MORPHOGENESIS_INVOLVED_IN_DIFFERENTIATION	1	1	0.00592099036578	1	1	1	0.00117100777204	0.00376471324127	1	1	1	1	1	1	1	1	1	1	1	1	1	1	1	1	0.000296010507339	1	1	0.000674040618647	1	0.107565857243	1	1	1	1	0.559158268927	1	1	0.69481126333	0.0340499682533	1	1	1	1	1	1	1	1
GO_CELL_MORPHOGENESIS_INVOLVED_IN_NEURON_DIFFERENTIATION	1	1	0.003517348641	1	1	1	9.51424470168e-05	8.76581082334e-05	1	1	1	1	1	1	1	1	1	1	1	1	1	1	1	1	0.000152868207733	1	1	0.000426406895992	1	0.217745786125	1	0.590152885208	1	1	0.00690949521291	1	1	0.167400238414	0.0145097394882	1	1	1	1	1	1	1	1
GO_CELL_PART_MORPHOGENESIS	1	1	0.000106498942394	1	1	1	0.0	0.000353305022138	0.588023389614	1	1	0.781170457738	1	1	1	1	1	0.193933790815	0.528207925777	0.909740031514	1	1	1	1	0.00137678767272	1	1	0.000218293765446	1	0.331323083668	1	0.0840198996926	1	1	0.0126055051355	1	0.184616164081	0.000595322836889	4.08540220711e-05	1	1	0.610240434673	1	1	1	1	1
GO_CELL_PROJECTION_ORGANIZATION	1	1	0.0353811724377	1	1	0.0025283364601	2.55216070211e-06	5.8797660234e-06	0.00397940208019	1	1	0.139636519009	1	1	0.0485182781476	1	1	0.0339426200658	6.5552903239e-06	0.025588203191	0.00173675591755	1	1	1	0.00112099650928	0.524193232794	1	4.85579131637e-06	1	0.29054144275	1	0.0222041412809	1	1	1.66099915897e-05	1	1	0.00346892286222	5.07091636629e-05	1	1	0.000157531599325	1	1	1	1	1
GO_CENTRAL_NERVOUS_SYSTEM_DEVELOPMENT	1	1	1	1	1	1	1	1	1	1	1	1	1	1	1	1	1	1	1	1	1	1	1	1	1	1	1	1	1	1	1	1	1	1	1	1	1	1	1	1	1	0.11938194153	1	1	1	0.95025663785	1
GO_CHANNEL_INHIBITOR_ACTIVITY	1	1	1	1	1	1	1	1	1	1	1	0.897033181079	1	1	1	1	1	1	1	1	1	1	1	1	1	1	1	1	1	1	1	1	1	1	1	1	1	1	1	1	1	1	1	1	1	1	1
GO_CHANNEL_REGULATOR_ACTIVITY	1	1	1	1	1	1	1	1	1	1	1	1	1	1	1	1	1	1	1	1	0.502626543499	1	1	1	1	1	1	1	1	1	1	1	1	1	1	1	1	1	1	1	1	1	1	1	1	1	1
GO_CHEMICAL_HOMEOSTASIS	1	1	1	1	1	1	1	0.140038564772	1	1	1	1	1	1	1	1	1	1	1	1	1	1	1	1	1	1	1	1	1	1	1	1	1	1	1	1	1	1	1	0.909587593402	1	1	1	1	1	1	1
GO_CHEMICAL_SYNAPTIC_TRANSMISSION_POSTSYNAPTIC	1	1	1	1	1	1	1	1	1	1	1	1	1	1	1	1	1	1	1	1	1	1	1	1	0.529801047979	1	1	1	1	1	1	1	1	1	1	1	1	1	1	1	1	1	1	1	1	1	1
GO_CHONDROITIN_SULFATE_BINDING	1	1	1	1	1	1	1	1	1	1	1	1	1	1	1	1	1	1	1	1	1	1	1	1	0.67111116733	1	1	1	1	1	1	1	1	1	1	1	1	1	1	1	1	1	1	1	1	1	1
GO_CIRCULATORY_SYSTEM_PROCESS	1	1	1	1	1	1	1	1	1	1	1	1	1	1	1	1	1	1	1	0.389187906392	0.000292014122604	1	1	1	1	1	1	1	1	1	0.00101983886348	1	1	1	1	1	0.157787693931	0.000483345120252	0.0228483639327	1	1	0.599134650603	1	1	1	1	1
GO_CYTOSKELETAL_PROTEIN_BINDING	1	1	1	1	1	0.000329997664844	0.000222938268153	1.28636380032e-05	1	1	1	1	1	1	0.23404566623	1	0.0836931439562	1	0.210854529384	0.0352281719486	0.00771935523065	1	1	1	1	1	1	1	0.2133637759	1	1	0.314653952088	1	1	0.000208413928544	1	1	1	0.000784336728058	1	1	0.145201710897	1	1	1	1	0.00144968812519
GO_CYTOSKELETON_ORGANIZATION	1	1	1	1	1	1	1	1	1	1	1	1	1	1	1	1	1	1	1	1	1	1	1	1	1	1	1	1	1	1	1	1	1	1	0.623271975191	1	1	1	1	1	1	1	1	1	1	1	1
GO_DENDRITE_DEVELOPMENT	1	1	1	1	1	1	1	1	1	1	1	1	1	1	1	1	1	1	1	1	1	1	1	1	1	1	1	1	1	1	1	1	1	1	0.577278020946	1	1	1	1	1	1	1	1	1	1	1	1
GO_DENDRITIC_TREE	1	1	5.55920293814e-05	1	1	0.0253810122358	5.71225555817e-05	0.0	1	1	1	0.0882563533235	1	1	1	1	1	0.000119032481327	0.0144476033401	5.38082180246e-06	0.0	1	1	1	1	1	1	9.84306735952e-06	0.00267796640346	1	1	0.289137049399	1	1	1.1630902664e-05	1	0.77074012783	1.34571449377e-05	0.000175214960475	0.00249222738007	1	0.00136864908032	1	1	1	1	0.0103031311759
GO_DENSE_CORE_GRANULE	1	1	1	1	1	1	1	1	1	1	1	1	1	1	1	1	1	1	1	0.676370310124	1	1	1	1	1	1	1	1	1	1	1	1	1	1	1	1	1	1	1	1	1	1	1	1	1	1	1
GO_DEVELOPMENTAL_MATURATION	1	1	0.0570238462905	1	1	1	1	1	1	1	1	1	1	1	1	1	1	1	1	1	1	1	1	1	1	1	1	1	1	1	1	1	1	1	1	1	1	1	1	1	1	1	1	1	1	1	1
GO_DISTAL_AXON	1	1	0.000154844519191	1	1	1	0.0314016621683	0.0	0.141271216669	1	1	0.558936863294	1	1	1	1	1	0.0155254215102	1	0.241186912895	0.0	1	1	1	0.00199958895367	1	1	0.000347547803201	1	1	1	0.480059667948	1	1	0.0	1	0.865707700354	0.000127000198514	0.00021935092455	0.0473322167403	1	1	1	1	1	1	1
GO_DIVALENT_INORGANIC_CATION_TRANSMEMBRANE_TRANSPORTER_ACTIVITY	1	1	1	1	1	1	1	0.0166507175787	1	1	1	1	1	1	1	1	1	1	1	1	1	1	1	1	1	1	1	1	0.187086666277	1	1	1	1	1	1	1	0.108656839587	1	1	1	1	1	1	1	1	1	1
GO_DIVALENT_INORGANIC_CATION_TRANSPORT	1	1	1	1	1	1	1	0.163814887304	1	1	1	1	1	1	1	1	1	1	1	1	1	1	1	1	1	1	1	1	1	1	1	1	1	1	1	1	1	1	1	1	1	1	1	1	1	1	1
GO_EXOCYTIC_VESICLE	1	1	0.340660133677	1	1	1	1	1	1	1	1	1	1	1	1	1	1	1	1	1	1	1	1	1	1	1	1	1	1	1	1	1	1	1	1	1	1	1	0.00451577166776	1	1	1	1	1	1	1	1
GO_EXTRACELLULAR_MATRIX	1	1	1	1	1	1	1	1	1	1	1	0.127757305831	1	1	1	1	1	1	1	0.70175158059	1	1	1	1	0.00423780078541	1	1	1	1	1	1	1	1	1	1	1	1	1	1	1	1	1	1	1	1	1	1
GO_GATED_CHANNEL_ACTIVITY	0.956677292668	1	0.00108899048477	0.0	0.000501488102302	0.048595670791	0.0	0.0	0.0	0.256211218649	1	6.27816844689e-06	1	1	1	1	0.0122325072818	0.0	0.0515358502332	8.95526858624e-06	0.0	1	0.000132333170848	1.88122952871e-05	4.16780783474e-06	0.449282858476	1	0.00289242222404	1.62018408986e-05	0.0597116039	3.12560981282e-05	1	0.0071135911527	0.4222600044	2.93725252321e-05	0.0283827472744	1.51609214583e-05	1.6197351274e-05	2.05984014459e-05	1.06542574104e-05	1	0.000361700590167	1	1	1	0.0043218165451	0.00488185911467
GO_GLUTAMATERGIC_SYNAPSE	1	1	0.074712288487	1	1	1	1	0.52848722491	1	1	1	0.16750240961	1	1	1	1	1	1	1	1	0.210814241255	1	1	1	0.000158164755599	1	1	0.0140507653768	1	1	1	1	1	1	0.00510148034682	1	0.032799371989	0.0185982108593	1	1	1	0.00773895856553	1	1	1	1	1
GO_HEAD_DEVELOPMENT	1	1	1	1	1	1	1	1	0.421237105176	1	1	1	1	1	1	1	1	1	1	1	1	1	1	1	1	1	1	1	1	1	1	1	1	1	1	1	1	1	1	1	1	0.0281173840102	1	1	1	1	1
GO_HEART_PROCESS	1	1	1	1	1	1	1	1	1	1	1	1	1	1	1	1	1	1	1	1	0.0332791513178	1	1	1	1	1	1	1	1	1	0.0014701141932	1	1	1	1	1	1	0.000261699976596	0.0507754113841	1	1	1	1	1	1	1	1
GO_HINDBRAIN_DEVELOPMENT	1	1	1	1	1	1	1	1	1	1	1	1	1	1	1	1	1	1	1	1	1	1	1	1	1	1	1	1	1	1	1	1	1	1	1	1	1	1	1	1	1	0.290110184939	1	1	1	0.329748013423	1
GO_HOMOPHILIC_CELL_ADHESION_VIA_PLASMA_MEMBRANE_ADHESION_MOLECULES	1	1	1	1	1	1	1	1	1	1	1	1	1	1	1	1	1	1	1	1	1	1	1	1	1	1	1	1	0.0052780915642	1	1	1	1	1	1	1	1	1	1	1	1	0.210298824824	1	1	1	1	1
GO_HORMONE_ACTIVITY	1	1	1	1	1	1	1	1	1	1	1	1	1	1	1	1	1	1	1	1	0.143381219669	1	1	1	1	1	1	1	1	1	1	1	1	1	1	0.0582045690224	1	1	1	1	1	1	1	1	1	1	1
GO_HORMONE_TRANSPORT	1	1	0.032957867092	1	1	1	0.906099807706	6.14076587919e-05	0.325322401908	1	1	0.000234225949049	1	1	1	1	1	8.70107385464e-06	1	0.00113785033946	0.00474128428258	1	1	1	1	1	1	1	1	0.753997190783	0.13666670114	1	1	1	1	1	0.156878036071	0.403964050787	0.00963733326166	0.00776225695861	1	0.077107207139	1	1	1	1	1
GO_INORGANIC_ION_TRANSMEMBRANE_TRANSPORT	1	1	0.319383055378	0.073568487069	0.894019685874	1	0.0	0.0	0.0959391013638	1	1	0.057708972208	1	1	1	1	1	0.00952389687745	0.212125705995	1	0.000164029337057	1	1	1	0.000335998009884	1	1	1	0.0121425021634	1	0.00230819183665	1	1	1	1	1	0.00195029700293	0.278651311486	0.000388015530172	0.000128805603788	1	1	1	1	1	1	1
GO_INSULIN_SECRETION	1	1	0.00626191054091	1	1	1	1	0.0	0.966074426404	1	1	0.103820863048	1	1	1	1	1	0.0	0.210981715608	0.00148052805686	0.00750648832849	1	1	1	1	1	1	1	1	0.0125941893206	0.162099137684	1	1	1	1	1	1	0.402911191055	0.376338264136	0.275135946695	1	0.0406630992366	1	1	1	1	1
GO_INTRINSIC_COMPONENT_OF_PLASMA_MEMBRANE	1	1	0.00383375212165	0.000271012952752	0.0202598868439	1	3.65370065281e-05	0.0	0.303091952494	1	1	2.79070227034e-05	1	1	0.617270376162	1	1	0.000971584801113	0.514389527144	0.00256037991916	9.63055158654e-06	1	0.588550721352	0.39231143882	2.07055629413e-05	1	1	0.0685863253312	0.000633284978064	1	0.216317805313	1	1	1	1	1	0.00616465373038	0.00547200367621	0.000497309069079	0.00616427676984	1	0.181306993228	1	1	1	1	1
GO_INTRINSIC_COMPONENT_OF_PRESYNAPTIC_MEMBRANE	1	1	1	1	1	1	1	1	1	1	1	1	1	1	1	1	1	1	1	1	0.154090955804	1	1	1	1	1	1	1	1	1	1	1	1	1	1	1	1	1	1	1	1	1	1	1	1	1	1
GO_INTRINSIC_COMPONENT_OF_SYNAPTIC_MEMBRANE	1	1	1	1	1	1	1	1	1	1	1	1	1	1	1	1	1	1	1	0.591567995139	0.030519271282	1	1	1	1	1	1	1	1	1	1	1	1	1	1	1	1	1	1	1	1	1	1	1	1	1	1
GO_ION_CHANNEL_REGULATOR_ACTIVITY	1	1	1	1	1	1	1	0.466294376382	1	1	1	1	1	1	1	1	1	1	1	1	0.0991812279012	1	1	1	1	1	1	1	1	1	1	1	1	1	1	1	1	1	1	1	1	0.621339426248	1	1	1	1	1
GO_ION_TRANSMEMBRANE_TRANSPORT	1	1	0.0380648235661	0.0269549214286	0.138185240348	0.0327621810228	1.10699277849e-05	0.0	0.0137766025912	1	1	0.000877302418292	1	1	1	1	1	0.000409735650991	0.0282127896933	0.0182016309373	1.95268506602e-05	1	1	0.312566104006	0.00275455710322	1	1	0.0363031213461	0.000836392568364	1	5.5970201609e-05	1	1	1	0.929770749282	1	0.00120728728682	0.0229921800855	5.02022882845e-05	3.0475857054e-05	1	0.345231342012	1	1	1	0.506878636023	1
GO_ION_TRANSMEMBRANE_TRANSPORTER_ACTIVITY	1	1	1	0.0901440173784	1	1	0.0	1.34878235614e-06	1	1	1	0.0275961841674	1	1	1	1	1	0.033911917461	1	0.0511236565635	0.000249642797023	1	1	0.0351394128565	0.00406888440742	1	1	1	0.0152115586106	1	0.435081399967	1	1	1	1	1	1	0.142629952547	0.00338670808911	0.00150714174626	1	1	1	1	1	1	1
GO_ION_TRANSPORT	1	1	1	0.484085258122	1	1	0.0	0.0	1	1	1	0.0692239495039	1	1	1	1	1	0.0473544677802	1	1	0.000237407303332	1	1	1	0.0170504661708	1	1	0.0285965958339	0.304521440147	1	0.0459703836558	1	1	1	1	1	0.0244899944915	0.112779418936	0.0101052050035	1.53641607638e-05	1	1	1	1	1	1	1
GO_LIGAND_GATED_CATION_CHANNEL_ACTIVITY	1	1	1	0.0657513123975	1	1	0.0122799343368	0.000423457900494	1	1	1	1	1	1	1	1	1	1	1	0.72489948705	1	1	1	1	1	1	1	1	1	1	0.0011314397447	1	1	1	1	1	1	0.888060784827	0.155218858668	0.325130405468	1	1	1	1	1	1	0.0283423533703
GO_LIGAND_GATED_ION_CHANNEL_ACTIVITY	1	1	1	0.0124381482177	1	1	0.000552620328657	0.00014710814721	1	1	1	0.185588091969	1	1	1	1	1	1	1	1	1	1	1	1	0.197501086881	1	1	1	1	1	0.00690074433052	1	1	1	1	1	1	1	0.0024101595618	0.262184596306	1	1	1	1	1	1	0.111288822927
GO_LOCOMOTORY_BEHAVIOR	1	1	1	1	1	1	1	1	1	1	1	1	1	1	1	1	1	1	1	1	1	1	1	1	1	1	1	0.666191840522	1	1	0.0512229881244	1	1	1	1	1	1	1	1	1	1	1	1	1	1	1	1
GO_MAIN_AXON	1	1	1	1	0.012795280123	1	1	0.611873977769	0.518703223953	1	1	1	1	1	1	1	1	1	1	1	0.680527452141	1	1	0.160108736452	1	1	1	1	1	1	1	1	1	1	1	1	1	1	0.41493090862	0.586798800047	1	1	1	1	1	1	1
GO_MEMBRANE_DEPOLARIZATION	1	1	1	1	1	1	0.000783862897106	0.00992022473059	1	1	1	1	1	1	1	1	1	0.998769635276	1	1	0.00152228736551	1	1	1	1	1	1	0.403655259625	0.251136446447	1	1	1	1	1	1	1	1	0.849497508494	0.072481814938	0.266353391921	1	0.569775763265	1	1	1	1	1
GO_MEMBRANE_DEPOLARIZATION_DURING_ACTION_POTENTIAL	1	1	1	1	1	1	0.00392569470492	0.0735891264689	1	1	1	1	1	1	1	1	1	1	1	1	0.929843822951	1	1	0.778714814059	1	1	1	1	1	1	1	1	1	1	1	1	1	1	1	1	1	1	1	1	1	1	1
GO_MEMBRANE_DEPOLARIZATION_DURING_CARDIAC_MUSCLE_CELL_ACTION_POTENTIAL	1	1	1	1	1	1	0.124740446295	0.00820453399619	1	1	1	1	1	1	1	1	1	1	1	1	1	1	1	1	1	1	1	1	1	1	1	1	1	1	1	1	1	0.413704481066	1	1	1	1	1	1	1	1	1
GO_MEMBRANE_PROTEIN_COMPLEX	1	1	1	1	1	1	0.59111082355	1	1	1	1	1	1	1	1	1	1	1	1	1	1	1	1	1	1	1	1	1	1	1	1	1	1	1	1	1	1	1	1	1	1	1	1	1	1	1	1
GO_METAL_ION_TRANSMEMBRANE_TRANSPORTER_ACTIVITY	1	1	0.0142524051671	0.000469589673584	0.168350362782	1	0.0	0.0	0.637161852815	1	1	0.00779110313524	1	1	1	1	1	0.079754711609	1	0.106122846959	0.0	1	1	0.000454599894838	0.0	1	1	1	0.00232578554083	1	0.0150330188943	1	1	1	0.0474036295464	1	0.00296548006104	0.000304259452578	4.22339033157e-05	0.000131138183431	1	1	1	1	1	0.0482112484915	1
GO_METAL_ION_TRANSPORT	1	1	1	0.0185229132779	0.256495122106	1	0.0	0.0	1	1	1	0.0301050848805	1	1	1	1	1	0.0403366826289	1	1	0.0027048009748	1	1	1	0.00160596325386	1	1	0.0467438864431	0.000938421435022	1	0.000450362590729	1	1	1	1	1	0.0241457930882	0.163375698018	0.014273574884	0.000262015818674	1	1	1	1	1	0.483382179229	1
GO_METENCEPHALON_DEVELOPMENT	1	1	1	1	1	1	1	1	1	1	1	1	1	1	1	1	1	1	1	1	1	1	1	1	1	1	1	1	1	1	1	1	1	1	1	1	1	1	0.0654992673884	1	1	0.344111446308	1	1	1	0.0101759791122	1
GO_MICROTUBULE	1	1	1	1	1	1	1	1	1	1	1	1	1	1	1	1	1	1	1	1	1	1	1	1	1	1	1	1	1	1	1	1	1	1	0.19423850968	1	1	1	1	1	1	1	1	1	1	1	1
GO_MICROTUBULE_BASED_PROCESS	1	1	1	1	1	1	1	1	1	1	1	1	1	1	1	1	1	1	1	1	1	1	1	1	1	1	1	1	1	1	1	1	1	1	0.622251325115	1	1	1	1	1	1	1	1	1	1	1	1
GO_MICROTUBULE_BINDING	1	1	1	1	1	1	0.860763919985	1	1	1	1	1	1	1	1	1	1	1	1	1	1	1	1	1	1	1	1	1	1	1	1	1	1	1	0.0203089933955	1	1	1	0.0480614112165	1	1	0.18705755263	1	1	1	1	0.386118157312
GO_MICROTUBULE_CYTOSKELETON_ORGANIZATION	1	1	1	1	1	1	1	1	1	1	1	1	1	1	1	1	1	1	1	1	1	1	1	1	1	1	1	1	1	1	1	1	1	1	0.133819452117	1	1	1	1	1	1	1	1	1	1	1	1
GO_MONOVALENT_INORGANIC_CATION_TRANSMEMBRANE_TRANSPORTER_ACTIVITY	1	1	1	0.00813606294067	1	1	0.0261224580009	1	1	1	1	1	1	1	1	1	1	1	1	1	0.00660784042074	1	1	1	0.03789096294	1	1	1	1	1	1	1	1	1	1	1	1	1	0.00598696285351	1	1	1	1	1	1	1	1
GO_MONOVALENT_INORGANIC_CATION_TRANSPORT	1	1	1	0.00400056037161	0.0580063294887	1	0.0006464048437	0.015662472213	1	1	1	1	1	1	1	1	1	1	1	1	0.0209750734204	1	1	1	0.0250600093284	1	1	1	1	1	0.425367689596	1	1	1	1	1	1	1	0.0184975161579	1	1	1	1	1	1	1	1
GO_MULTICELLULAR_ORGANISMAL_SIGNALING	1	1	1	1	1	1	0.000313306771352	0.000102158732126	1	1	1	1	1	1	1	1	1	1	1	0.0155393606182	0.0	1	1	1	0.00233626681599	1	1	1	0.495846739606	1	0.00360042875533	1	1	1	0.173559172426	1	0.898169333943	0.000353351806247	0.000155465051327	0.160357472738	1	0.0213387530149	1	1	1	1	1
GO_MUSCLE_CONTRACTION	1	1	1	1	1	1	0.878373489773	1	1	1	1	1	1	1	1	1	1	1	1	1	1	1	1	1	1	1	1	1	1	1	1	1	1	1	1	1	1	1	1	1	1	1	1	1	1	1	1
GO_NERVOUS_SYSTEM_PROCESS	1	1	1	1	1	1	1	1	1	1	1	1	1	1	1	1	1	1	1	1	1	1	1	1	1	1	1	1	1	1	1	1	1	1	1	1	1	1	1	1	1	0.757580830618	1	1	1	1	1
GO_NEURAL_NUCLEUS_DEVELOPMENT	1	1	1	1	1	1	1	1	1	1	1	1	1	1	1	1	1	1	1	1	1	1	1	1	1	1	1	1	1	1	0.585700432808	1	1	1	1	1	1	1	0.977160135105	1	1	1	1	1	1	1	1
GO_NEUROGENESIS	1	0.503525996709	0.000387843444945	1	0.797663728633	1.8794909199e-06	0.0	0.0	0.000113121746196	1	1	0.041907616895	1	1	1	1	1	0.0277436124106	1.97854091031e-05	9.40321724952e-06	0.0	1	0.00143021386911	1	0.0	0.820740500398	1	0.0	1	0.00135517406483	1	1.5878413226e-05	1	1	1.36654847518e-05	1	0.129413796479	9.71207337253e-06	9.76464530655e-06	0.00132506212657	1	4.18691141291e-06	1	0.17776993664	1	0.232246797936	1
GO_NEURONAL_DENSE_CORE_VESICLE	1	1	1	1	1	1	1	1	1	1	1	1	1	1	1	1	1	1	1	0.436771466622	1	1	1	1	1	1	1	1	1	1	1	1	1	1	1	1	1	1	1	1	1	1	1	1	1	1	1
GO_NEURON_DEVELOPMENT	1	1	3.62854377505e-05	1	1	0.000778134648087	0.0	0.0	0.0363777889655	1	1	0.0186260828405	1	1	0.378173526369	1	1	0.000159674832578	1.16143694633e-05	5.8211242647e-05	2.3185849946e-05	1	0.103564978859	1	8.47031296869e-06	1	1	0.0	1	0.0521766360908	1	0.000272082583514	1	1	1.94274631342e-05	1	0.229940998618	2.85901970818e-05	2.89918936347e-05	0.00408794158882	1	0.000236088053926	1	1	1	1	1
GO_NEURON_DIFFERENTIATION	1	1	4.4611990252e-06	1	0.763402464643	2.77925442667e-05	0.0	0.0	0.000535455802469	1	1	0.0468377868197	1	1	1	1	1	0.000465190897114	0.0	0.0	0.0	1	0.000110814533052	1	0.0	0.0552335188034	1	0.0	1	0.000282114005245	1	1.39648085962e-06	1	1	0.0	1	0.0559369660067	0.0	0.0	0.000404270205456	1	0.0	1	0.422102324039	1	1	1
GO_NEURON_PROJECTION	1	7.35696442397e-05	4.17701834561e-05	1.38458388743e-05	2.34184012765e-05	1.6394745894e-05	1.27483703618e-05	4.08550648645e-06	2.54689792989e-06	2.31633175848e-05	0.047920227919	1.99318091137e-05	0.322956325696	0.00169522570639	0.614417672125	1	0.00168973429357	4.33955072765e-06	2.24745434529e-05	3.04671766258e-05	1.61658042372e-05	1	2.89647068876e-05	8.56489657963e-05	1.77933007475e-05	0.0250562305105	1	1.2311217634e-05	2.49431854946e-05	3.65015580078e-05	3.78901786366e-05	3.89564701737e-05	1	1	3.58177902812e-05	1	2.78480158905e-05	3.23904258263e-05	3.45145514693e-05	2.7061932248e-05	1	2.7283793098e-05	1	1	1	2.79084859169e-05	3.27451805311e-05
GO_NEURON_PROJECTION_GUIDANCE	1	1	1	1	1	1	0.00516998492457	1	1	1	1	1	1	1	1	1	1	1	1	1	1	1	1	1	0.153141859973	1	1	1	1	1	1	1	1	1	1	1	1	1	0.228835013771	1	1	1	1	1	1	1	1
GO_NEURON_PROJECTION_TERMINUS	1	1	0.00299970810939	1	1	1	1	0.4802289724	1	1	1	1	1	1	1	1	1	0.323937509053	1	1	0.0233820134083	1	1	1	0.487043638756	1	1	1	1	1	1	1	1	1	1	1	1	0.263467306827	0.88151132732	1	1	0.656873303673	1	1	1	1	1
GO_NEURON_SPINE	1	1	1	1	1	1	1	1	0.26937212881	1	1	1	1	1	1	1	1	0.0276023925368	0.253291247555	1	0.407670312907	1	1	1	1	1	1	1	0.517196600457	1	1	0.247292585399	1	1	0.000428022917015	1	1	1	0.048557567908	1	1	1	1	1	1	1	0.494709374166
GO_NEURON_TO_NEURON_SYNAPSE	1	1	0.000427209831836	1	1	9.08638385366e-06	1	0.000533703264365	1	1	1	0.853465272656	1	1	1	1	1	0.000122444685896	0.000390710400712	0.0279167072936	0.000722016276595	1	1	1	0.00459576714128	1	1	0.0	0.377730728626	0.0493012648542	1	0.0101755687271	1	1	0.0	1	0.0137573375175	1.00120200119e-05	4.06805581646e-05	1	1	2.16997386526e-06	1	1	1	1	0.00171656281476
GO_NEUROPEPTIDE_SIGNALING_PATHWAY	1	1	1	1	1	1	1	1	1	1	1	1	1	1	1	1	1	0.85085249724	1	1	1	1	1	1	1	1	1	1	1	1	1	1	1	1	1	0.370852383958	1	1	1	1	1	1	1	1	1	1	1
GO_NEUROTRANSMITTER_SECRETION	1	1	0.20201498882	1	1	1	0.755956214605	0.00274349041664	1	1	1	1	1	1	1	1	1	1	1	0.00304788436858	0.339499740056	1	1	1	1	1	1	0.000103746893172	1	1	1	1	1	1	0.081792184828	1	0.347238301766	0.0179780857393	0.167829692688	0.05518129125	1	0.000832297438471	1	1	1	1	1
GO_NEUROTRANSMITTER_TRANSPORT	1	1	0.000882989201562	1	0.260195686472	1	0.0586322294611	0.00141388074358	1	1	1	1	1	1	1	1	1	1	0.66897453459	0.00697843787395	0.0322822027825	1	1	1	1	1	1	0.000192182337348	1	1	1	1	1	1	0.181131953342	1	0.0645524736686	0.0137628074785	0.0289871565799	0.0483941711133	1	0.00228143966468	1	1	1	1	1
GO_PASSIVE_TRANSMEMBRANE_TRANSPORTER_ACTIVITY	1	1	0.0148622003748	0.0	0.015063681166	0.604287757625	0.0	0.0	0.000111067754785	1	1	0.0	1	1	1	1	0.505547578689	0.0	0.215993065612	0.0	0.0	1	0.0165611453098	0.000577008662486	0.0	1	1	0.699571923297	0.0	0.202707609438	7.18265320709e-05	1	0.00830678705007	1	0.0118167057168	0.0229571164436	7.55390175511e-06	0.000409856717258	0.0	0.0	1	0.0120482955869	1	1	1	0.0737758174424	1
GO_PEPTIDE_HORMONE_SECRETION	1	1	0.00786086894867	1	1	1	1	0.0	0.0716345981459	1	1	0.0227376225416	1	1	1	1	1	0.0	1	0.00114490212584	0.00126451076474	1	1	1	1	1	1	1	1	0.0295222066608	0.0379057382429	1	1	1	1	1	0.476516342556	0.10751534859	0.0886216906491	0.0212619121661	1	0.102257853156	1	1	1	1	1
GO_PEPTIDE_SECRETION	1	1	1	1	1	1	1	0.122168840262	1	1	1	1	1	1	1	1	1	0.00280417250964	1	1	1	1	1	1	1	1	1	1	1	1	1	1	1	1	1	1	1	1	1	1	1	1	1	1	1	1	1
GO_PERIKARYON	1	1	0.0377808919679	1	1	1	0.592662391591	0.208233354418	0.210925563175	1	1	1	1	1	1	1	1	1	1	1	0.24295473418	1	1	1	0.00442452818277	1	1	0.0824265065173	1	1	1	1	1	1	1	1	1	1	1	1	1	1	1	1	1	1	1
GO_PLASMA_MEMBRANE_PROTEIN_COMPLEX	1	1	1	0.0818568773522	1	1	0.00879769512623	0.163107811348	1	1	1	1	1	1	1	1	1	1	1	1	0.0341176804525	1	1	1	0.495536697369	1	1	1	1	1	0.113948452352	1	1	1	1	1	1	0.512497403306	0.334451096759	0.0605503986888	1	1	1	1	1	1	1
GO_PLASMA_MEMBRANE_REGION	1	1	1	1	1	1	1	0.562502891175	1	1	1	0.229114305136	1	1	1	1	1	0.577287320812	0.933906802159	0.67655680805	0.000752407832605	1	1	1	0.614562653468	1	1	0.00982448034294	0.303247629575	1	1	0.392926757494	1	1	1	1	1	1	0.0621290735293	1	1	1	1	1	1	1	1
GO_POSITIVE_REGULATION_OF_ION_TRANSPORT	1	1	1	1	1	1	1	1	1	1	1	1	1	1	1	1	1	1	1	1	1	1	1	1	1	1	1	0.272573540106	1	1	1	1	1	1	1	1	1	1	1	1	1	1	1	1	1	1	1
GO_POSITIVE_REGULATION_OF_LIPID_LOCALIZATION	1	1	1	1	1	1	1	1	1	1	1	1	1	1	1	1	1	1	1	1	1	1	1	1	1	1	1	1	1	1	1	1	1	1	1	1	1	1	1	1	1	1	1	0.0206008851972	1	1	1
GO_POSITIVE_REGULATION_OF_LIPID_TRANSPORT	1	1	1	1	1	1	1	1	1	1	1	1	1	1	1	1	1	1	1	1	1	1	1	1	1	1	1	1	1	1	1	1	1	1	1	1	1	1	1	1	1	1	1	0.00194774814649	1	1	1
GO_POSITIVE_REGULATION_OF_SYNAPTIC_TRANSMISSION	1	1	1	1	1	1	1	1	1	1	1	1	1	1	1	1	1	1	1	1	1	1	1	1	1	1	1	0.360253934166	1	1	1	1	1	1	1	1	1	1	1	1	1	1	1	1	1	1	1
GO_POSITIVE_REGULATION_OF_TRANSPORT	1	1	1	1	0.585104631544	1	1	1	1	1	1	1	1	1	1	1	1	1	1	1	1	1	1	1	1	1	1	1	1	1	1	1	1	1	1	1	1	1	1	1	1	0.210195027726	1	1	1	1	1
GO_POSTSYNAPSE	1	0.958831609064	3.05072837337e-05	0.270562425377	1	0.000471430551099	8.59039601786e-05	0.0	0.0	4.03091239187e-05	1	8.6400736885e-06	1	0.0266294423435	1	1	1	0.0	6.47577843749e-06	1.56632377368e-05	0.0	1	1	1	9.6791365567e-06	1	1	1.44876869523e-06	9.97297017802e-05	0.630991200715	0.00565151664063	2.96255191472e-05	1	1	1.68706469106e-05	1	1.62635770251e-05	1.03074036342e-05	1.79026243163e-05	0.000278749961437	1	1.230010197e-05	1	1	1	1	0.000820436886
GO_POSTSYNAPTIC_DENSITY_MEMBRANE	1	1	1	1	1	0.643132931834	1	0.504048283855	1	1	1	1	1	1	1	1	1	1	1	1	0.568511032091	1	1	1	1	1	1	0.459152370528	1	1	1	1	1	1	0.253316507365	1	0.0516969710138	0.0174000472026	1	1	1	0.015879030654	1	1	1	1	0.0303956452091
GO_POSTSYNAPTIC_MEMBRANE	1	1	1	1	1	0.0370424747603	0.00348020493588	0.0	0.00109890378893	3.04862674895e-05	1	5.3111526202e-05	1	0.00137019674711	0.855466456191	1	1	1.84245991808e-05	0.00450957461181	2.90411948336e-05	1.11680104126e-05	1	1	1	0.00122219423824	1	1	1.50693400711e-05	0.000155242139494	0.535345991976	0.0020099529309	0.000889416330325	1	1	0.000124607543292	1	2.58814946907e-05	4.25493713982e-05	3.1220791568e-05	0.0014707731375	1	3.17162942167e-05	1	1	1	1	0.00242620822058
GO_POSTSYNAPTIC_SPECIALIZATION_MEMBRANE	1	1	1	1	1	0.174336746628	1	0.0757359947484	1	1	1	1	1	1	1	1	1	1	1	0.444020397386	1	1	1	1	1	1	1	0.263376527874	1	1	1	1	1	1	0.0907308152058	1	0.0327786308123	0.0659236023006	0.56682548747	1	1	0.00297574012162	1	1	1	1	0.0122004161294
GO_POTASSIUM_CHANNEL_ACTIVITY	1	1	1	0.000153745433154	1	1	1.01875021548e-05	0.000386320397957	1	1	1	0.176493557842	1	1	1	1	1	0.615792757787	1	0.559217664915	5.74444640692e-05	1	0.00176453745249	1	0.0037728817815	1	1	1	1	1	1	1	1	1	1	1	1	0.0825969775054	0.000128561813932	1	1	1	1	1	1	1	1
GO_POTASSIUM_CHANNEL_COMPLEX	1	1	0.109967693652	0.00158184276526	1	1	0.0935060903359	0.00311851363923	1	1	1	0.600538996801	1	1	1	1	1	0.267231752266	1	1	0.00365082205691	1	0.182775825111	1	0.000120087102981	1	1	1	1	1	0.113006301663	1	1	1	1	1	1	1	8.98082947749e-05	0.500705404313	1	1	1	1	1	1	1
GO_POTASSIUM_ION_TRANSMEMBRANE_TRANSPORTER_ACTIVITY	1	1	1	0.00592494692895	1	1	0.00477795873435	0.00845305591427	1	1	1	0.824274927269	1	1	1	1	1	1	1	1	0.000322514968998	1	0.0426091915857	1	0.0275926855842	1	1	1	1	1	1	1	1	1	1	1	1	0.0921781990793	0.000844607724206	1	1	1	1	1	1	1	1
GO_POTASSIUM_ION_TRANSPORT	1	1	1	0.00622093284022	0.093087469443	1	0.000519369897591	0.0047322878133	1	1	1	0.0370057735799	1	1	1	1	1	0.871713859726	1	1	0.0058723053992	1	0.205171499602	1	0.0402010049651	1	1	1	1	1	1	1	1	1	1	1	1	1	0.00635701682824	1	1	1	1	1	1	1	1
GO_PRESYNAPSE	1	0.0404628396481	3.43541790215e-06	1	1	0.0264193041648	2.42343880064e-06	0.0	0.0663643770637	0.485674535434	1	0.0193326958743	1	1	1	1	0.465438125469	0.0	0.00012523099933	2.80163964339e-06	0.0	1	1	1	0.00178988720784	1	1	0.0	0.00640781341048	1	1	0.00738508354714	1	1	0.0	1	0.000106890484385	2.23058533148e-05	0.0	1.82268981286e-06	1	0.000618010483002	1	1	1	1	1
GO_PRESYNAPTIC_MEMBRANE	1	1	1	1	1	1	1	0.945947196926	1	1	1	0.150675876229	1	1	1	1	1	1	1	1	0.0100906176629	1	1	1	0.875732509211	1	1	0.0152129358428	1	1	1	1	1	1	1	1	1	1	0.427293861418	1	1	1	1	1	1	1	1
GO_REGULATION_OF_BLOOD_CIRCULATION	1	1	1	1	1	1	0.259648221474	0.145432970897	1	1	1	1	1	1	1	1	1	1	1	1	0.0142171359486	1	1	1	0.0263578346343	1	1	1	1	1	0.000474983880149	1	1	1	1	1	0.610835176788	0.00172920205028	0.0798727775984	1	1	1	1	1	1	1	1
GO_REGULATION_OF_BLOOD_PRESSURE	1	1	1	1	1	1	1	1	1	1	1	1	1	1	1	1	1	1	1	1	1	1	1	1	1	1	1	1	1	1	1	1	1	1	1	0.125494910712	1	1	1	1	1	1	1	1	1	1	1
GO_REGULATION_OF_CATION_CHANNEL_ACTIVITY	1	1	1	1	1	1	1	1	1	1	1	1	1	1	1	1	1	1	1	1	1	1	1	1	1	1	1	1	1	1	1	1	1	1	1	1	0.0354555822111	1	1	1	1	1	1	1	1	1	1
GO_REGULATION_OF_CATION_TRANSMEMBRANE_TRANSPORT	1	1	1	1	1	1	1	0.00680290184868	1	1	1	1	1	1	1	1	1	1	1	1	1	1	1	1	1	1	1	1	1	1	0.0400396702709	1	1	1	1	1	0.690630832249	1	1	0.146665173783	1	1	1	1	1	1	1
GO_REGULATION_OF_CELL_DEVELOPMENT	1	1	1	1	1	1	0.123794360392	0.0749801021879	1	1	1	1	1	1	1	1	1	1	1	0.954867873656	1	1	0.795846880292	1	0.000901736978967	1	1	0.000903409310834	1	1	0.0408395701244	0.861832128138	1	1	0.000204996000491	1	1	0.0417924712987	0.249940410911	1	1	0.0315228032573	1	1	1	1	1
GO_REGULATION_OF_CELL_MORPHOGENESIS	1	1	1	1	1	1	1	1	1	1	1	1	1	1	1	1	1	1	1	1	1	1	1	1	1	1	1	1	1	1	1	1	1	1	1	1	1	0.489138713277	1	1	1	1	1	1	1	1	1
GO_REGULATION_OF_CELL_PROJECTION_ORGANIZATION	1	1	1	1	1	1	0.0190649330493	0.0529049228659	1	1	1	1	1	1	0.667943137396	1	1	1	0.528207925777	1	1	1	1	1	0.00432685879446	1	1	0.000218293765446	1	1	1	1	1	1	0.112434484674	1	1	0.350274711442	0.691264225462	1	1	1	1	1	1	1	1
GO_REGULATION_OF_EXOCYTOSIS	1	1	1	1	1	1	1	1	1	1	1	1	1	1	1	1	1	1	1	0.260879719598	1	1	1	1	1	1	1	1	1	1	1	1	1	1	1	1	1	1	1	1	1	1	1	1	1	0.0669855312277	1
GO_REGULATION_OF_HEART_RATE	1	1	1	1	1	1	1	0.0702563914348	1	1	1	1	1	1	1	1	1	1	1	1	1	1	1	1	1	1	1	1	1	1	1	1	1	1	1	1	1	1	0.0882937828136	1	1	1	1	1	1	1	1
GO_REGULATION_OF_HEART_RATE_BY_CARDIAC_CONDUCTION	1	1	1	1	1	1	0.0938401703286	0.000736736069392	1	1	1	1	1	1	1	1	1	1	1	1	0.139652079582	1	1	1	1	1	1	1	1	1	1	1	1	1	1	1	1	0.138385519576	0.47563782541	1	1	1	1	1	1	1	1
GO_REGULATION_OF_HORMONE_LEVELS	1	1	0.0333330052303	1	1	1	1	0.000861949199534	1	1	1	0.00512629878397	1	1	1	1	1	1.97274135694e-07	1	0.00317922216017	0.00367662337307	1	1	1	1	1	1	1	1	1	0.354407282167	1	1	1	1	1	0.122366105353	1	0.00824301991445	0.710728843217	1	1	1	1	1	1	1
GO_REGULATION_OF_HORMONE_SECRETION	1	1	1	1	1	1	1	0.000119268917165	1	1	1	0.195517985621	1	1	1	1	1	0.000152942137328	1	0.0424197563676	0.611305818513	1	1	1	1	1	1	1	1	1	1	1	1	1	1	1	0.90499534756	1	0.196362842938	0.178377448667	1	1	1	1	1	1	1
GO_REGULATION_OF_INSULIN_SECRETION	1	1	1	1	1	1	1	0.000188060074613	1	1	1	1	1	1	1	1	1	0.00739066602358	1	0.125715239222	0.582994730347	1	1	1	1	1	1	1	1	0.466838044502	1	1	1	1	1	1	1	1	1	1	1	1	1	1	1	1	1
GO_REGULATION_OF_ION_TRANSMEMBRANE_TRANSPORT	1	1	1	0.131661099807	0.377761869895	1	0.0	0.0	1	1	1	0.475940146514	1	1	1	1	1	0.0450353420433	1	1	0.00507949442086	1	0.436807083441	1	1	1	1	1	0.124896591853	1	0.00738717645992	1	1	1	0.220249828228	1	5.91587020163e-05	0.0312059245257	0.00318173423986	0.000118136523877	1	1	1	1	1	1	1
GO_REGULATION_OF_ION_TRANSPORT	1	1	1	0.137068052482	0.0388424266387	1	2.30449349603e-06	0.0	1	1	1	0.807313086775	1	1	1	1	1	0.0260634470512	1	1	0.00157056137461	1	0.105792723528	1	1	1	1	0.00210666876999	0.636070294104	1	0.0267637619932	1	1	1	0.332286134457	1	3.05882491471e-05	0.0480293026076	0.00357011585714	8.48724456262e-05	1	0.634912936162	1	1	1	1	1
GO_REGULATION_OF_LIPID_TRANSPORT	1	1	1	1	1	1	1	1	1	1	1	1	1	1	1	1	1	1	1	1	1	1	1	1	1	1	1	1	1	1	1	1	1	1	1	1	1	1	1	1	1	1	1	0.344204529116	1	1	1
GO_REGULATION_OF_MEMBRANE_POTENTIAL	1	1	1	0.00491405750286	1	1	0.0	0.0	0.000220465128264	1	1	0.0	1	1	1	1	1	0.0	0.382309041784	0.0271352621874	0.0	1	1	0.682320388863	2.71307164068e-07	1	1	0.0116619338716	0.092047464897	1	0.000161005310632	0.112431316943	1	1	0.333306881419	1	0.00200648069598	0.00284407285172	4.98194503085e-06	1.67179900856e-05	1	0.013565533638	1	1	1	1	1
GO_REGULATION_OF_METAL_ION_TRANSPORT	1	1	1	1	1	1	1	0.421637004395	1	1	1	1	1	1	1	1	1	1	1	1	1	1	1	1	1	1	1	1	1	1	0.467383454459	1	1	1	1	1	1	1	1	0.166393902346	1	1	1	1	1	1	1
GO_REGULATION_OF_NERVOUS_SYSTEM_DEVELOPMENT	1	1	1	1	1	0.098465594855	0.0216817732956	0.0127012199796	1	1	1	1	1	1	1	1	1	1	0.105181915228	0.418569941834	1	1	1	1	0.0	1	1	0.0	1	1	0.0482783341964	0.441891994244	1	1	2.51185646901e-05	1	1	0.00258980852795	0.00878607545909	1	1	0.00207867132371	1	1	1	1	1
GO_REGULATION_OF_NEURON_DIFFERENTIATION	1	1	0.529423006754	1	1	0.219164534389	0.000573518678997	0.0136496424711	1	1	1	1	1	1	1	1	1	1	0.173668157841	1	1	1	0.566414811045	1	0.000353333377447	1	1	2.69360525215e-05	1	1	0.023750221214	0.262845544253	1	1	1.6145868531e-06	1	1	0.000473514286299	0.187654800552	1	1	0.010280498234	1	1	1	1	1
GO_REGULATION_OF_NEURON_PROJECTION_DEVELOPMENT	1	1	1	1	1	0.779729567806	0.00234803958883	0.0534430395396	1	1	1	1	1	1	1	1	1	1	1	1	1	1	1	1	0.0157434276317	1	1	5.22043029361e-06	1	1	0.0914801368974	1	1	1	0.0015423948831	1	1	0.00328115462831	1	1	1	0.0954669162546	1	1	1	1	1
GO_REGULATION_OF_NEUROTRANSMITTER_LEVELS	1	1	0.035054417301	1	1	1	1	0.173856548326	1	1	1	1	1	1	1	1	1	1	1	0.0487710500616	0.208899842721	1	1	1	1	1	1	0.00753079761386	1	1	1	1	1	1	1	1	1	0.0999733449432	0.183425229627	0.323165142135	1	0.0671592576821	1	1	1	1	1
GO_REGULATION_OF_NEUROTRANSMITTER_TRANSPORT	1	1	1	1	1	1	1	1	1	1	1	1	1	1	1	1	1	1	1	1	1	1	1	1	1	1	1	1	1	1	1	1	1	1	1	1	1	1	1	1	1	0.696532779722	1	1	1	1	1
GO_REGULATION_OF_PEPTIDE_HORMONE_SECRETION	1	1	0.717537159804	1	1	1	1	0.000238310673431	0.966074426404	1	1	1	1	1	1	1	1	0.000878402822566	1	0.029717310743	0.135338083392	1	1	1	1	1	1	1	1	0.507493070392	1	1	1	1	1	1	1	1	0.376338264136	1	1	1	1	1	1	1	1
GO_REGULATION_OF_PEPTIDE_SECRETION	1	1	1	1	1	1	1	0.986504319663	1	1	1	1	1	1	1	1	1	1	1	1	1	1	1	1	1	1	1	1	1	1	1	1	1	1	1	1	1	1	1	1	1	1	1	1	1	1	1
GO_REGULATION_OF_POSTSYNAPTIC_MEMBRANE_POTENTIAL	1	1	1	1	1	1	0.862337215089	1	1	1	1	1	1	1	1	1	1	1	1	1	1	1	1	1	1	1	1	1	1	1	1	1	1	1	1	1	1	1	1	1	1	1	1	1	1	1	1
GO_REGULATION_OF_REGULATED_SECRETORY_PATHWAY	1	1	1	1	1	1	1	1	1	1	1	1	1	1	1	1	1	1	1	1	1	1	1	1	1	1	1	1	1	1	1	1	1	1	1	1	1	1	1	1	1	1	1	1	1	0.0665343063463	1
GO_REGULATION_OF_SECRETION	1	1	1	1	0.450525604822	1	0.122103680612	0.000135016209177	1	1	1	0.166845363276	1	1	1	1	1	0.0061141807831	1	0.00990117325851	0.0117174228715	1	1	1	1	1	1	0.0954686138173	1	1	0.92415212686	1	1	1	1	1	0.90245965348	1	0.365749749554	0.0118676040441	1	0.0173351455136	1	1	1	1	1
GO_REGULATION_OF_SYNAPSE_STRUCTURE_OR_ACTIVITY	1	1	1	1	1	1	0.537689501639	1	1	1	1	1	1	1	1	1	1	1	1	1	1	1	1	1	1	1	1	1	1	1	1	1	1	1	1	1	1	1	1	1	1	1	1	1	1	1	1
GO_REGULATION_OF_SYNAPTIC_PLASTICITY	1	1	1	1	1	1	1	1	1	1	1	1	1	1	1	1	1	1	1	1	1	1	1	1	1	1	1	0.0172711483364	1	1	1	1	1	1	1	1	1	1	1	1	1	0.0978032140915	1	1	1	1	0.0532523105097
GO_REGULATION_OF_SYNAPTIC_VESICLE_CYCLE	1	1	0.827709984615	1	1	0.115986783244	1	0.000142500323935	1	1	1	1	1	1	1	1	1	1	1	0.275449323265	1	1	1	1	1	1	1	0.0263518032609	1	1	1	1	1	1	0.404867525344	1	1	0.0413341822438	1	1	1	0.344111446308	1	1	1	1	1
GO_REGULATION_OF_SYNAPTIC_VESICLE_EXOCYTOSIS	1	1	1	1	1	1	1	0.578590483403	1	1	1	1	1	1	1	1	1	1	1	1	1	1	1	1	1	1	1	1	1	1	1	1	1	1	1	1	1	1	1	1	1	0.738387211036	1	1	1	1	1
GO_REGULATION_OF_SYSTEM_PROCESS	1	1	1	1	0.0430951433291	0.386061553133	0.00115199020755	1	1	1	1	1	1	1	1	1	1	1	1	1	0.00471280341347	1	0.518437483793	1	1.10688320145e-05	1	1	0.099282196684	1	1	1.90290616321e-05	1	1	1	1	1	0.442063020596	0.00161483157963	0.00248352861356	0.791344233396	1	8.41972348532e-05	1	1	1	1	1
GO_REGULATION_OF_TRANSMEMBRANE_TRANSPORT	1	1	1	0.151378338213	0.125479182761	1	6.15426779427e-06	0.0	0.646722757082	1	1	0.546997197866	1	1	1	1	1	0.236271895022	1	1	0.0085814708702	1	0.458433670824	1	1	1	1	1	0.169398020237	1	0.0380871778462	1	0.76030565782	1	0.721755006029	1	7.03449321027e-05	0.0545927822435	0.000430419555042	0.000385436243422	1	1	1	1	1	1	1
GO_REGULATION_OF_TRANSPORT	1	1	0.00677194308299	0.00880777397928	0.000161481358578	0.0311129999555	0.0	0.0	1	1	1	0.0	1	1	0.343266479329	1	1	0.00094369327983	0.0297206861707	0.00125143484944	0.0	1	0.271147424528	1	1	1	1	0.0	1	0.0163857319	0.0166415635373	1	1	1	4.40118885698e-05	1	4.6544704051e-06	0.00100880056009	0.0	0.0	1	0.0	1	1	1	0.271147424528	1
GO_REGULATION_OF_TRANSPORTER_ACTIVITY	1	1	1	1	1	1	1	0.748482774886	1	1	1	1	1	1	1	1	1	1	1	1	1	1	1	1	1	1	1	1	1	1	0.329399000856	1	1	1	1	1	0.294867912083	1	1	1	1	1	1	1	1	1	1
GO_REGULATION_OF_TRANS_SYNAPTIC_SIGNALING	1	1	0.186724831007	1	0.457432799309	0.0631334051582	0.0	0.0	0.0226599154767	1	1	1	1	1	1	1	1	0.29614307257	1	0.000526865657725	0.000162540483754	1	1	1	0.000658542038794	1	1	0.0	0.590986706056	0.0839111850102	0.0167566203062	0.0539744097545	1	1	5.29710278654e-05	1	0.0137074474485	0.00039890384001	3.3578243676e-05	0.311546889359	1	0.0	0.621358251179	1	1	1	0.00335389713296
GO_RESPONSE_TO_AXON_INJURY	1	1	1	1	1	1	1	1	1	1	1	1	1	1	1	1	1	1	0.0462272959456	1	1	1	1	1	1	1	1	0.0859503014966	1	1	1	1	1	1	1	1	1	1	1	1	1	1	1	1	1	1	1
GO_SECRETION	1	1	1	1	0.308528337057	1	1	1	1	1	1	1	1	1	1	1	1	1	1	1	1	1	1	1	1	1	1	1	1	1	1	1	1	1	1	1	1	1	1	1	1	1	1	1	1	1	1
GO_SENSORY_ORGAN_DEVELOPMENT	1	1	1	1	1	1	1	1	1	1	1	1	1	1	1	1	1	1	1	0.162724142208	1	1	1	1	1	1	1	1	1	1	1	1	1	1	1	1	1	1	1	1	1	1	1	1	1	1	1
GO_SIGNAL_RELEASE	1	1	0.0189365731869	1	0.0310543059608	0.273295855662	0.0168008834713	0.0	0.398001689831	1	1	0.0028836887076	1	1	1	1	1	0.000474050339919	1	3.43130195164e-05	0.00281868708237	1	1	1	1	1	1	0.00252241937753	1	1	0.0201435847696	0.892549406333	1	1	0.341827148863	1	0.0128226290099	9.89678049144e-05	0.00389684743098	0.000258034132861	0.811423822277	5.80247974346e-05	1	1	1	1	1
GO_SITE_OF_POLARIZED_GROWTH	1	1	1	1	1	1	1	1	1	1	1	1	1	1	1	1	1	1	1	1	0.338564691233	1	1	1	1	1	1	1	1	1	1	1	1	1	0.0553250950398	1	1	1	1	1	1	1	1	1	1	1	1
GO_SODIUM_CHANNEL_ACTIVITY	1	1	1	0.0392252374452	1	1	1	1	1	1	1	1	1	1	1	1	1	1	1	1	1	1	1	1	1	1	1	1	1	1	1	1	1	1	1	1	1	1	1	1	1	1	1	1	1	1	1
GO_SOMATODENDRITIC_COMPARTMENT	1	1	9.19696056823e-06	0.620938248696	0.232802347238	2.58696479644e-05	0.0	0.0	0.000135950255447	1	1	0.0	1	1	1	1	0.0655070719742	0.0	0.000403154398581	0.0	0.0	1	0.146842831077	0.337578057321	0.0	0.970615583718	1	0.0	4.79715436295e-05	0.0146622624723	8.11359801545e-06	3.85334149633e-06	1	1	5.91361261526e-06	1	2.25412496668e-07	0.0	0.0	3.56022886983e-06	1	3.23582205308e-06	1	1	1	0.000229715178981	0.000168170572991
GO_SYNAPSE	1	0.000186697323577	2.86668038907e-05	0.0	6.67903900431e-06	0.0	0.0	0.0	0.0	5.76083464054e-05	1	9.26044218408e-06	1	0.0014304190474	0.00896844527078	0.0787493919644	0.0470954985441	0.0	6.35655247472e-06	1.18419020367e-05	0.0	0.134053778245	0.0131399876025	0.002243415988	8.54267369399e-06	0.00220351112611	0.00923610130811	0.0	1.25578362542e-05	1.25139214786e-05	2.4826177662e-05	2.45580492759e-05	1	1	1.79499138909e-05	0.000700991023841	1.46102745617e-05	1.95910622303e-05	1.64366221114e-05	1.28362930036e-05	1	1.24096734133e-05	0.0807638135796	1	1	0.0131399876025	1.59760330576e-05
GO_SYNAPSE_ASSEMBLY	1	0.626730891231	1	1	1	1	1	1	1	1	1	1	1	1	1	1	1	1	1	1	1	1	1	1	1	1	1	0.00889930377487	1	1	1	1	1	1	1	1	1	1	1	1	1	1	1	1	1	1	1
GO_SYNAPSE_ORGANIZATION	1	0.285045751793	0.0050415409386	1	1	1	0.00165334157094	0.12433356932	0.0797601731724	1	1	1	1	1	1	1	1	0.000157579649922	0.23605459546	1	0.0170851291868	1	1	1	0.144613992309	1	1	0.0225418094554	0.0619466602665	1	1	1	1	1	2.55768501605e-05	1	1	0.243500512714	0.00226584121881	1	1	0.20882574862	1	1	1	1	1
GO_SYNAPTIC_MEMBRANE	1	1	0.0218350465922	1	1	0.00922340041735	0.000933443719089	0.0	0.000390954973204	0.000518865122715	1	4.88143911026e-06	1	0.00220737171637	0.851366857274	1	1	0.0	0.00552893054164	1.98700806808e-05	1.88498042597e-06	1	1	1	1.30158044576e-05	1	1	0.0	6.83575914255e-05	1	0.00151397041175	0.000404280286819	1	1	3.90285454024e-05	1	1.37817657699e-05	3.39891831347e-05	1.94915245944e-05	0.00220082480033	1	3.15590598471e-05	1	1	1	1	0.000315413069825
GO_SYNAPTIC_SIGNALING	1	0.803285292702	0.00547405358894	0.00264392360412	0.000184426457979	0.000276123972415	0.0	0.0	0.0	0.102775984785	1	0.0	1	1	1	1	1	0.0	1.5717603133e-05	0.0	0.0	0.070716154169	1	1	0.0	1	0.000882679289929	0.0	0.00460613257684	0.00208716708756	2.21274743306e-07	1.50953462358e-05	1	1	0.0	0.0285118421591	0.0	0.0	0.0	0.0	1	0.0	1	1	1	0.00763597043816	0.00230773859193
GO_SYNAPTIC_VESICLE_EXOCYTOSIS	1	1	0.269590936882	1	1	1	1	0.110011008439	1	1	1	1	1	1	1	1	1	1	1	0.118248684005	0.669285001574	1	1	1	1	1	1	0.00975666183728	1	1	1	1	1	1	1	1	1	1	1	1	1	0.00455647702106	1	1	1	1	1
GO_SYNAPTIC_VESICLE_LOCALIZATION	1	1	1	1	1	0.586772659565	1	1	1	1	1	1	1	1	1	1	1	1	0.733860353418	1	1	1	1	1	1	1	1	1	1	1	1	1	1	1	1	1	1	1	1	1	1	1	1	1	1	1	1
GO_SYNAPTIC_VESICLE_MEMBRANE	1	1	0.0396654627253	1	1	1	1	1	1	1	1	1	1	1	1	1	1	0.68261915535	1	1	1	1	1	1	1	1	1	1	1	1	1	1	1	1	1	1	0.247264272666	1	0.0151041915021	1	1	1	1	1	1	1	1
GO_TAXIS	1	1	1	1	1	1	0.269273944962	1	1	1	1	1	1	1	1	1	1	1	1	1	1	1	1	1	0.454657406034	1	1	1	1	1	1	1	1	1	1	1	1	1	1	1	1	1	1	1	1	1	1
GO_TRANSMEMBRANE_TRANSPORT	1	1	1	0.731151172419	1	1	4.2151936096e-06	0.0	1	1	1	0.019827864421	1	1	1	1	1	0.0255741414515	0.536319288151	1	0.000141419784869	1	1	1	0.558235920721	1	1	1	0.0235331627287	1	0.0124105511636	1	1	1	1	1	0.110841205714	1	0.00246682834589	0.000465306690561	1	1	1	1	1	1	1
GO_TRANSMISSION_OF_NERVE_IMPULSE	1	1	1	1	1	1	0.111857366905	1	1	1	1	1	1	1	1	1	1	1	1	1	1	1	1	1	1	1	1	1	1	1	1	1	1	1	1	1	1	1	0.823657399738	1	1	1	1	1	1	1	1
GO_TRANSPORTER_ACTIVITY	1	1	1	1	1	1	3.15151789552e-05	0.000116662344569	1	1	1	0.00584465714228	1	1	1	1	1	0.0414755166413	1	0.480301157289	0.000480992791459	1	1	1	0.104975378464	1	1	1	0.397907356578	1	1	1	1	1	1	1	1	1	0.0370945300174	0.00420945778462	1	1	1	1	1	1	1
GO_TRANSPORTER_COMPLEX	1	1	0.719472472866	7.97883435354e-05	0.0106062009436	1	0.0	0.0	0.0	0.958077157826	1	0.0	1	1	1	1	1	0.0	0.448071376398	0.0019165164147	0.0	1	0.00301230413434	0.37355413082	0.0	1	1	0.0991004155728	0.0707480076886	0.0429348054458	1.10693422858e-05	1	1	1	1	1	0.000262889439312	0.000621543321214	9.76846765688e-06	7.57360157744e-06	1	0.00289348150166	1	1	1	1	0.0570611257772
GO_TRANSPORT_VESICLE	1	1	0.25608427654	1	1	1	1	0.307871667841	1	1	1	1	1	1	1	1	1	0.358744117378	1	1	0.386297949657	1	1	1	1	1	1	1	1	1	1	1	1	1	0.256489477834	1	1	1	0.000444987310113	1	1	0.501123860132	1	1	1	1	1
GO_TRANSPORT_VESICLE_MEMBRANE	1	1	0.0234443682255	1	1	1	0.187149390025	0.0187100908545	1	1	1	1	1	1	1	1	1	0.380744928833	0.15523195449	1	1	1	1	1	1	1	1	1	1	1	1	1	1	1	1	1	0.0587963493628	1	0.265458950374	1	1	1	1	1	1	1	1
GO_TUBULIN_BINDING	1	1	1	1	1	0.77639593093	0.105195826874	0.665225800258	1	1	1	1	1	1	1	1	1	1	1	0.73858626526	1	1	1	1	1	1	1	1	1	1	1	1	1	1	0.000331343874397	1	1	1	0.061823522391	1	1	1	1	1	1	1	0.363012653329
GO_T_TUBULE	1	1	1	1	1	1	0.280502980446	1	1	1	1	1	1	1	1	1	1	1	1	1	1	1	1	1	1	1	1	1	1	1	1	1	1	1	1	1	1	1	1	1	1	1	1	1	1	1	1
GO_VESICLE_MEDIATED_TRANSPORT_IN_SYNAPSE	1	1	0.0021441386207	1	1	1	0.453360383971	8.42738028184e-06	1	1	1	1	1	1	1	1	1	1	0.35455166495	0.0131382310326	0.0144910232121	1	1	1	1	1	1	0.0	1	1	0.267658844883	0.977801905378	1	1	0.00364801151517	1	0.596077272009	0.00660695185327	0.00299937416328	0.46105778987	1	0.000208529361637	1	1	1	1	1
GO_VOLTAGE_GATED_CALCIUM_CHANNEL_ACTIVITY	1	1	1	1	1	1	1	0.43227857287	1	1	1	1	1	1	1	1	1	1	1	0.452768484005	0.0454437242939	1	1	1	1	1	1	1	1	0.950912240723	1	1	1	1	1	1	0.0765174696926	0.417540574618	1	1	1	1	1	1	1	1	1
GO_VOLTAGE_GATED_CALCIUM_CHANNEL_COMPLEX	1	1	1	1	1	1	1	1	0.0460696146137	1	1	1	1	1	1	1	1	0.0307672820386	1	1	0.0350516094018	1	1	1	1	1	1	1	1	0.00225980650419	1	1	1	1	1	1	0.00457966244871	0.339059427569	1	1	1	1	1	1	1	1	1
GO_VOLTAGE_GATED_CATION_CHANNEL_ACTIVITY	1	1	1	0.00013181562549	0.0279140276316	1	0.0	0.0	0.0431592075373	1	1	0.000696823868871	1	1	1	1	1	0.0231375717984	1	0.00731241955726	0.0	1	0.00123106051761	0.0592689721287	9.26928455103e-05	1	1	0.471052676169	1	0.00259063964975	0.0492206065771	1	1	1	0.00287828611032	1	0.00178817632546	1.12841310952e-05	9.40527663359e-05	0.00135548364133	1	0.051536503705	1	1	1	0.101539457776	0.730697972516
GO_VOLTAGE_GATED_ION_CHANNEL_ACTIVITY	1	1	1	4.04330540849e-06	0.000670570681067	1	0.0	0.0	0.0629140728105	1	1	0.000944626046544	1	1	1	1	1	0.152186901953	1	0.00643693216218	0.0	1	0.000214766019168	0.0036096671377	1.67767912262e-05	1	1	0.616782747699	1	0.196980376058	0.047242441156	1	1	1	0.0029287267585	1	0.000780734851865	0.0	1.28471068663e-05	8.56831517604e-06	1	0.682151151095	1	1	1	0.0970572520315	0.430341371494
GO_VOLTAGE_GATED_POTASSIUM_CHANNEL_ACTIVITY	1	1	1	0.00755771740176	1	1	0.0281945466462	0.287923325175	1	1	1	0.230081379184	1	1	1	1	1	1	1	1	0.00693661261665	1	0.00664056602743	1	0.242350160293	1	1	1	1	1	1	1	1	1	1	1	1	1	0.0444659178258	1	1	1	1	1	1	1	1
