	ARNT2	ARX	ASCL1	ASCL2	ATOH8	DACH1	E2F7	EBF3	ETV1	FEV	FOXJ1	FOXP2	GATA2	GRHL3	HES4	HEY1	HEYL	HHEX	HIC1	HLF	INSM1	ISL1	LMX1A	LMX1B	MAFA	MAFB	MYT1	NEUROD1	NEUROD2	NEUROG3	NFAT5	NHLH1	NR4A3	ONECUT1	PAX4	PAX6	PBX3	POU5F1	PROX1	RFX6	SETBP1	SIX2	SMAD9	SOX4	SPIB	TFCP2L1	TP73	ZFP69B	ZNF382	ZNF492	ZNF519	ZNF846
BIOCARTA_NO1_PATHWAY	1	1	1	1	1	1	1	1	0.0008879481144028478	1	1	1	0.0032209574294743692	1	1	1	1	1	1	1	1	1	1	1	0.0009766474646597523	0.011800186611486851	1	0.0012049768179094311	1	0.017160951681120418	1	1	1	1	1	1	0.005801993966305652	1	1	1	1	0.0032209574294743692	1	0.015168878741503633	1	1	1	1	1	1	1	1
KEGG_ARRHYTHMOGENIC_RIGHT_VENTRICULAR_CARDIOMYOPATHY_ARVC	1	1	1	1	1	1	1	1	1	1	1	1	1	1	1	1	1	1	1	1	1	1	1	1	1	1	1	1	1	1	1	1	1	1	1	1	1	1	1	1	1	1	1	1	1	0.09409250547537873	1	1	1	1	1	1
KEGG_CALCIUM_SIGNALING_PATHWAY	1	1	1	1	1	1	1	1	1	1	1	1	1	1	1	1	1	1	1	1	1	1	1	1	1	1	1	0.046255999051365015	1	1	1	1	0.09357539817538785	1	1	1	1	1	1	1	1	1	0.09897183733875536	1	0.0639895897707301	1	0.05790141052262876	1	1	1	1	1
KEGG_CELL_ADHESION_MOLECULES_CAMS	1	1	1	1	1	1	1	1	1	1	1	0.04105843869980086	1	1	1	1	1	1	1	1	1	1	1	1	1	1	1	1	1	1	1	1	1	1	1	1	1	1	1	1	1	1	1	1	1	1	1	1	1	1	1	1
KEGG_CELL_CYCLE	1	1	1	0.0868976806646935	1	1	1	1	1	1	1	1	1	1	1	1	1	1	0.008619845061389908	1	1	1	1	1	1	1	1	1	1	1	1	0.0868976806646935	1	1	1	1	0.0926609168045942	1	1	1	1	1	1	1	1	0.05673781722031568	1	1	1	1	1	1
KEGG_CYSTEINE_AND_METHIONINE_METABOLISM	1	1	1	1	1	1	1	1	1	1	1	1	1	1	1	1	1	1	1	1	1	1	1	1	1	1	1	0.02724280567347781	1	0.024770286346463832	1	1	1	1	1	1	1	1	1	1	1	1	1	1	1	1	1	1	1	1	1	1
KEGG_ENDOCYTOSIS	1	1	1	1	1	1	1	1	1	1	1	0.07095743801463983	1	1	1	1	1	1	1	1	1	1	1	1	1	1	1	1	0.025022579995442218	1	1	1	1	1	1	1	1	1	1	1	1	1	1	1	1	0.008639387890271966	1	1	1	1	1	1
KEGG_EPITHELIAL_CELL_SIGNALING_IN_HELICOBACTER_PYLORI_INFECTION	1	0.038223412665774004	1	1	1	1	1	1	1	1	1	1	1	1	1	1	1	1	1	1	1	1	1	0.05439718389304127	1	1	1	1	1	1	1	1	1	1	1	1	1	1	1	1	1	1	1	1	1	1	1	1	1	1	1	1
KEGG_ERBB_SIGNALING_PATHWAY	1	1	1	0.04605297328351721	1	1	1	1	1	1	1	1	1	1	1	1	1	1	1	1	1	1	1	0.08361242989664475	1	1	1	1	1	1	1	1	1	1	1	1	1	1	1	1	1	1	1	1	1	1	0.015538834359439813	1	1	1	1	1
KEGG_GAP_JUNCTION	1	0.06310050072175666	1	1	1	1	1	1	1	0.0948425930709147	1	1	1	1	1	1	1	1	1	1	1	1	1	0.08858696820943157	1	1	1	1	1	1	1	1	1	1	0.001200497149750901	1	1	1	1	0.012080566672184267	1	1	1	1	1	0.024911528006762662	1	1	1	1	1	1
KEGG_GLIOMA	1	1	1	0.02704090492986455	1	1	1	1	1	1	1	1	1	1	1	1	1	1	1	1	1	1	1	0.05019329304129694	1	1	1	0.08696962154988419	1	0.07966542817739009	1	1	1	1	1	1	1	1	1	1	1	1	0.06168244514116439	1	1	1	0.008900684924022073	1	1	1	1	1
KEGG_GLUTATHIONE_METABOLISM	1	1	1	1	1	1	0.012552081781944335	1	1	1	1	1	1	1	1	1	1	1	1	1	1	1	1	1	1	1	1	1	1	0.0502444624979157	1	0.016532127821549114	1	1	1	1	1	1	1	1	1	1	1	1	1	1	1	1	1	1	1	1
KEGG_LEUKOCYTE_TRANSENDOTHELIAL_MIGRATION	1	0.001891177584927184	1	0.010694641139602612	1	1	1	1	1	1	1	0.031999316684198975	1	1	1	1	1	1	1	1	1	1	0.07142322919601152	0.003868432853980086	1	0.031262848041688995	1	0.05794950144454103	0.007630264536697906	1	1	1	1	0.0007839275681748026	1	1	0.08159313067494134	1	1	1	1	1	1	1	1	1	1	1	1	1	1	1
KEGG_MAPK_SIGNALING_PATHWAY	1	1	1	1	1	1	1	1	1	1	1	1	1	1	1	1	1	1	0.03599685303505773	1	1	1	1	1	1	0.07326173688022286	1	1	1	1	1	1	1	1	1	1	1	1	1	1	1	1	1	1	1	1	1	1	1	1	1	1
KEGG_MATURITY_ONSET_DIABETES_OF_THE_YOUNG	1	1	1	1	0.0003091385229271326	0.00035628423373168516	1	0.0003091385229271326	1	1	1	1	1	1	1	1	1	1	1	1	0.00022473182176763196	1	1	1	1	1	1	0.0008600298433911746	1	1	1	1	1	1	1	1	1	1	1	8.438299137769611e-06	1	1	1	1	1	1	1	1	1	1	1	0.0017545671007043184
KEGG_MELANOGENESIS	1	1	0.02058317717670821	0.06005712231422966	1	1	0.046396491833380904	1	0.03165457391291737	1	1	1	1	1	1	1	1	1	1	1	1	1	1	1	1	1	1	0.04127414020703368	0.005202272658098583	0.036298804028994325	1	1	1	1	1	1	1	1	1	1	1	1	0.02492168151388341	1	1	0.03347225771696971	0.02058317717670821	1	1	1	1	1
KEGG_NEUROACTIVE_LIGAND_RECEPTOR_INTERACTION	1	1	1	1	1	0.003278144274097672	0.06521823365272417	1	0.010665068090717877	0.07167701243458513	7.078778780666983e-05	1	1	1	1	1	1	1	1	1	1	1	0.08370542263659742	0.0038909928903720914	0.012411567748662033	1	1	1	1	0.04646705928714934	1	1	0.08304668890261757	1	1	0.04019998385134449	1	1	1	1	1	1	0.08904438036814111	0.03669767411294711	0.051538911283537714	1	1	1	1	1	1	1
KEGG_NEUROTROPHIN_SIGNALING_PATHWAY	1	1	0.031034654661907024	0.013362511018334966	1	1	1	1	1	1	1	1	1	1	1	1	1	1	1	1	1	1	1	1	1	1	1	0.01536630017709495	0.07129991352439946	0.06247553163886632	1	0.08808373176571627	0.041037025786104686	1	1	1	1	1	1	1	1	1	0.04363839845926665	1	1	1	0.031034654661907024	1	1	1	1	1
KEGG_NOTCH_SIGNALING_PATHWAY	1	1	1	0.014698512617167148	1	1	1	1	1	1	1	1	1	1	1	1	1	1	1	1	1	1	1	1	1	1	1	1	1	1	1	1	1	1	1	1	1	1	1	1	1	1	1	0.03995622735155391	1	0.04242652706544969	1	1	1	1	1	1
KEGG_OOCYTE_MEIOSIS	1	1	1	1	1	1	1	1	1	1	1	1	1	1	1	1	1	1	1	1	1	1	1	1	1	1	1	1	1	1	1	0.07306908612535767	1	1	1	1	1	1	1	1	1	1	1	1	1	1	1	1	1	1	1	1
KEGG_P53_SIGNALING_PATHWAY	1	1	0.009708422966931307	0.029394953128842882	1	1	1	1	0.0784565421320198	1	1	1	1	1	1	1	1	1	1	1	1	1	1	1	0.08299703236886113	1	1	0.09389354896301083	1	0.08606823089721538	1	1	1	1	1	1	0.03151536159052781	1	1	1	1	1	1	0.07696124613219368	1	0.08147456575563705	1	1	1	1	1	1
KEGG_PATHOGENIC_ESCHERICHIA_COLI_INFECTION	1	1	1	1	1	1	1	1	1	0.04126228734055726	1	1	1	1	1	1	1	1	1	1	1	1	1	1	1	1	1	1	1	1	1	1	1	1	0.0002989724135719074	1	1	1	1	0.0032393280307755346	1	1	1	1	1	0.006959465244755769	1	1	1	1	1	1
KEGG_PATHWAYS_IN_CANCER	1	0.06008833309153416	1	1	1	1	1	1	1	1	1	1	1	1	1	1	1	1	1	1	1	1	1	1	1	1	1	1	0.0052632705379923594	1	1	1	1	0.09341954052115653	1	1	1	1	1	1	1	1	1	1	1	1	1	1	1	1	1	1
KEGG_PPAR_SIGNALING_PATHWAY	1	1	1	1	1	1	1	1	1	1	1	1	1	1	1	1	1	1	1	1	1	1	1	1	1	1	1	1	1	1	1	1	0.06559611019159517	1	1	1	1	1	1	1	1	1	0.06848626762375276	1	0.04919626092264329	0.08353861382778316	1	1	1	1	1	1
KEGG_PURINE_METABOLISM	1	1	1	1	1	1	1	1	0.09469381081113748	1	1	0.056526132785388095	0.0835794107748975	1	1	1	1	1	1	1	1	1	1	1	1	1	1	1	1	1	1	1	1	1	1	0.07302792105639888	0.027198427628253863	1	1	1	1	0.012234739605350708	1	1	1	1	1	1	1	1	1	1
KEGG_TIGHT_JUNCTION	1	1	1	1	1	1	1	1	1	1	1	1	1	1	1	1	1	1	1	1	1	1	0.08916456335395762	1	1	1	1	1	1	1	1	1	1	1	1	1	1	1	1	1	1	1	1	1	1	1	1	1	1	1	1	1
KEGG_TYPE_II_DIABETES_MELLITUS	1	1	0.0047401257088293125	0.014698512617167148	1	1	1	0.0010991759317112715	1	0.02993600093494353	1	1	1	1	1	1	1	1	1	1	1	1	1	1	1	1	1	0.005375596088393553	1	0.04495296851203234	1	1	0.03289671630532309	1	0.0054044614369487265	1	1	1	1	0.025709784713243256	1	1	0.00020147389129721027	1	1	1	1	1	1	1	1	0.006108997697055418
KEGG_WNT_SIGNALING_PATHWAY	1	0.031267040828907966	0.04315747894767363	1	1	1	0.0936121037394998	1	0.01970174089807819	1	1	1	1	1	1	1	1	1	1	1	1	1	1	0.05111095906720309	1	1	1	1	0.09715981835188825	0.09524404015269416	1	1	1	1	1	1	1	1	1	0.0460948311577577	1	1	0.0676580614402883	0.08200014280730805	1	1	1	1	1	1	1	0.054498058975773866
NABA_CORE_MATRISOME	1	1	1	0.09398192777255954	1	1	0.0023410575957047985	1	1	0.021069881995877116	0.010278931961517523	0.028437660165837486	0.009351415794613627	1	1	1	1	1	1	1	1	0.05315421616413851	1	0.06578535147187847	0.013044828415937793	0.023291181614301104	1	0.004868278551935057	0.07055456992842057	0.003667884111583586	1	0.004425913161996697	0.02565857618789069	1	1	1	1	1	1	0.015250363381597132	1	1	1	0.0025407891756690226	1	0.012413339115609379	0.021923401958193867	1	1	1	1	0.0308124141449877
NABA_ECM_AFFILIATED	1	0.042114265267361506	1	1	1	1	1	1	1	0.01662546342588156	1	1	1	1	1	1	1	1	1	1	1	1	1	1	0.032035882927959114	0.07941886479784466	1	0.040190988466060174	1	1	1	1	0.0842271221311679	1	1	1	1	1	1	1	1	1	1	0.027856308526306384	1	1	1	1	1	1	1	1
NABA_ECM_GLYCOPROTEINS	1	1	1	0.04191298244947261	1	1	0.004368671259490142	1	1	0.026418029714370572	0.004033997155680091	0.08141765910417376	0.021302343611480423	1	1	1	1	1	1	1	1	1	1	0.09452041343517248	0.04965302528785209	1	1	0.01660157069785262	1	0.002890281375927284	1	0.04191298244947261	0.031128129649229508	1	1	1	1	1	1	0.0038050146595539625	1	1	1	0.010419100366815814	1	0.011914981146547321	0.06857347731068497	1	1	1	0.06445606025696238	0.01268489322757338
NABA_ECM_REGULATORS	1	0.022885203536281207	0.09570868378590269	1	1	1	1	1	1	1	0.05905277281174215	1	1	1	1	1	1	1	1	1	1	1	0.061124864143108915	1	0.026392064634210732	0.013290021936817276	1	0.03460487114302402	0.04984770166303776	1	1	0.06717115052060352	0.05641400093425164	0.054313615056260645	1	1	0.016127420626493527	1	1	1	1	1	1	0.07707510427451125	0.0013899922105258256	0.08469912636584176	0.01497586603593326	1	1	1	1	1
NABA_MATRISOME	1	0.0005808648510541303	1	0.046100088170609066	1	0.02478392276824881	0.002001494109251989	0.01933888156790098	0.003782260795259229	0.00195258683286903	0.001013847219712316	0.034413237304873	0.03269700893189165	1	1	1	1	1	1	1	1	1	0.09035548112884995	0.055167036087065746	8.06790438667715e-05	0.0025161941444798996	1	7.248120607172837e-05	0.002382676926070304	0.014765536927342171	1	0.0005116296058906844	0.0011344450675687678	0.07520413867604825	0.08861749852090384	1	0.007958326395982596	1	1	1	0.00017037256312291138	0.08668661777664644	0.02411716522462759	3.2552882334169198e-06	0.00018244099082653786	0.00021908982542828692	0.0012731327885060484	0.027579345264807875	1	0.01024412822698928	0.018615772879879366	0.0006997117153325627
NABA_MATRISOME_ASSOCIATED	1	0.0004981080809802751	0.07989068471187344	1	1	0.05002195786421626	1	0.006579737301305455	0.00485872275492738	0.028057463912987135	0.03353543939119541	1	1	1	1	1	0.07204734125256951	1	1	1	1	1	0.06304328618237987	1	0.002259114517437655	0.032522029212720405	1	0.004301312413669267	0.014457656794223395	1	1	0.026995265765623944	0.01499499733832399	1	0.09697570565399949	1	0.010787900159119013	1	1	1	0.001682969565212411	1	0.04287767903804651	0.0004717805935601227	0.0004043172732699496	0.00580569517597096	0.022407167928879423	0.08923128817011539	1	0.016783918244415164	0.07196192378487565	0.009852756093339354
NABA_SECRETED_FACTORS	1	0.07033666463515587	1	1	1	0.05658486744680635	1	0.0498770096945802	0.02967046949988772	1	1	1	1	1	1	0.026401707677204955	1	1	1	1	1	1	1	1	1	1	1	1	1	1	1	1	1	1	1	1	1	1	1	1	0.006393589746681472	0.08499123263168507	0.062148130671825674	0.028286322458875746	1	0.03257041568703334	1	0.02148591982504744	1	0.010625817840938412	0.005605125943594524	0.01012098285575913
PID_AMB2_NEUTROPHILS_PATHWAY	1	0.014874019487325363	1	1	1	1	1	1	1	1	1	1	1	1	1	1	1	1	1	1	1	1	1	0.021532011057460276	1	0.02436649884424602	1	1	1	1	1	1	1	1	1	1	1	1	1	0.019902667957947706	1	1	1	1	1	1	1	1	1	1	1	1
PID_AR_NONGENOMIC_PATHWAY	1	1	1	1	1	1	1	1	1	1	1	1	1	1	1	1	1	1	1	1	1	1	1	1	1	1	1	0.022913763093271977	0.005182033505202521	0.020818849225240132	1	1	1	1	1	1	1	1	1	1	1	1	0.015779335573854136	1	0.011045970645341519	1	1	1	1	1	1	1
PID_AVB3_INTEGRIN_PATHWAY	1	0.04454737005477094	1	1	1	1	1	1	1	1	1	1	1	1	1	1	1	1	1	1	1	1	1	1	0.09582388602789083	1	1	1	1	1	1	0.03433793274362973	1	1	1	1	1	1	1	1	1	1	0.0773198263396162	0.08895514786293801	1	0.09409250547537873	1	1	1	1	1	1
PID_BETA_CATENIN_NUC_PATHWAY	1	1	1	1	1	1	1	1	1	1	1	1	1	1	1	1	1	1	1	1	1	1	1	1	1	1	1	1	0.03161899308433358	1	1	1	1	1	1	1	1	1	1	0.06726742112436912	1	1	1	1	1	1	1	1	1	1	1	1
PID_ERBB4_PATHWAY	1	1	1	1	1	1	1	1	1	1	1	1	1	1	1	1	1	1	1	1	1	1	1	1	1	1	1	1	1	1	1	1	1	1	1	1	0.010512669371610994	1	1	1	1	1	1	0.02701353665985584	1	0.028721240876487197	1	1	1	1	1	1
PID_ER_NONGENOMIC_PATHWAY	1	1	1	1	1	1	1	1	1	1	1	1	1	1	1	1	1	1	1	1	1	1	1	1	1	0.023265745443870833	1	0.03678823768640216	0.008521347398747214	0.03349826530277189	1	1	0.02438955200015791	1	1	1	1	1	1	1	1	1	1	1	1	1	1	1	1	1	1	1
PID_HEDGEHOG_GLI_PATHWAY	1	1	1	1	1	1	0.011608027230135431	1	1	0.031123005110379687	1	1	1	1	1	1	1	1	1	1	1	1	1	1	1	1	1	1	1	1	1	1	1	1	1	1	1	1	1	1	1	1	1	1	1	1	1	1	1	1	1	1
PID_HIF2PATHWAY	1	1	1	1	1	1	1	1	1	1	1	1	0.004725799440389089	1	1	1	1	1	1	1	1	1	1	1	1	0.017118248300801553	1	1	1	1	1	1	1	1	1	1	1	1	1	1	1	1	1	1	1	1	1	1	1	1	1	1
PID_HNF3B_PATHWAY	1	1	0.004352903014594678	0.0007283846730945509	1	1	1	1	0.037667693132873215	0.02761828641541153	1	1	1	1	1	1	1	1	1	1	1	1	1	1	0.039978847150688	0.02897674122825067	1	0.04557457833812606	1	0.04154901194701577	1	1	1	1	1	1	1	1	1	0.02370539339826605	1	1	0.03177242544242764	1	1	1	0.004352903014594678	1	1	1	1	1
PID_IFNG_PATHWAY	1	1	1	1	1	1	1	1	1	1	1	1	1	1	1	1	1	1	1	1	1	1	1	1	1	1	1	0.03678823768640216	1	0.03349826530277189	1	0.01079313863684761	0.02438955200015791	1	1	1	1	1	1	1	1	1	0.02553532378802914	1	1	1	1	1	1	1	1	1
PID_IL12_2PATHWAY	1	1	1	1	1	1	1	1	1	1	1	1	1	1	1	1	1	1	1	1	1	1	1	1	1	1	1	0.08021025051324049	1	0.07342198283076051	1	1	1	1	1	1	1	1	1	1	1	1	1	1	1	1	1	1	1	1	1	1
PID_INTEGRIN2_PATHWAY	1	1	1	1	1	1	1	1	1	1	1	1	1	1	1	1	1	1	1	1	1	1	1	1	0.01762590132923425	1	1	1	1	1	1	1	1	1	1	1	1	1	1	1	1	1	1	1	1	1	1	1	1	1	1	1
PID_KIT_PATHWAY	1	1	1	1	1	1	1	1	1	1	1	1	1	1	1	1	1	1	1	1	1	1	1	1	1	1	1	1	1	0.053890770328945736	1	1	1	1	1	1	1	1	1	1	1	1	1	1	1	1	1	1	1	1	1	1
PID_LYSOPHOSPHOLIPID_PATHWAY	1	1	1	1	1	1	1	1	1	1	1	1	1	1	1	1	1	1	1	1	1	1	1	1	1	0.05647197616129673	1	0.08696962154988419	0.021507468714385025	0.07966542817739009	1	1	0.059056980525441505	1	1	1	1	1	1	1	1	1	1	1	1	1	1	1	1	1	1	1
PID_NOTCH_PATHWAY	1	1	1	0.022578428282489016	1	1	1	1	1	1	1	1	1	1	1	1	1	1	1	1	1	1	1	1	1	1	1	1	1	1	1	1	1	1	1	1	1	1	1	1	1	1	1	0.06006828930091335	1	0.06367214998723492	1	1	1	1	1	1
PID_P38_MKK3_6PATHWAY	1	1	0.0014663833308843355	0.004657906447474769	1	1	1	1	0.013438827293949962	1	1	1	1	1	1	1	1	1	1	1	1	1	1	0.009000616419442165	1	1	1	0.016411299910859434	1	0.014892551562960876	1	1	1	1	1	1	1	1	1	1	1	1	1	1	1	1	0.0014663833308843355	1	1	1	1	1
PID_P53_DOWNSTREAM_PATHWAY	1	1	0.03617475167193129	1	1	1	1	1	1	1	1	1	1	1	1	1	1	1	1	1	1	1	1	1	1	1	1	0.08576244182130144	1	0.0761361807223786	1	1	0.05044305548152228	1	1	1	1	1	1	1	1	1	1	1	1	1	1	1	1	1	1	1
PID_P73PATHWAY	1	1	1	1	1	1	1	1	1	1	1	1	1	1	1	1	1	1	1	1	1	1	1	1	1	1	1	1	1	1	1	1	0.08291898102479967	1	1	1	1	1	1	0.0658050240618715	1	1	1	1	1	0.017706791754769635	1	1	1	1	1	1
PID_P75_NTR_PATHWAY	1	1	1	1	1	1	1	1	1	1	1	1	1	1	1	1	1	1	1	1	1	1	1	1	1	1	1	0.09389354896301083	1	1	1	1	1	1	1	1	1	1	1	1	1	1	1	1	1	1	1	1	1	1	1	1
PID_PRL_SIGNALING_EVENTS_PATHWAY	1	1	1	1	1	1	1	1	1	1	1	1	1	1	1	1	1	1	1	1	1	1	1	1	1	0.008049858520073117	1	0.012964774360417763	1	1	1	1	1	1	1	1	1	1	1	1	1	1	1	1	1	1	1	1	1	1	1	1
PID_PS1_PATHWAY	1	1	1	1	1	1	1	1	1	0.028767678027472043	1	1	1	1	1	1	1	1	1	1	1	1	1	1	0.041608334104595635	1	1	1	1	0.04323832550272233	1	1	1	1	1	1	1	1	1	0.02469917321270576	1	1	1	0.0036496779844553684	1	1	1	1	1	1	1	1
PID_RAC1_REG_PATHWAY	1	1	1	1	1	1	1	1	1	1	1	1	1	1	1	1	1	1	1	1	1	1	1	1	1	1	1	0.03348030905502786	0.007714113518104804	1	1	1	1	1	1	1	1	1	1	1	1	1	1	1	1	1	1	1	1	1	1	1
PID_RHOA_REG_PATHWAY	1	1	1	1	1	1	1	1	1	1	1	1	1	1	1	1	1	1	1	1	1	1	1	1	1	1	1	0.04741615071600669	0.011158562270270678	1	1	1	1	1	1	1	1	1	1	1	1	1	1	1	1	1	1	1	1	1	1	1
PID_RHODOPSIN_PATHWAY	1	1	1	1	1	1	1	1	1	1	1	1	1	1	1	1	1	1	1	1	1	1	1	1	1	1	1	1	1	0.011756254825604051	1	1	0.008452856779665563	1	1	0.001864349956626321	1	1	1	1	1	1	1	1	1	0.011056555746200014	1	1	1	1	1	1
PID_S1P_S1P2_PATHWAY	1	1	1	1	1	1	1	1	1	1	1	1	1	1	1	1	1	1	1	1	1	1	1	1	1	0.008748250666778867	1	0.014074208908789743	0.00312380325572692	1	1	1	0.009185298970310285	1	1	1	1	1	1	1	1	0.0023698775477102307	1	1	0.006709968484335693	1	1	1	1	1	1	1
PID_S1P_S1P3_PATHWAY	1	1	1	1	1	1	1	1	0.01656810498373118	1	1	1	1	1	1	1	1	1	1	1	1	1	1	1	1	0.012626156595493265	1	0.020202828163758513	1	0.018346752561592905	1	1	1	1	1	1	1	1	1	1	1	1	1	1	1	0.01727015735712889	1	1	1	1	1	1
PID_VEGFR1_2_PATHWAY	1	1	1	1	1	1	1	1	1	1	1	0.012075887349657255	1	1	1	1	1	1	1	1	1	1	1	1	0.08509566048009565	0.06274874758963844	1	0.09623623443963547	1	1	1	1	1	0.005305293184847404	1	1	1	1	1	1	1	1	1	0.07892207585487299	1	1	1	1	1	1	1	1
REACTOME_ABC_TRANSPORTER_DISORDERS	1	1	0.012319065176222721	0.03692268202063431	1	1	1	1	1	1	1	1	1	1	1	1	1	1	1	1	1	1	1	1	1	1	1	1	1	1	1	1	1	1	1	1	1	1	1	1	1	1	0.0827838056691852	1	1	1	1	1	1	1	1	1
REACTOME_ACETYLCHOLINE_BINDING_AND_DOWNSTREAM_EVENTS	1	1	1	0.0013442170424845523	1	1	1	1	0.000105716030779468	0.00284745955803567	1	1	1	1	1	1	1	1	1	1	1	1	1	1	0.004230420549204639	1	1	0.004874250739910546	1	1	1	1	0.003149545529728681	1	1	1	1	1	1	1	1	1	1	0.0038818348436281402	1	1	1	1	1	1	1	1
REACTOME_ACTIVATED_NOTCH1_TRANSMITS_SIGNAL_TO_THE_NUCLEUS	1	1	1	0.006581210897006362	1	1	1	1	1	1	1	1	1	1	1	1	1	1	1	1	1	1	1	1	1	1	1	1	1	1	1	1	1	1	1	1	1	1	1	1	1	1	1	0.01841847347097525	1	0.019602972894451565	1	1	1	1	1	1
REACTOME_ACTIVATION_OF_AMPK_DOWNSTREAM_OF_NMDARS	1	1	1	1	1	1	1	1	1	0.01201533696602386	1	1	1	1	1	1	1	1	1	1	1	1	1	1	1	1	1	1	1	1	1	1	1	1	4.11385504553996e-05	1	1	1	1	0.00047295667738567193	1	1	1	1	1	0.0010503903691654326	1	1	1	1	1	1
REACTOME_ACTIVATION_OF_MATRIX_METALLOPROTEINASES	1	0.009802404632162531	1	1	1	1	1	1	1	1	1	1	1	1	1	1	1	1	1	1	1	1	1	1	1	1	1	1	1	1	1	1	1	1	1	1	1	1	1	1	1	1	1	1	1	1	1	1	1	1	1	1
REACTOME_ACTIVATION_OF_NMDA_RECEPTORS_AND_POSTSYNAPTIC_EVENTS	1	1	1	0.052886494846393184	1	1	1	1	1	1	1	1	1	1	1	1	1	1	1	1	1	1	1	0.095353457906308	1	1	1	1	1	1	1	1	1	1	0.0013610983426129986	1	1	1	1	0.0015451206269601059	1	1	1	1	1	0.02786812487522483	0.017984771249292653	1	1	1	1	1
REACTOME_ACTIVATION_OF_TRKA_RECEPTORS	1	1	1	1	1	1	1	1	1	1	1	1	1	1	1	1	1	1	1	1	1	1	1	1	1	1	1	1	1	1	1	1	1	1	1	1	1	1	1	1	1	1	1	1	0.00038716204172384305	1	1	1	1	1	1	1
REACTOME_ADAPTIVE_IMMUNE_SYSTEM	1	1	1	1	1	1	1	1	1	1	1	1	1	1	1	1	1	1	1	1	1	1	1	1	1	1	1	1	1	1	1	1	1	1	0.04014088377843206	1	1	1	1	1	1	1	1	1	1	1	1	1	1	1	1	1
REACTOME_AGGREPHAGY	1	1	1	1	1	1	1	1	0.03615081982209456	0.026488078157798856	1	1	1	1	1	1	1	0.000385289296716107	1	1	1	1	1	1	0.03837447103590552	1	1	0.04376041287707699	0.01024409035082574	1	1	1	1	1	0.0001455927443317906	1	0.013927320607043048	1	1	0.001619494770710217	1	1	0.03048112323951202	1	0.021529243905464623	0.00024250962985650215	1	1	1	1	1	1
REACTOME_AMINO_ACID_TRANSPORT_ACROSS_THE_PLASMA_MEMBRANE	1	1	1	1	1	1	1	1	1	1	1	1	1	1	1	1	1	1	1	1	1	1	1	1	1	1	1	1	1	1	1	1	1	1	1	1	1	1	1	1	1	1	0.017774594217947026	1	1	0.0220600179141881	1	1	1	1	1	0.003049701945780914
REACTOME_ANCHORING_OF_THE_BASAL_BODY_TO_THE_PLASMA_MEMBRANE	1	1	1	1	1	1	1	1	1	1	1	1	1	1	1	1	1	1	1	1	1	1	1	1	1	1	1	1	1	1	1	1	1	1	0.021646632981194625	1	1	1	1	0.09366548651170015	1	1	1	1	1	1	1	1	1	1	1	1
REACTOME_ANTI_INFLAMMATORY_RESPONSE_FAVOURING_LEISHMANIA_PARASITE_INFECTION	1	1	1	1	0.001509560516795183	0.025822403404898386	1	1	1	1	1	1	1	1	1	1	0.007441757366707713	1	1	1	1	1	1	1	1	1	1	1	1	1	1	1	1	1	1	1	1	1	1	1	1	1	1	1	1	1	0.012581771728849	1	1	1	1	1
REACTOME_ASPARAGINE_N_LINKED_GLYCOSYLATION	1	1	1	1	1	1	1	1	1	1	1	1	1	1	1	1	1	0.01721335321683448	1	1	1	1	1	1	1	1	1	1	1	1	1	1	1	1	0.005379323307456163	1	1	1	1	0.07847594488987686	1	1	1	1	1	0.061853956645228525	1	1	1	1	1	1
REACTOME_ASSEMBLY_AND_CELL_SURFACE_PRESENTATION_OF_NMDA_RECEPTORS	1	1	1	0.012959747365479557	1	1	1	1	0.03615081982209456	0.026488078157798856	1	1	1	1	1	1	1	1	1	1	1	1	1	0.024578505298727293	1	1	1	0.04376041287707699	1	1	1	1	1	1	0.0001455927443317906	1	1	1	1	8.393171019338563e-05	1	1	0.03048112323951202	1	1	0.0035308224886607675	0.004165094442550643	1	1	1	1	1
REACTOME_AURKA_ACTIVATION_BY_TPX2	1	1	1	1	1	1	1	1	1	1	1	1	1	1	1	1	1	1	1	1	1	1	1	1	1	1	1	1	1	1	1	1	1	1	0.012322146311999127	1	1	1	1	0.05588467386411322	1	1	1	1	1	0.08982547047331835	1	1	1	1	1	1
REACTOME_AUTOPHAGY	1	1	1	1	1	1	1	1	1	1	1	1	1	1	1	1	1	0.0044409767057678184	1	1	1	1	1	1	1	1	1	1	0.09715981835188825	1	1	1	1	1	0.005218536874163626	1	1	1	1	0.0460948311577577	1	1	1	1	1	0.021173417964289065	1	1	1	1	1	1
REACTOME_BETA_CATENIN_INDEPENDENT_WNT_SIGNALING	1	1	1	1	1	1	1	1	0.0778328742892822	1	1	1	1	1	1	1	1	1	1	1	1	1	1	1	1	1	1	1	1	0.08820848844556584	1	1	0.05885171541718359	1	1	0.06293407266542239	1	1	1	1	1	1	1	1	1	0.08191521350881192	1	1	1	1	1	1
REACTOME_BILE_ACID_AND_BILE_SALT_METABOLISM	1	1	1	1	1	1	1	1	1	1	1	1	1	1	1	1	1	1	1	1	1	1	1	1	1	1	1	1	1	1	1	1	1	1	1	1	1	1	1	1	1	1	1	0.03395730125759111	0.02061835018272029	1	1	1	1	1	1	1
REACTOME_BINDING_AND_UPTAKE_OF_LIGANDS_BY_SCAVENGER_RECEPTORS	1	0.0731990870587006	1	1	1	1	1	1	1	1	1	1	1	1	1	1	1	1	1	1	1	1	1	1	1	1	1	1	1	1	1	1	1	1	1	1	1	1	1	1	1	1	1	1	1	1	1	1	1	1	1	1
REACTOME_BIOLOGICAL_OXIDATIONS	1	1	1	1	1	1	1	1	1	1	1	1	0.029050974762126147	1	1	1	1	1	1	1	1	1	0.05109553601273542	1	1	1	1	1	1	1	1	1	1	0.04757487982045805	1	1	1	0.0222497657019729	1	1	1	1	1	1	1	1	1	1	1	1	1	1
REACTOME_CA2_PATHWAY	1	1	1	1	1	1	1	1	0.008678006794014537	0.049567737438820814	1	1	1	1	1	1	1	1	1	1	1	1	1	1	0.07076209394034061	0.05192047092838914	1	0.08021025051324049	1	0.010056756547278	1	1	0.006273344077993959	1	1	0.013011391963987262	1	1	1	1	1	1	0.056743455914182284	1	0.04057046743637649	0.009215167051583206	1	1	1	1	1	1
REACTOME_CARBOXYTERMINAL_POST_TRANSLATIONAL_MODIFICATIONS_OF_TUBULIN	1	1	1	1	1	1	1	1	1	0.0253773076169187	1	1	1	1	1	1	1	1	1	1	1	1	1	1	1	1	1	1	1	1	1	1	1	1	0.00013588181300827618	1	1	1	1	0.0015147972795629405	1	1	1	1	1	0.0033066193130343313	1	1	1	1	1	1
REACTOME_CARDIAC_CONDUCTION	1	1	0.0032817189869769336	0.01669890113008854	1	1	1	1	0.06702519128092832	1	1	1	1	1	1	1	1	1	1	1	1	0.014679204162954984	1	1	0.0724285688013917	0.0474005377807849	1	0.08576244182130144	1	0.017102774911414764	1	0.01669890113008854	1	1	1	1	1	1	1	0.03618170144036592	1	1	0.010411100941306595	1	1	1	1	1	1	1	0.002964548760229113	1
REACTOME_CELLULAR_RESPONSES_TO_EXTERNAL_STIMULI	1	1	1	1	1	1	1	1	1	1	1	1	1	1	1	1	1	0.06242577182722431	1	0.0897472080452909	1	1	1	1	1	1	1	1	1	1	1	1	1	1	1	1	1	1	1	1	1	1	1	1	1	1	1	1	1	1	1	1
REACTOME_CELL_CELL_COMMUNICATION	1	0.021255774215964363	0.03286727798049427	0.0016880144657929197	1	1	1	1	1	1	1	0.03939585202016349	1	1	1	1	1	1	1	1	1	1	0.08687966725798424	1	1	1	1	0.07594465367027725	0.07526431054591387	1	1	0.09287653999683454	0.04434451478787149	1	1	1	1	1	1	1	1	0.05889953731129016	1	0.05756584138809129	1	1	1	1	1	1	1	1
REACTOME_CELL_CELL_JUNCTION_ORGANIZATION	1	1	1	0.02704090492986455	1	1	1	1	1	1	1	1	1	1	1	1	1	1	1	1	1	1	1	1	1	1	1	0.08696962154988419	0.021507468714385025	1	1	1	0.059056980525441505	1	1	1	1	1	1	1	1	0.016517056338470004	1	0.07117565732160103	1	1	1	1	1	1	1	1
REACTOME_CELL_CYCLE	1	1	1	1	1	1	1	1	1	1	1	1	1	1	1	1	1	0.07755768628894932	0.04088874288755395	1	1	1	1	1	1	1	1	1	1	1	1	1	1	1	1	1	1	1	1	1	1	1	1	1	1	1	1	1	1	1	1	1
REACTOME_CELL_CYCLE_MITOTIC	1	1	1	1	1	1	1	1	1	1	1	1	1	1	1	1	1	0.05325219460448283	1	1	1	1	1	1	1	1	1	1	1	1	1	1	1	1	1	1	1	1	1	1	1	1	1	1	1	1	1	1	1	1	1	1
REACTOME_CELL_JUNCTION_ORGANIZATION	1	1	1	0.050898645786427665	1	1	1	1	1	1	1	1	1	1	1	1	1	1	1	1	1	1	1	1	1	1	1	1	0.04080235131822685	1	1	1	1	1	1	1	1	1	1	1	1	0.03158350326651593	1	1	1	1	1	1	1	1	1	1
REACTOME_CELL_SURFACE_INTERACTIONS_AT_THE_VASCULAR_WALL	1	1	1	1	1	1	1	1	1	1	1	0.07999598446694622	1	1	1	1	1	1	1	1	1	1	1	1	1	1	1	1	1	1	1	1	1	1	1	1	1	1	1	1	1	1	1	1	1	1	1	1	1	1	1	1
REACTOME_CILIUM_ASSEMBLY	1	1	1	1	1	1	1	1	1	1	1	1	1	1	1	1	1	1	1	1	1	1	1	1	1	1	1	1	1	1	1	1	1	1	0.011585262830941523	1	1	1	1	0.0919775514201856	1	1	1	1	1	1	1	1	1	1	1	1
REACTOME_CLASS_A_1_RHODOPSIN_LIKE_RECEPTORS_	1	1	1	1	1	1	1	0.04652512724381985	1	1	0.016772674217059302	1	0.017281965190745874	1	0.040534953823540665	1	1	1	1	1	1	0.0733057938280911	0.007998765101863703	1	0.0834983506596495	1	1	1	1	1	1	1	1	0.09586988166918897	1	1	1	1	1	1	1	1	1	1	0.027427047828504914	1	1	1	1	1	1	1
REACTOME_CLASS_B_2_SECRETIN_FAMILY_RECEPTORS_	1	0.0680865649470006	1	1	1	1	1	1	1	1	1	1	1	1	1	1	1	1	1	1	1	1	1	1	1	1	1	1	1	1	1	1	1	1	1	1	1	1	1	1	1	1	1	1	1	1	1	1	1	1	1	0.022963803486918066
REACTOME_COLLAGEN_DEGRADATION	1	0.003056406841787207	1	1	1	1	1	1	1	1	1	1	1	1	1	1	1	1	1	1	1	1	1	0.04881958478178017	1	0.05493956705188441	1	0.08469767465329414	1	1	1	1	0.0574599050123592	1	1	1	1	1	1	1	1	1	0.06002008321711394	0.0692804420476607	0.04297080907082629	0.07338481219761861	0.00863851591632947	1	1	1	1	1
REACTOME_COOPERATION_OF_PDCL_PHLP1_AND_TRIC_CCT_IN_G_PROTEIN_BETA_FOLDING	1	0.01557252243688445	1	1	1	1	0.008975661812250624	1	0.033190943718686805	0.001792646752163285	1	1	1	1	1	1	1	1	1	1	1	1	1	1	1	0.025488253726309473	1	1	1	0.0033849240853047746	1	1	0.0020766868162573893	1	1	0.006135919221455954	1	1	1	0.02082707843863585	1	1	0.002228611331207664	1	0.01972415376871761	0.00309138809138243	1	1	1	1	1	0.004903776313557318
REACTOME_COOPERATION_OF_PREFOLDIN_AND_TRIC_CCT_IN_ACTIN_AND_TUBULIN_FOLDING	1	1	1	1	1	1	1	1	1	0.015396252544175093	1	1	1	1	1	1	1	1	1	1	1	1	1	1	1	1	1	1	1	1	1	1	1	1	6.103677351321224e-05	1	1	1	1	0.0006955607985316137	1	1	1	1	1	0.0015371473348461118	1	1	1	1	1	1
REACTOME_COPI_DEPENDENT_GOLGI_TO_ER_RETROGRADE_TRAFFIC	1	0.07580088227624171	1	0.05901297760120894	1	1	1	1	1	0.019913681920813886	1	1	1	1	1	1	1	1	1	1	1	1	1	1	1	1	1	1	1	1	1	1	1	1	0.0016263746559370684	1	1	1	1	0.0019400651389946955	1	1	1	1	1	0.0326383096030054	1	1	1	1	1	1
REACTOME_COPI_INDEPENDENT_GOLGI_TO_ER_RETROGRADE_TRAFFIC	1	1	1	1	1	1	1	1	0.05063776330975167	0.03732965019294243	1	1	1	1	1	1	1	0.0005594505786991055	1	1	1	1	1	1	0.05368271267469149	1	1	0.06103244606362135	0.014629309574590188	1	1	1	1	1	0.00025386701226215447	1	0.019818722193274074	1	1	0.0027687251829426884	1	1	0.04284471122964395	1	0.03044772831078313	0.0004986973952645357	1	1	1	1	1	1
REACTOME_COPI_MEDIATED_ANTEROGRADE_TRANSPORT	1	1	1	1	1	1	1	1	1	1	1	1	1	1	1	1	1	0.0020552758118880243	1	1	1	1	1	1	1	1	1	1	0.04912739630932972	1	1	1	1	1	0.0017214879207991807	1	0.06530188808510384	1	1	0.01688073721595451	1	1	1	1	0.09708000755432322	0.00558679531855788	1	1	1	1	1	1
REACTOME_CRMPS_IN_SEMA3A_SIGNALING	0.0004751776377169836	1	1	1	1	1	1	1	1	1	1	1	1	1	1	1	1	1	1	1	1	1	1	1	1	1	1	1	1	1	1	1	1	1	1	1	1	1	1	1	1	1	1	0.005074283337566765	1	1	1	1	1	1	1	1
REACTOME_CYTOKINE_SIGNALING_IN_IMMUNE_SYSTEM	1	1	1	1	1	1	1	1	1	1	1	1	1	1	1	1	1	1	1	1	1	1	1	1	1	1	1	1	1	1	1	1	1	1	1	1	1	1	1	1	0.039119486787233315	1	1	1	1	1	1	1	1	1	1	1
REACTOME_DECTIN_2_FAMILY	1	0.0061578226947265335	1	1	1	1	1	1	1	1	1	1	1	1	1	1	1	1	1	1	1	1	1	0.009000616419442165	1	1	1	1	1	1	1	1	1	1	1	1	1	1	1	1	1	1	1	0.013156002178548842	1	1	1	1	1	1	1	1
REACTOME_DEGRADATION_OF_THE_EXTRACELLULAR_MATRIX	1	0.02576194819906852	1	1	1	1	1	1	1	1	1	1	1	1	1	1	1	1	1	1	1	1	1	1	1	1	1	1	1	1	1	1	1	1	1	1	1	1	1	1	1	1	1	1	1	1	0.037630457233743364	1	1	1	1	1
REACTOME_DEVELOPMENTAL_BIOLOGY	1	1	1	1	1	1	1	1	1	1	1	1	1	1	1	1	1	0.004757176522352857	1	1	0.07695328822246927	1	1	0.09246936585759424	1	1	1	1	1	1	1	1	1	1	1	1	1	1	1	0.015078103870437398	1	1	1	1	1	1	1	1	1	1	1	1
REACTOME_DISEASE	1	1	0.050859129155572	0.00083294616132501	0.019311982316991716	1	1	0.07671369297133146	1	1	1	1	1	1	1	1	0.06036997923081966	1	1	1	1	1	1	1	1	1	1	1	1	1	1	0.08625640001531965	1	1	1	1	1	1	0.08271307933150629	1	1	1	1	0.06195887606171224	1	0.04449850740548633	0.050859129155572	1	0.025896163675033224	1	1	1
REACTOME_DISEASES_ASSOCIATED_WITH_GLYCOSAMINOGLYCAN_METABOLISM	1	1	1	1	1	1	0.008566700585773912	1	1	1	1	1	1	1	1	1	1	1	1	1	1	1	1	1	1	1	1	0.038487551205688586	0.008938596570119084	1	1	0.011318258891849786	1	1	1	1	1	1	1	1	1	1	1	0.0311034504771055	1	1	1	1	1	1	1	1
REACTOME_DISEASES_ASSOCIATED_WITH_O_GLYCOSYLATION_OF_PROTEINS	1	1	1	1	1	1	1	1	0.0784565421320198	0.05842006769841346	1	1	1	1	1	1	1	1	1	1	1	1	1	1	0.012202334008098448	0.06115793015306559	1	0.09389354896301083	1	1	1	0.029394953128842882	1	1	1	1	1	1	1	1	1	1	1	0.07696124613219368	1	1	1	1	1	1	1	1
REACTOME_DISEASES_OF_GLYCOSYLATION	1	1	1	1	1	1	0.08534817677922435	1	0.07414896036561003	0.04939286872311388	1	1	1	1	1	1	1	1	1	1	1	1	1	1	0.01835979037271429	0.05263572688261253	1	0.02328049067673965	0.013459534831527176	1	1	0.0023904978917459463	1	1	1	1	1	1	1	1	1	1	1	0.015866903553946154	1	1	1	1	1	1	1	1
REACTOME_DISEASES_OF_METABOLISM	1	1	1	0.07262459359311069	1	1	1	1	1	0.053374827387463575	1	1	1	1	1	1	1	1	1	1	1	1	1	1	0.029858496782998234	0.05769342387563192	1	0.010966065817736514	0.010413118183876247	1	1	0.0027497380187621046	0.06219369922681883	1	1	1	1	1	1	1	1	1	1	0.0013499143585613549	1	0.09289107905405114	1	1	1	1	1	1
REACTOME_DISEASES_OF_SIGNAL_TRANSDUCTION_BY_GROWTH_FACTOR_RECEPTORS_AND_SECOND_MESSENGERS	1	1	1	0.06508316053107221	1	1	1	1	1	1	1	1	1	1	1	1	1	1	1	1	1	1	1	1	1	1	1	1	1	1	1	1	1	1	1	1	1	1	1	1	1	1	1	1	1	1	1	1	1	1	1	1
REACTOME_DISORDERS_OF_TRANSMEMBRANE_TRANSPORTERS	1	1	0.056755383088462286	1	1	1	1	1	1	1	1	1	1	1	1	1	1	1	1	1	1	1	1	1	1	1	1	1	1	1	1	1	1	1	1	1	1	1	1	1	1	1	1	1	1	1	1	1	1	1	1	1
REACTOME_EPH_EPHRIN_MEDIATED_REPULSION_OF_CELLS	1	1	1	1	1	1	1	1	1	1	1	1	1	1	1	1	1	1	1	1	1	1	1	0.03231831750313019	1	1	1	1	1	0.05205603625470112	1	1	1	1	1	1	0.018432740028101913	1	1	1	1	1	1	1	1	1	1	1	1	1	1	1
REACTOME_EPH_EPHRIN_SIGNALING	1	1	1	1	1	1	1	1	1	1	1	1	1	1	1	1	1	1	1	1	1	1	1	0.0919516139736678	1	1	1	1	1	1	1	1	1	1	1	1	0.05444403138977272	1	1	1	1	1	1	1	1	1	1	1	1	1	1	1
REACTOME_ER_TO_GOLGI_ANTEROGRADE_TRANSPORT	1	1	1	1	1	1	1	1	0.08935470385770228	0.06004257111730227	1	1	0.08000828706923557	1	1	1	1	0.0046735527610447525	1	1	1	1	1	1	0.09629096893119704	1	1	1	1	1	1	1	1	1	0.00044977005488300303	1	0.02547199352684637	1	1	0.009208024327756692	1	0.08000828706923557	0.07196249865602478	1	1	0.004536670016236477	1	1	1	1	0.042439009095837754	1
REACTOME_EXTRACELLULAR_MATRIX_ORGANIZATION	1	0.011722261896140673	1	1	1	1	1	1	1	1	1	1	1	1	1	1	1	1	1	1	1	0.06239369832349717	1	0.025435433740645275	1	1	1	1	1	1	1	1	1	1	1	1	1	1	1	1	1	1	1	1	1	1	0.027703896102949765	1	1	1	1	1
REACTOME_EXTRA_NUCLEAR_ESTROGEN_SIGNALING	1	0.04563684137536217	1	1	1	1	1	1	1	1	1	1	1	1	1	1	1	1	1	1	1	1	1	1	1	0.0725811918066177	1	1	1	1	1	1	0.07583166892169735	1	1	1	1	1	1	0.06006687241268194	1	1	1	1	1	1	1	1	1	1	1	1
REACTOME_FACTORS_INVOLVED_IN_MEGAKARYOCYTE_DEVELOPMENT_AND_PLATELET_PRODUCTION	1	1	1	1	1	1	1	0.013558847325555012	1	0.07473556794350888	1	1	1	1	1	1	1	1	1	1	1	1	1	1	1	1	1	1	1	1	1	1	1	1	0.007242704822031265	1	1	1	1	0.012604179257905135	1	1	1	1	1	1	0.053367296881785764	1	1	1	1	1
REACTOME_FCGAMMA_RECEPTOR_FCGR_DEPENDENT_PHAGOCYTOSIS	1	1	1	1	1	1	1	1	1	1	1	1	1	1	1	1	1	1	1	1	1	1	1	1	1	1	1	1	1	1	1	1	1	1	1	1	1	1	1	1	1	1	1	1	1	1	0.03910860176508202	1	1	1	1	1
REACTOME_FCGR3A_MEDIATED_IL10_SYNTHESIS	1	1	1	1	1	1	1	1	1	1	1	1	1	1	1	1	1	1	1	1	1	1	1	1	1	1	1	1	1	1	1	1	1	1	1	1	1	1	1	1	1	1	1	1	1	1	0.018346752561510415	1	1	1	1	1
REACTOME_FORMATION_OF_TUBULIN_FOLDING_INTERMEDIATES_BY_CCT_TRIC	1	1	1	1	1	1	1	1	1	0.00972572896081425	1	1	1	1	1	1	1	1	1	1	1	1	1	1	1	1	1	1	1	1	1	1	1	1	2.941214741725151e-05	1	1	1	1	0.00034038759673971075	1	1	1	1	1	0.0007587838179063944	1	1	1	1	1	1
REACTOME_GABA_B_RECEPTOR_ACTIVATION	1	1	1	1	1	1	1	1	1	1	1	1	1	1	1	1	1	1	1	1	1	1	1	1	1	0.026630730250705836	1	1	1	0.03824817266297331	1	1	1	1	1	1	1	1	1	0.021769140924136954	1	1	0.0292114468523178	1	0.02061835018272029	0.03607764632702848	1	1	1	1	1	1
REACTOME_GABA_RECEPTOR_ACTIVATION	1	1	1	1	1	1	1	1	1	1	1	1	1	1	1	1	1	1	1	1	1	1	1	1	1	0.048963875618354025	1	1	1	0.06935307808187607	1	1	1	1	1	1	1	1	1	0.04029010813574385	1	1	0.053532694414694326	1	0.03822341266433038	0.065577342686019	1	1	1	1	1	1
REACTOME_GAP_JUNCTION_ASSEMBLY	1	1	1	1	1	1	1	1	1	0.020124080351682117	1	1	1	1	1	1	1	1	1	1	1	1	1	1	1	1	1	1	1	1	1	1	1	1	9.362682155011903e-05	1	1	1	1	0.0010552728958241886	1	1	1	1	1	0.002317746458832759	1	1	1	1	1	1
REACTOME_GAP_JUNCTION_TRAFFICKING_AND_REGULATION	1	1	1	1	1	1	1	1	1	0.034793638959941475	1	1	1	1	1	1	1	1	1	1	1	1	1	1	1	1	1	1	1	1	1	1	1	1	0.00022639843574778773	1	1	1	1	0.002479981613710769	1	1	1	1	1	0.005360684226759949	1	1	1	1	1	1
REACTOME_GLUTAMATE_NEUROTRANSMITTER_RELEASE_CYCLE	1	0.0052599756365512285	1	1	1	1	1	1	1	1	1	1	1	1	1	1	1	1	1	1	1	1	1	1	0.012257820056044588	1	1	0.014074208908789743	1	0.012765432152824552	1	1	1	1	1	1	0.004280895437043908	1	1	1	1	1	0.00963198032999335	1	1	1	1	1	1	1	1	1
REACTOME_GLYCOSAMINOGLYCAN_METABOLISM	1	1	1	1	1	1	0.06672780063050854	1	1	1	1	1	1	1	1	1	1	1	1	1	1	1	1	1	1	1	1	1	0.06934463625776899	1	1	0.08571660069427423	1	1	1	1	1	1	1	1	1	1	1	1	1	1	1	1	1	1	1	1
REACTOME_GOLGI_TO_ER_RETROGRADE_TRANSPORT	1	1	1	0.09774449635603011	1	1	0.07634191380153632	1	1	0.042079972530173704	1	1	1	1	1	1	1	0.0035154629576055196	1	1	1	1	1	1	1	1	1	0.08149058303307233	0.07929829470407346	1	1	1	1	1	0.0037368208049851637	1	1	1	1	0.0055532266907450945	1	1	0.05076746704689983	1	1	0.014274901319351385	1	1	1	1	1	1
REACTOME_GPCR_LIGAND_BINDING	1	0.058804999956358905	0.07998180995325088	1	1	1	1	0.08462527558143629	1	1	0.006616706432565844	1	0.050581964188350925	1	0.0742072837757084	1	1	1	1	1	1	1	0.030181998314227187	1	1	0.05580336306445721	1	1	1	1	1	1	1	1	1	1	1	1	1	0.09882431214387943	1	1	0.067877748041695	1	0.009579294716314135	1	1	1	1	1	1	1
REACTOME_G_ALPHA_I_SIGNALLING_EVENTS	0.04808285568682058	0.03589771949089038	0.0016785633823369617	0.02077262518322265	1	1	0.002321400240985483	1	0.0004083985999127071	0.002167924221717854	1	1	1	1	0.05809421684782268	1	1	1	1	1	1	1	0.0039860248638476925	0.00677390699031144	0.023556368187499732	0.0025573582404345707	1	0.011401032827758839	1	0.000146495819121073	1	0.02077262518322265	0.0001540442361566141	1	1	0.005046637731626169	0.005851069351079374	1	1	0.0012716596176708395	1	1	0.012532430450278076	0.05465354160432756	0.004587218239433533	0.00010943905334381832	0.05747028687148492	1	1	1	1	0.07859169285430667
REACTOME_G_ALPHA_Q_SIGNALLING_EVENTS	1	1	1	1	1	0.02433414331932693	1	1	0.016028464547765853	1	1	1	1	1	1	1	1	1	1	1	1	1	0.008925563444244	1	0.06620072626076245	1	1	1	1	1	1	1	0.042105045332497815	0.0456572141300603	1	1	1	1	1	1	1	1	1	1	0.02517408013453193	1	1	1	1	1	1	1
REACTOME_G_ALPHA_Z_SIGNALLING_EVENTS	1	0.020050328482451807	1	1	1	1	1	1	0.004249576679225542	1	1	1	1	1	1	1	1	1	1	1	1	1	1	1	0.04494094458329689	0.032644316155788444	1	1	1	0.0466924972768592	1	1	0.03419447301222622	1	1	1	0.016435055487141303	1	1	1	1	1	1	1	1	0.044074654101312616	1	1	1	1	1	1
REACTOME_G_PROTEIN_ACTIVATION	1	1	1	1	1	1	1	1	0.015493445328300215	0.011228213381673124	1	1	1	1	1	1	1	1	1	1	1	1	1	1	1	0.011800186611486851	1	1	1	0.017160951681120418	1	1	0.012384789528894324	1	1	1	1	1	1	1	1	1	0.012981912856087074	1	0.009068827200661711	0.016151552740162556	1	1	1	1	1	1
REACTOME_G_PROTEIN_MEDIATED_EVENTS	1	1	1	1	1	1	1	1	0.05235775302948542	1	1	1	1	1	1	1	1	1	1	1	1	1	1	1	1	1	1	0.06307540515819854	1	0.05762804709500924	1	1	0.04238604145223657	1	1	1	1	1	1	1	1	1	0.04431701622781692	1	1	1	1	1	1	1	1	1
REACTOME_HCMV_EARLY_EVENTS	1	1	1	1	1	1	1	1	1	1	1	1	1	1	1	1	1	0.003724005424614929	1	1	1	1	1	1	1	1	1	1	0.08339927226565425	1	1	1	1	1	0.0040584650459916105	1	1	1	1	0.03684892062567413	1	1	1	1	1	0.01574610704390067	1	1	1	1	1	1
REACTOME_HCMV_INFECTION	1	1	1	1	1	1	1	1	1	1	1	1	1	1	1	1	1	0.005093992858233198	1	1	1	1	1	1	1	1	1	1	1	1	1	1	1	1	0.0063416885140037405	1	1	1	1	0.05473130178729235	1	1	1	1	1	0.026564306984104502	1	1	1	1	1	1
REACTOME_HEDGEHOG_OFF_STATE	1	1	1	1	1	1	1	1	1	1	1	1	1	1	1	1	1	1	1	1	1	1	1	1	1	1	1	1	1	1	1	1	1	1	0.0023069147004229906	1	1	1	1	0.022093220589210927	1	1	1	1	1	0.044335220764496475	1	1	1	1	1	1
REACTOME_HEMOSTASIS	1	0.08655955578236318	1	1	1	1	1	1	1	0.09481570582262133	1	1	1	1	1	1	1	1	1	1	1	1	1	0.08031874296467978	1	1	1	1	1	1	1	1	1	1	1	1	1	1	1	0.06719948311476232	1	1	1	1	1	1	0.059171141540623196	1	1	1	1	1
REACTOME_HIGHLY_CALCIUM_PERMEABLE_NICOTINIC_ACETYLCHOLINE_RECEPTORS	1	1	1	0.0005385297611479878	1	1	1	1	2.50069010466758e-05	0.0011476819844478126	1	1	1	1	1	1	1	1	1	1	1	1	1	1	0.0017123930267739507	1	1	0.0019764751252976387	1	1	1	1	0.0012707167916703455	1	1	1	1	1	1	1	1	1	1	0.0015697137720354082	1	1	1	1	1	1	1	1
REACTOME_HIGHLY_CALCIUM_PERMEABLE_POSTSYNAPTIC_NICOTINIC_ACETYLCHOLINE_RECEPTORS	1	1	1	0.0008186105959431256	1	1	1	1	4.8636952692304725e-05	0.001740357862094033	1	1	1	1	1	1	1	1	1	1	1	1	1	1	0.0025922504159737736	1	1	0.0029899152926256	1	1	1	1	0.0019261529528353805	1	1	1	1	1	1	1	1	1	1	0.0023772171798067676	1	1	1	1	1	1	1	1
REACTOME_HIGHLY_SODIUM_PERMEABLE_POSTSYNAPTIC_ACETYLCHOLINE_NICOTINIC_RECEPTORS	1	1	1	0.00031573316931432505	1	1	1	1	0.0009445017586585669	1	1	1	1	1	1	1	1	1	1	1	1	1	1	1	1	1	1	1	1	1	1	1	0.0007471138403125632	1	1	1	1	1	1	1	1	1	1	1	1	1	1	1	1	1	1	1
REACTOME_HSF1_DEPENDENT_TRANSACTIVATION	1	1	1	1	1	1	1	1	0.027578006898789642	1	1	1	1	1	1	1	1	1	1	1	1	1	1	0.018656846610136446	1	1	1	0.03348030905502786	1	1	1	1	0.022153278578461166	1	1	1	1	1	1	1	1	1	0.02319853368939584	1	1	1	1	1	1	1	1	1
REACTOME_HSP90_CHAPERONE_CYCLE_FOR_STEROID_HORMONE_RECEPTORS_SHR_	0.006001817777985252	1	1	1	1	1	1	1	0.006879647127303823	0.004295575754109104	1	1	1	1	1	1	1	0.0006470391018408295	1	0.000983058111243107	1	1	0.019661440298885613	0.03960984585050786	0.0610716724324758	1	1	0.009186492105750288	0.0010163481321705525	1	1	1	1	1	0.0003150810062110265	1	0.0227172980085657	1	1	0.003406408410337236	1	1	0.005313558340991453	0.05651260192062968	0.003137703978899231	4.639909249704033e-05	1	1	1	1	1	1
REACTOME_INFECTIOUS_DISEASE	1	1	1	1	0.010839499734045077	1	1	1	1	1	1	1	1	1	0.049097891685252915	1	0.09249319232587516	1	1	1	1	1	1	1	1	1	1	1	1	1	1	1	1	1	1	1	1	1	1	1	1	1	1	1	1	1	1	1	0.05404877202910563	1	1	1
REACTOME_INSULIN_PROCESSING	1	1	1	1	1	1	1	1	1	1	1	1	0.0029966152076614794	1	1	1	1	1	1	1	1	1	0.004647376190749175	1	1	1	1	1	1	1	1	1	1	1	1	0.0025683316949096646	1	1	1	1	1	1	0.012102990338895836	1	0.008448967795028461	1	1	1	1	1	1	1
REACTOME_INTEGRATION_OF_ENERGY_METABOLISM	1	0.013009118012440202	0.0016678469112182404	0.06754218085414276	1	1	1	1	0.037494824976806784	0.024338738637414314	1	1	1	1	1	1	1	1	1	1	1	1	0.06305028898521581	1	0.04070264476457841	0.026033363857398295	1	1	1	1	1	1	1	1	1	1	1	1	1	0.01962691595616939	1	1	0.004547198071799596	1	1	1	0.023329157401191347	1	1	1	0.021835273919766696	0.029706166279662938
REACTOME_INTEGRIN_CELL_SURFACE_INTERACTIONS	1	0.05705520284595833	1	1	1	1	1	1	1	1	1	1	1	1	1	1	1	1	1	1	1	1	1	0.08034618318800613	1	0.08996999195115563	1	1	1	1	1	1	1	1	1	1	1	1	1	1	1	1	1	1	1	1	1	1	1	1	1	1
REACTOME_INTERACTION_BETWEEN_L1_AND_ANKYRINS	1	1	1	1	1	1	1	1	0.01880979110163372	1	1	1	1	1	1	1	1	1	1	1	1	1	1	1	1	1	1	1	1	1	1	1	1	1	1	1	1	1	1	1	1	1	1	1	1	1	1	1	1	1	1	1
REACTOME_INTERFERON_GAMMA_SIGNALING	1	1	1	1	1	1	1	1	1	1	1	1	1	1	1	1	1	1	1	1	1	1	1	1	1	1	1	1	1	1	1	0.05188909738839609	1	1	1	1	1	1	1	1	1	1	1	1	1	1	1	1	1	1	1	1
REACTOME_INTRAFLAGELLAR_TRANSPORT	1	1	1	1	1	1	1	1	1	0.038623614857141275	1	1	1	1	1	1	1	1	1	1	1	1	1	1	1	1	1	1	1	1	1	1	1	1	0.0002683735725260705	1	1	1	1	0.0029205395081499663	1	1	1	1	1	0.006289894970037402	1	1	1	1	1	1
REACTOME_INTRA_GOLGI_AND_RETROGRADE_GOLGI_TO_ER_TRAFFIC	1	1	1	1	1	1	1	1	1	1	1	1	1	1	1	1	1	0.007893203816969452	1	1	1	1	1	1	1	1	1	1	1	1	1	1	1	1	0.011740520789246034	1	1	1	1	0.022648645758454267	1	1	1	1	1	0.05339396486414649	1	1	1	1	1	1
REACTOME_INWARDLY_RECTIFYING_K_CHANNELS	1	0.010982271078217587	5.9547399048454075e-05	0.008337031743671619	1	1	1	1	0.023649856334013397	0.01722216816165123	1	1	1	1	1	1	1	1	1	1	1	1	1	0.015959445616602674	0.025137568399862698	0.0011342857824816477	1	0.028753473387431283	1	0.002001191434941929	1	1	1	1	1	0.004292806549576422	1	1	1	0.0008280877597626191	1	1	6.258765403488464e-05	1	0.01394861033356154	0.02463746907283293	0.0026519363641422933	1	1	1	1	0.0034259821639244237
REACTOME_ION_HOMEOSTASIS	1	1	0.006215517423618255	0.019120376230570058	1	1	1	1	1	1	1	1	1	1	1	1	1	1	1	1	1	1	1	1	1	1	1	0.06307540515819854	1	1	1	1	1	1	1	1	1	1	1	0.033238666506823056	1	1	0.04431701622781692	1	1	1	1	1	1	1	1	1
REACTOME_ION_TRANSPORT_BY_P_TYPE_ATPASES	1	1	1	1	1	1	1	1	0.0540984626266523	1	1	1	1	1	1	1	1	1	1	1	1	1	1	1	1	1	1	1	1	1	1	1	0.04381624896739911	1	1	1	1	1	1	0.034376827906638985	1	1	1	1	1	1	1	1	1	1	1	1
REACTOME_KINESINS	1	0.03133073862622371	1	0.024028775844861183	1	1	1	1	1	0.0051975273516823295	1	1	1	1	1	1	1	1	1	1	1	1	1	1	1	1	1	0.07799559965837588	1	1	1	1	1	1	0.00038509696809840843	1	1	1	1	0.00030149706501769735	1	1	0.055129710394081544	0.06369909172730148	1	0.008813099559289661	1	1	1	1	1	1
REACTOME_L1CAM_INTERACTIONS	1	1	1	0.08220374951414922	1	1	1	1	0.049694265014643246	1	1	1	1	1	1	1	1	1	1	1	1	1	1	1	1	1	1	1	1	1	1	1	1	1	0.0028017070717961667	1	1	1	1	0.026376318703609014	1	1	1	1	1	0.05243671034666664	1	1	1	1	1	1
REACTOME_LEISHMANIA_INFECTION	1	1	1	1	0.0037157632278715935	0.04611661561412839	1	1	1	1	1	1	1	1	0.03531067573655455	0.02132250150860071	0.013679141487244473	1	1	1	1	1	1	1	1	1	1	1	1	1	1	1	1	1	1	1	1	1	1	1	1	1	1	1	1	1	0.02890082499624591	1	1	1	1	1
REACTOME_MAPK6_MAPK4_SIGNALING	1	1	1	1	1	1	1	1	1	1	1	1	1	1	1	1	1	1	1	1	1	1	1	1	1	1	1	1	1	1	1	1	1	1	1	1	1	1	1	0.08721039082134063	1	1	1	1	1	1	1	1	1	1	1	1
REACTOME_MEMBRANE_TRAFFICKING	1	1	1	1	1	1	1	1	1	1	1	1	1	1	1	1	1	0.06535661263727288	1	1	1	1	1	1	1	1	0.02993269142071653	1	1	1	1	1	1	1	0.05802840458122471	1	1	1	1	1	1	1	1	1	1	1	1	1	1	1	1	1
REACTOME_METABOLISM_OF_AMINO_ACIDS_AND_DERIVATIVES	1	1	1	1	1	1	1	1	1	1	1	1	1	1	1	1	1	1	1	1	0.04381565740286697	1	1	1	1	1	1	1	1	1	0.05083213315727342	1	1	1	1	0.08650345223195632	1	0.0582188564414956	1	1	1	1	1	1	1	1	1	1	1	1	1	1
REACTOME_METABOLISM_OF_CARBOHYDRATES	1	1	1	1	1	1	1	1	1	1	1	1	1	1	1	1	1	1	1	1	1	1	1	1	1	1	1	1	0.018695596224294064	1	1	1	1	1	1	1	1	1	1	1	1	1	1	1	1	1	1	1	1	1	1	1
REACTOME_METABOLISM_OF_FAT_SOLUBLE_VITAMINS	1	1	1	1	1	1	1	1	1	0.031123005110379687	1	1	1	1	1	1	1	1	1	1	1	1	1	1	1	1	1	0.051179481439869945	0.012107751808770661	0.0466924972768592	1	1	0.03419447301222622	1	1	1	0.016435055487141303	1	1	1	1	1	1	0.04151439580402694	1	0.044074654101312616	1	1	1	1	1	1
REACTOME_METABOLISM_OF_NUCLEOTIDES	1	1	1	0.05797531316410254	1	1	1	1	1	1	1	0.023871608803935906	1	1	1	1	1	1	1	1	1	1	0.054073316469024246	1	1	1	1	1	1	1	1	1	1	1	1	1	0.061972207247122935	1	1	1	1	0.03612053239095858	1	1	0.09231214636214835	1	1	1	1	1	1	1
REACTOME_METABOLISM_OF_VITAMINS_AND_COFACTORS	1	1	1	1	1	1	1	1	1	0.02350557542178222	1	1	1	1	1	1	1	1	1	1	1	1	1	1	1	1	1	1	1	0.047456640814210416	1	1	1	1	1	1	1	1	1	1	1	1	1	1	1	1	1	1	1	1	1	1
REACTOME_MHC_CLASS_II_ANTIGEN_PRESENTATION	1	1	1	1	1	1	1	1	1	1	1	1	1	1	1	1	1	0.0031155694317277494	1	1	1	1	1	1	1	1	1	1	0.07129991352439946	1	1	1	1	1	0.003141761745871663	1	0.09391685226523783	1	1	0.029263636875515475	1	1	1	1	1	0.011602264923852856	1	1	1	1	1	1
REACTOME_MITOTIC_G2_G2_M_PHASES	1	1	1	1	1	1	1	1	1	1	1	1	1	1	1	1	1	1	1	1	1	1	1	1	1	1	1	1	1	1	1	1	1	1	0.011278361055452102	1	1	1	1	0.08991259415021147	1	1	1	1	1	1	1	1	1	1	1	1
REACTOME_MITOTIC_METAPHASE_AND_ANAPHASE	1	1	1	1	1	1	1	1	1	1	1	1	1	1	1	1	1	0.010551245220955074	1	1	1	1	1	1	1	1	1	1	1	1	1	1	1	1	0.017549785141478647	1	1	1	1	1	1	1	1	1	1	0.08270949165609809	1	1	1	1	1	1
REACTOME_MITOTIC_PROMETAPHASE	1	1	1	1	1	1	1	1	1	1	1	1	1	1	1	1	1	0.007893203816969452	1	1	1	1	1	1	1	1	1	1	1	1	1	1	1	1	0.011740520789246034	1	1	1	1	0.09301748500055063	1	1	1	1	1	0.05339396486414649	1	1	1	1	1	1
REACTOME_MUSCLE_CONTRACTION	1	1	0.010023649392430167	0.008554092690292503	1	1	1	1	0.05146671863643115	1	1	1	1	1	1	1	1	1	1	1	1	0.03119874134703471	1	0.02678243423321447	0.05678015136711689	0.033085227070302925	1	0.07027531899072392	1	0.060480197674804836	1	0.008554092690292503	1	1	1	1	0.051407080120820625	1	1	0.02337780993915517	1	1	0.03870019226913146	1	1	1	1	1	1	1	0.0008639604972869863	1
REACTOME_M_PHASE	1	1	1	1	1	1	1	1	1	1	1	1	1	1	1	1	1	0.030949150236925238	1	1	1	1	1	1	1	1	1	1	1	1	1	1	1	1	0.0733556821372533	1	1	1	1	1	1	1	1	1	1	1	1	1	1	1	1	1
REACTOME_NCAM1_INTERACTIONS	1	1	1	1	1	1	1	1	1	1	1	1	1	1	1	1	1	1	1	1	1	1	1	1	1	1	1	1	1	1	1	1	0.02671419220086846	1	1	1	1	1	1	1	1	1	1	1	1	1	1	1	1	1	1	1
REACTOME_NCAM_SIGNALING_FOR_NEURITE_OUT_GROWTH	1	1	1	1	1	1	1	1	1	1	1	1	1	1	1	1	1	1	1	1	1	1	1	1	1	1	1	1	1	1	1	1	0.055878391490714385	1	1	1	1	1	1	1	1	1	1	1	1	1	1	1	1	1	1	1
REACTOME_NEGATIVE_REGULATION_OF_TCF_DEPENDENT_SIGNALING_BY_WNT_LIGAND_ANTAGONISTS	1	3.9094839514142166e-05	1	1	1	1	1	1	0.004557834495816704	1	1	1	1	1	1	1	1	1	1	1	1	1	1	0.003024278470761921	0.0048589548201855015	1	1	0.005596480673380255	0.0012123528068231915	1	1	1	1	1	1	1	1	1	1	1	1	1	1	0.004459471383223779	1	1	1	1	1	1	1	0.0006237754295018716
REACTOME_NERVOUS_SYSTEM_DEVELOPMENT	0.02901639090468866	1	1	1	1	1	1	1	1	1	1	1	1	1	1	1	1	0.005814151059192141	1	1	1	1	1	0.040847140603245236	1	1	1	1	1	1	1	1	1	1	1	1	1	1	1	0.08664763127545472	1	1	0.06849649035908101	0.04164033274568313	1	1	1	1	1	1	1	1
REACTOME_NEURONAL_SYSTEM	1	0.0024780415568658176	0.0018108107117416061	0.0001838532226523526	1	0.0774440325421244	1	0.06848514522759297	0.00046753779633368353	0.0024123739000009303	0.02957235947218373	0.07605121381080726	0.03478833157579908	1	0.059900513215416895	1	1	0.02999207942852422	1	1	0.051723196584320896	1	1	0.007418941652246325	0.0001405316621345687	0.010549595885522955	1	0.0010751945356910486	0.05383473039330833	0.002744389186689178	1	1	0.0033316054982752696	1	0.002462320556948061	0.005425402710235172	0.006352302949192201	0.06848514522759297	1	5.625685114196699e-05	1	1	7.9736226281657e-06	0.006381944238398329	1	0.0022009226199970477	0.00022424659475661635	1	1	1	0.054935427336101794	0.0818130907977378
REACTOME_NEUROTRANSMITTER_RECEPTORS_AND_POSTSYNAPTIC_SIGNAL_TRANSMISSION	1	0.0663651605700818	0.010023649392430167	0.008554092690292503	1	1	1	1	0.0027534683981155217	0.006520463965963841	0.0452426058514408	1	1	1	1	1	1	0.008044183815497763	1	1	1	1	1	0.02678243423321447	0.01486509372514333	1	1	0.07027531899072392	1	0.016169175675420533	1	1	0.03582876492887954	1	0.0012802952173653903	1	0.051407080120820625	1	1	1.2222294977881631e-05	1	1	0.0089399357478952	0.04975905542024195	0.08900592957351094	0.000565231636083352	0.0009901174664801449	1	1	1	1	0.09266155884060767
REACTOME_NEUROTRANSMITTER_RELEASE_CYCLE	1	0.022467587937372135	1	1	1	1	1	1	1	1	1	1	1	1	1	1	1	1	1	1	1	1	1	1	0.05011771277035815	1	1	0.057017469097145	1	0.05205603625470112	1	1	1	1	1	1	0.018432740028101913	1	1	1	1	1	0.039957191543907755	1	1	1	1	1	1	1	1	1
REACTOME_NEUTROPHIL_DEGRANULATION	1	1	1	1	1	1	1	1	1	1	1	1	1	1	1	1	1	1	1	1	1	1	1	1	1	1	1	1	1	1	1	1	1	1	1	1	1	1	1	1	1	1	1	1	1	1	1	1	1	0.025834800301692162	1	1
REACTOME_NGF_INDEPENDANT_TRKA_ACTIVATION	1	1	1	1	1	1	1	1	1	1	1	1	1	1	1	1	1	1	1	1	1	1	1	1	1	1	1	1	1	1	1	1	1	1	1	1	1	1	1	1	1	1	1	1	0.00025897058497736936	1	1	1	1	1	1	1
REACTOME_NOTCH2_ACTIVATION_AND_TRANSMISSION_OF_SIGNAL_TO_THE_NUCLEUS	1	1	1	0.0033441694125915244	1	1	1	1	1	1	1	1	1	1	1	1	1	1	1	1	1	1	1	1	1	1	1	0.01189562337072636	1	1	1	1	0.007748087452039365	1	1	1	1	1	1	1	1	1	1	0.009515290669942278	0.0056533078844122064	0.010140744351179287	1	1	1	1	0.0009766647089666236	1
REACTOME_NOTCH3_ACTIVATION_AND_TRANSMISSION_OF_SIGNAL_TO_THE_NUCLEUS	1	1	1	0.004310428474427419	1	1	1	1	1	1	1	1	1	1	1	1	1	1	1	1	1	1	1	1	1	1	1	1	1	1	1	1	1	1	1	1	1	1	1	1	1	1	1	0.01219699216686565	1	0.01299291814221648	1	1	1	1	1	1
REACTOME_NUCLEAR_ENVELOPE_NE_REASSEMBLY	1	1	1	1	1	1	1	1	1	0.07099502680481673	1	1	1	1	1	1	1	1	1	1	1	1	1	1	1	1	1	1	1	1	1	1	1	1	0.000734513385191371	1	1	1	1	0.0076189923492033795	1	1	1	1	1	0.015977049755644623	1	1	1	1	1	1
REACTOME_OPIOID_SIGNALLING	1	1	1	1	1	1	1	1	0.02353097165411122	0.0948425930709147	1	1	1	1	1	1	1	1	1	1	1	1	1	1	1	0.09908210859144884	1	1	1	0.02706288185088479	1	1	0.017272556236856973	1	1	1	1	1	1	0.08246260190669563	1	1	0.01843845055426152	1	0.07845654212971098	1	0.016568104983024412	1	1	1	1	1
REACTOME_ORGANELLE_BIOGENESIS_AND_MAINTENANCE	1	1	1	1	1	1	1	1	1	1	1	1	1	1	1	1	1	1	1	1	1	1	1	1	1	1	1	1	1	1	1	1	1	1	0.03159536735948687	1	1	1	1	1	1	1	1	1	1	1	1	1	1	1	1	1
REACTOME_O_GLYCOSYLATION_OF_TSR_DOMAIN_CONTAINING_PROTEINS	1	1	1	1	1	1	1	1	1	1	1	1	1	1	1	1	1	1	1	1	1	1	1	1	0.03074446201258274	1	1	0.03511897442896483	1	1	1	0.010279193414593046	1	1	1	1	1	1	1	1	1	1	1	1	1	1	1	1	1	1	1	1
REACTOME_O_LINKED_GLYCOSYLATION	1	1	1	1	1	1	1	1	1	1	1	1	1	1	1	1	1	1	1	1	1	1	1	1	0.04357005796720359	1	1	1	1	1	1	0.07084089964565887	1	1	1	1	1	1	1	1	1	1	1	1	1	1	1	1	1	1	1	1
REACTOME_PEPTIDE_HORMONE_METABOLISM	1	1	1	1	1	1	1	1	1	1	1	1	0.0025245542762305506	1	1	1	1	1	1	1	1	1	0.00476875911215513	1	1	0.09908210859144884	1	1	1	1	1	1	1	0.00887706339049954	1	0.02624110364023413	1	1	1	1	1	1	1	1	0.011168221490524877	1	1	1	1	1	1	1
REACTOME_PEPTIDE_LIGAND_BINDING_RECEPTORS	1	1	1	1	1	1	1	1	1	1	1	1	1	1	1	1	1	1	1	1	1	0.02899066003355666	0.03845862088282792	1	1	1	1	1	1	1	1	1	1	1	1	1	1	1	1	1	1	1	1	1	1	1	1	1	1	1	1	1
REACTOME_PHASE_0_RAPID_DEPOLARISATION	1	1	0.0038011667305305474	0.01185446163036552	1	1	1	1	0.00290475140469848	1	1	1	1	1	1	1	1	1	1	1	1	1	1	1	1	1	1	1	1	0.0033849240853047746	1	0.01185446163036552	1	1	1	1	1	1	1	0.02082707843863585	1	1	0.02796370994993569	1	1	1	1	1	1	1	1	1
REACTOME_PHASE_II_CONJUGATION_OF_COMPOUNDS	1	0.08786203781909374	1	1	1	1	0.05316580816757854	1	1	1	1	1	1	1	1	1	1	1	1	1	1	1	0.06407731630936797	1	1	1	1	1	1	1	1	1	1	0.01281188847208281	1	1	1	0.005764444849940986	1	1	1	1	1	1	1	1	1	1	1	1	1	1
REACTOME_PHENYLALANINE_AND_TYROSINE_METABOLISM	1	1	1	1	1	1	1	1	1	0.001740357862094033	1	1	0.0004841707477752921	1	1	1	1	1	1	1	1	1	1	0.0016069841033675702	1	1	1	1	1	1	1	1	1	1	1	0.0004139717566201684	0.0008826295445206744	1	1	1	1	1	1	1	1	1	1	1	1	1	1	1
REACTOME_PHENYLALANINE_METABOLISM	1	1	1	1	1	1	1	1	1	0.00048359318791546535	1	1	0.00013331999488996882	1	1	1	1	1	1	1	1	1	1	0.00044619492065345323	1	1	1	1	1	1	1	1	1	1	1	0.0001139038729034425	0.00024389885072184647	1	1	1	1	1	1	1	1	1	1	1	1	1	1	1
REACTOME_PLATELET_HOMEOSTASIS	1	1	1	1	1	1	1	1	0.020898804698197604	0.087812079665464	1	1	1	1	1	1	1	1	1	1	1	1	1	1	0.022767018978152254	0.09177152348979467	1	1	1	1	1	1	0.09578262515714087	1	1	1	1	1	1	0.07626404988651636	1	1	1	1	0.07253180960522121	1	1	1	1	1	1	1
REACTOME_POST_CHAPERONIN_TUBULIN_FOLDING_PATHWAY	1	1	1	1	1	1	1	1	1	0.007655867500916513	1	1	1	1	1	1	1	1	1	1	1	1	1	1	1	1	1	1	1	1	1	1	1	1	2.0130068263402023e-05	1	1	1	1	0.0002345144256080678	1	1	1	1	1	0.0005247247407186295	1	1	1	1	1	1
REACTOME_POST_TRANSLATIONAL_MODIFICATION_SYNTHESIS_OF_GPI_ANCHORED_PROTEINS	1	1	1	1	0.004319770598398387	1	1	1	1	1	1	1	1	1	1	1	1	1	1	1	1	1	1	1	1	1	1	1	1	1	1	1	1	1	1	1	1	1	1	1	1	1	1	1	1	1	1	1	1	1	1	1
REACTOME_POST_TRANSLATIONAL_PROTEIN_MODIFICATION	1	1	1	1	0.05686172207859008	1	1	1	1	1	1	1	1	1	1	1	1	1	1	1	1	1	1	1	1	1	1	1	1	1	1	1	1	1	1	1	1	1	1	1	1	1	1	1	1	1	1	1	1	1	1	1
REACTOME_POTASSIUM_CHANNELS	1	0.07975841814262308	0.0014554577495635712	0.007733677933389638	1	1	1	1	0.005350451012574031	0.021515728137768697	1	1	0.003698587139421061	1	1	1	1	1	1	1	1	1	1	0.019355718490056795	0.006006304936135631	0.0003529268678360564	1	0.0077398436112420255	1	0.006472057797866415	1	1	0.02459304531879014	1	1	0.03364771911715181	0.0664250314162893	1	1	0.0021616005985175546	1	1	3.378514505603114e-06	0.03233969953754068	0.09868482331847095	1	0.021352895788486426	1	1	1	0.0013122910846627978	0.0272163044056406
REACTOME_PROTEIN_FOLDING	1	0.011152402048557164	1	1	1	1	0.047223898963286604	1	0.03245716191659587	0.00029883254888052324	1	1	1	1	1	1	1	1	1	1	1	1	1	1	1	1	1	1	0.04912739630932972	0.03720923446918056	1	1	0.02397908595287701	1	0.0017214879207991807	0.03305180782135686	1	1	1	0.0002030601960768541	1	1	0.0037082293630332774	1	0.015626309884969047	7.658258531295647e-05	0.020966537754033898	1	1	1	1	0.026729088308119375
REACTOME_RAB_GERANYLGERANYLATION	1	1	1	1	1	1	1	1	1	1	1	1	1	1	1	1	1	1	1	1	1	1	1	1	1	1	1	0.08696962154988419	1	1	1	1	1	1	1	1	1	1	1	0.046557448794992684	1	1	1	1	1	1	1	1	1	1	1	1
REACTOME_RECRUITMENT_OF_MITOTIC_CENTROSOME_PROTEINS_AND_COMPLEXES	1	1	1	1	1	1	1	1	1	1	1	1	1	1	1	1	1	1	1	1	1	1	1	1	1	1	1	1	1	1	1	1	1	1	0.015416828112927106	1	1	1	1	0.06874065292909626	1	1	1	1	1	1	1	1	1	1	1	1
REACTOME_RECRUITMENT_OF_NUMA_TO_MITOTIC_CENTROSOMES	1	1	1	1	1	1	1	1	1	1	1	1	1	1	1	1	1	1	1	1	1	1	1	1	1	1	1	1	1	1	1	1	1	1	0.0014032550181571901	1	1	1	1	0.013969284607639909	1	1	1	1	1	0.02863527024051915	1	1	1	1	1	1
REACTOME_RECYCLING_PATHWAY_OF_L1	1	1	1	1	1	1	1	1	1	0.03232844289098291	1	1	1	1	1	1	1	1	1	1	1	1	1	1	1	1	1	1	1	1	1	1	1	1	0.00020093371247598135	1	1	1	1	0.0022107034721694507	1	1	1	1	1	0.004790323367363736	1	1	1	1	1	1
REACTOME_REGULATION_OF_BETA_CELL_DEVELOPMENT	1	1	1	1	0.0008781332786860219	0.0010111879710505978	1	0.0008781332786860219	1	1	1	1	1	1	1	1	1	1	1	1	0.000639464385159938	1	1	0.02252878558255922	0.03524277515908114	1	1	0.0002784409145514255	1	0.0033849240853047746	1	0.0005942036405429674	1	1	1	1	1	1	1	2.652054980956109e-06	1	1	0.02796370994993569	0.03251791724231845	1	1	1	1	1	1	1	0.0001529908027813054
REACTOME_REGULATION_OF_GENE_EXPRESSION_IN_BETA_CELLS	1	1	1	1	1	1	1	1	1	1	1	1	1	1	1	1	1	1	1	1	1	1	1	1	1	1	1	0.010867422702595553	1	0.009849522810491007	1	1	1	1	1	1	1	1	1	0.00017746172040356	1	1	0.007417440316286994	1	1	1	1	1	1	1	1	0.0012358989552022637
REACTOME_REGULATION_OF_GENE_EXPRESSION_IN_ENDOCRINE_COMMITTED_NEUROG3_PROGENITOR_CELLS	1	1	1	1	1.043031587688592e-05	1.203314335074257e-05	1	1	1	1	1	1	1	1	1	1	1	1	1	1	7.567150993370575e-06	1	1	0.00029853283780756357	0.0004844923535723966	1	1	1.542290295475368e-08	1	0.000505516720185728	1	0.00015111088252395266	1	1	1	1	1	1	1	3.614996413325855e-09	1	1	1	1	1	1	1	1	1	1	1	1
REACTOME_REGULATION_OF_INSULIN_LIKE_GROWTH_FACTOR_IGF_TRANSPORT_AND_UPTAKE_BY_INSULIN_LIKE_GROWTH_FACTOR_BINDING_PROTEINS_IGFBPS_	1	0.018780159206309488	1	1	1	1	1	1	0.05275337779248468	1	1	1	1	1	1	1	1	1	1	1	1	1	0.08013696942437054	0.03128030037285923	0.011401175877672642	0.000824406769036834	1	0.0024962237269681165	0.06934463625776899	0.001993742632351192	0.006382773897238514	1	0.03943227477654787	1	1	1	1	1	1	1	1	0.05417420316455668	1	1	1	1	1	1	1	1	1	1
REACTOME_REGULATION_OF_INSULIN_SECRETION	1	0.005335621659965373	0.0006495916087939646	0.03780053783859372	1	1	1	1	0.016149380530117496	0.010247735939819869	1	1	1	1	1	1	1	1	1	1	1	1	0.035185283521583344	1	0.01761589670594621	0.010997008083191373	1	1	1	1	1	1	1	1	1	1	1	1	1	0.008183248301694812	1	1	0.0013927178040787913	1	0.061157930153050266	1	0.012626156595993532	1	1	1	0.011800186612799912	0.016172555418825008
REACTOME_REGULATION_OF_KIT_SIGNALING	1	1	1	1	1	1	1	1	1	1	1	1	1	1	1	1	1	1	1	1	1	1	1	1	1	1	1	1	1	0.00576123070458745	1	1	1	1	1	1	1	1	1	1	1	1	1	1	1	1	1	1	1	1	1	1
REACTOME_REGULATION_OF_PLK1_ACTIVITY_AT_G2_M_TRANSITION	1	1	1	1	1	1	1	1	1	1	1	1	1	1	1	1	1	1	1	1	1	1	1	1	1	1	1	1	1	1	1	1	1	1	0.017646472797243296	1	1	1	1	0.07779913776809755	1	1	1	1	1	1	1	1	1	1	1	1
REACTOME_REPRODUCTION	0.03516829842748814	1	1	1	1	1	1	1	1	1	1	1	1	1	1	1	1	1	1	1	1	1	1	1	1	1	1	1	1	1	1	1	1	1	1	1	1	1	1	1	1	1	1	1	1	1	1	1	1	1	1	0.050703744445138144
REACTOME_RESOLUTION_OF_SISTER_CHROMATID_COHESION	1	1	1	1	1	1	1	1	1	1	1	1	1	1	1	1	1	0.0031155694317277494	1	1	1	1	1	1	1	1	1	1	0.07129991352439946	1	1	1	1	1	0.003141761745871663	1	0.09391685226523783	1	1	0.029263636875515475	1	1	1	1	1	0.011602264923852856	1	1	1	1	1	1
REACTOME_RHO_GTPASES_ACTIVATE_FORMINS	1	1	1	1	1	1	1	1	1	1	1	1	1	1	1	1	1	0.003830414400100568	1	1	1	1	1	1	1	1	1	1	0.08547408824935487	1	1	1	1	1	0.004225431527685397	1	1	1	1	0.03820236325293158	1	1	1	1	1	0.01651623081521636	1	1	1	1	1	1
REACTOME_RHO_GTPASES_ACTIVATE_IQGAPS	1	1	1	1	1	1	1	1	1	0.014516734829335465	1	1	1	1	1	1	1	1	1	1	1	1	1	1	1	1	1	1	1	1	1	1	1	1	5.557630773678213e-05	1	1	1	1	0.0006347313265071541	1	1	1	1	1	0.001404452672990275	1	1	1	1	1	1
REACTOME_RHO_GTPASE_EFFECTORS	1	1	1	1	1	1	1	1	1	1	1	1	1	1	0.039202011920786206	1	1	0.01929792859146151	1	0.028545915512729114	1	1	1	1	1	1	1	1	1	1	1	1	1	1	0.039694236457949894	1	1	1	1	1	1	0.07442467166343492	1	1	1	0.07582547498213221	1	1	0.008442095852394083	1	1	1
REACTOME_ROLE_OF_PHOSPHOLIPIDS_IN_PHAGOCYTOSIS	1	1	1	1	1	1	1	1	1	1	1	1	1	1	1	1	1	1	1	1	1	1	1	1	1	1	1	1	1	1	1	1	1	1	1	1	1	1	1	1	1	1	1	1	1	1	0.013887851403207585	1	1	1	1	1
REACTOME_SEALING_OF_THE_NUCLEAR_ENVELOPE_NE_BY_ESCRT_III	1	1	1	1	1	1	1	1	1	0.014516734829335465	1	1	1	1	1	1	1	1	1	1	1	1	1	1	1	1	1	1	1	1	1	1	1	1	5.557630773678213e-05	1	1	1	1	0.0006347313265071541	1	1	1	1	1	0.001404452672990275	1	1	1	1	1	1
REACTOME_SELECTIVE_AUTOPHAGY	1	1	1	1	1	1	1	1	1	0.08094936974738953	1	1	1	1	1	1	1	0.0013345137258028439	1	1	1	1	1	1	1	1	1	1	0.03308504287680447	1	1	1	1	1	0.000916529943665978	1	0.04431701622891715	1	1	0.009384079184525773	1	1	0.0921435957249187	1	0.06676265811536108	0.0025549313330486267	1	1	1	1	1	1
REACTOME_SEMAPHORIN_INTERACTIONS	0.007514869801626078	1	1	1	1	1	1	1	1	1	1	1	1	1	1	1	1	1	1	1	1	1	1	1	1	1	1	1	1	1	1	1	1	1	1	1	1	1	1	1	1	1	1	0.0692804420476607	1	1	1	1	1	1	1	1
REACTOME_SEPARATION_OF_SISTER_CHROMATIDS	1	1	1	1	1	1	1	1	1	1	1	1	1	1	1	1	1	0.0070152063566060185	1	1	1	1	1	1	1	1	1	1	1	1	1	1	1	1	0.009956579965070711	1	1	1	1	0.08087177974201065	1	1	1	1	1	0.04442914971537659	1	1	1	1	1	1
REACTOME_SIGNALING_BY_GPCR	1	1	0.04076643999857332	1	1	1	1	1	0.05769947147059917	1	1	1	1	1	1	1	1	1	1	1	1	1	1	1	1	0.08768030139933591	1	1	1	0.08158273018562723	1	1	0.05239379519795284	1	1	1	1	1	1	0.04637492641892138	1	1	1	1	1	0.06660486142963429	1	1	0.09457938585886905	1	1	1
REACTOME_SIGNALING_BY_HEDGEHOG	1	1	1	1	1	1	1	0.010676152152734542	1	1	1	1	1	1	1	1	1	1	1	1	1	1	1	1	1	1	1	1	1	1	1	1	1	1	0.0051229502675094185	1	1	1	1	0.04534625743633236	1	1	1	1	1	0.02072010644261424	1	1	1	1	1	1
REACTOME_SIGNALING_BY_INTERLEUKINS	1	1	1	1	1	1	1	1	1	1	1	1	1	0.05456488061716924	1	0.04568037142491699	1	1	1	1	1	1	1	1	1	1	1	1	1	1	1	1	1	1	1	1	1	1	1	1	1	1	1	1	1	1	1	1	1	1	1	1
REACTOME_SIGNALING_BY_MET	1	1	1	1	1	1	1	1	1	1	1	1	1	1	1	1	1	1	1	1	1	1	1	1	1	1	1	1	1	1	1	1	1	1	1	1	0.04143287259627326	1	1	1	1	1	1	0.09934362121093598	1	1	1	1	1	1	1	1
REACTOME_SIGNALING_BY_NOTCH	1	1	1	0.07332003341459115	1	1	1	1	1	1	1	1	1	1	1	1	1	1	1	1	1	1	1	1	1	1	1	1	1	1	1	1	1	1	1	1	1	1	1	1	1	1	1	1	1	1	1	1	1	1	0.09599219223130062	1
REACTOME_SIGNALING_BY_NOTCH1	1	1	1	0.0030707487131712563	1	1	0.026286633960438843	1	1	1	1	1	1	1	1	1	1	1	1	1	1	1	1	1	0.09582388602789083	1	1	1	1	1	1	1	0.07409187572988318	1	1	1	0.036793472738404276	1	1	0.05866097729533393	1	1	0.0773198263396162	0.08895514786293801	1	0.01487951984682001	1	1	1	1	1	0.01463666058745794
REACTOME_SIGNALING_BY_NOTCH1_HD_DOMAIN_MUTANTS_IN_CANCER	1	1	1	0.0015471140403149342	1	1	1	1	1	1	1	1	1	1	1	1	1	1	1	1	1	1	1	1	1	1	1	1	1	1	1	1	1	1	1	1	1	1	1	1	1	1	1	0.004459471383223779	1	0.004757578341407109	1	1	1	1	1	1
REACTOME_SIGNALING_BY_NOTCH1_PEST_DOMAIN_MUTANTS_IN_CANCER	1	1	1	0.001527811105762611	1	1	0.016648780348922698	1	1	1	1	1	1	1	1	1	1	1	1	1	1	1	1	1	0.06297062267154141	1	1	1	1	1	1	1	0.048212864413672896	1	1	1	0.023467768639911957	1	1	0.03788104172503359	1	1	0.050389918945693335	0.05828089089823152	1	0.007669833309108309	1	1	1	1	1	0.0091829590920528
REACTOME_SIGNALING_BY_NOTCH1_T_7_9_NOTCH1_M1580_K2555_TRANSLOCATION_MUTANT	1	1	1	0.00031573316931432505	1	1	1	1	1	1	1	1	1	1	1	1	1	1	1	1	1	1	1	1	1	1	1	1	1	1	1	1	1	1	1	1	1	1	1	1	1	1	1	0.0009237466883886825	1	0.0009866873567384582	1	1	1	1	1	1
REACTOME_SIGNALING_BY_NOTCH2	1	1	1	0.007435445721492018	1	1	1	1	1	1	1	1	1	1	1	1	1	1	1	1	1	1	1	1	1	1	1	0.02576557199477547	1	1	1	1	0.01696539395639518	1	1	1	1	1	1	1	1	1	1	0.02073316066192543	0.012459921137886187	0.0220600179141881	1	1	1	1	0.002200418704529583	1
REACTOME_SIGNALING_BY_NOTCH3	1	1	1	0.0009352862250149307	1	1	0.012075961254941925	1	1	1	1	1	1	1	1	1	1	1	1	1	1	1	1	1	0.04664323171339335	1	1	1	1	1	1	1	0.0355119801331093	1	1	1	0.017089982488894262	1	1	0.027780700156711968	1	1	0.03714772444979775	0.04309518866938733	1	0.004790323367363736	1	1	1	1	1	0.006625199798098058
REACTOME_SIGNALING_BY_RECEPTOR_TYROSINE_KINASES	1	1	1	1	0.0978601983081796	1	1	1	1	1	1	1	1	1	1	1	1	1	1	1	1	1	1	1	1	1	1	1	1	1	1	1	1	1	1	1	1	1	0.04385192959209383	1	1	1	1	1	1	1	1	1	1	1	1	1
REACTOME_SIGNALING_BY_RHO_GTPASES	1	1	1	1	1	1	1	0.08180410300827723	1	1	1	1	1	1	0.07170231029625751	1	1	0.036212904433137405	1	0.052881293375104166	1	1	1	1	1	1	1	1	1	1	1	1	1	1	0.08943700927046083	1	1	1	1	1	1	1	1	1	1	1	1	1	0.016155047426980818	1	1	1
REACTOME_SIGNALING_BY_SCF_KIT	1	1	1	1	1	1	1	1	1	1	1	1	1	1	1	1	1	1	1	1	1	1	1	1	1	1	1	1	1	0.03824817266297331	1	1	1	1	1	1	1	1	1	1	1	1	1	1	1	1	1	1	1	1	1	1
REACTOME_SIGNALING_BY_VEGF	1	1	1	1	1	1	1	1	1	1	1	0.027099933362833784	1	1	1	1	1	1	1	1	1	1	1	1	1	1	1	1	1	1	1	1	1	0.01214788374453546	1	1	1	1	1	1	1	1	1	1	1	1	1	1	1	1	1	1
REACTOME_SIGNALING_BY_WNT	1	0.017061403503848438	1	1	1	1	1	1	0.025505439153453935	1	1	1	1	1	1	1	1	1	1	1	1	1	1	1	0.08432861297045258	1	1	1	0.02775041929347377	1	1	1	1	1	1	1	1	1	1	1	1	1	1	1	1	0.08137359342432271	1	1	1	1	1	0.049012865172367026
REACTOME_STRIATED_MUSCLE_CONTRACTION	1	0.011594568792401394	1	1	1	1	1	1	1	1	1	1	1	1	1	1	1	1	1	1	1	1	0.008162445778850058	0.01683842400963831	1	1	1	1	1	1	1	1	1	1	1	1	0.00947024520027906	1	1	1	1	1	1	1	1	1	1	1	1	1	1	1
REACTOME_SURFACTANT_METABOLISM	1	1	1	1	1	1	1	1	1	1	1	1	1	1	1	1	1	1	1	1	1	1	1	1	0.0011981137567322886	1	1	7.309049844572701e-05	0.0048584407355989345	0.0012740651945581938	1	1	0.014141550774810385	1	1	1	1	1	1	1	1	1	1	1	0.010367541439895933	1	1	1	1	1	1	1
REACTOME_SYNTHESIS_OF_BILE_ACIDS_AND_BILE_SALTS	1	1	1	1	1	1	1	1	1	1	1	1	1	1	1	1	1	1	1	1	1	1	1	1	1	1	1	1	1	1	1	1	1	1	1	1	1	1	1	1	1	1	1	0.02193367397718793	0.013195026414541178	1	1	1	1	1	1	1
REACTOME_TCF_DEPENDENT_SIGNALING_IN_RESPONSE_TO_WNT	1	0.02166198214925341	1	1	1	1	1	1	1	1	1	1	1	1	1	1	1	1	1	1	1	1	1	1	1	1	1	1	0.04781911136810102	1	1	1	1	1	1	1	1	1	1	1	1	1	1	1	1	1	1	1	1	1	1	1
REACTOME_THE_PHOTOTRANSDUCTION_CASCADE	1	1	1	1	1	1	1	1	1	1	1	1	1	1	1	1	1	1	1	1	1	1	1	1	1	1	1	1	1	0.024770286346463832	1	1	0.01795568006819437	1	1	0.0040546345391235805	1	1	1	1	1	1	1	1	1	0.023333928549473693	1	1	1	1	1	1
REACTOME_THE_ROLE_OF_GTSE1_IN_G2_M_PROGRESSION_AFTER_G2_CHECKPOINT	1	1	1	1	1	1	1	1	1	0.07591931006354058	1	1	1	1	1	1	1	1	1	1	1	1	1	1	1	1	1	1	1	1	1	1	1	1	0.0008223140821784769	1	1	1	1	0.00847437520077654	1	1	1	1	1	0.017706791754769635	1	1	1	1	1	1
REACTOME_TOLL_LIKE_RECEPTOR_4_TLR4_CASCADE	1	1	1	0.08927469842435332	1	1	1	1	1	1	1	1	1	1	1	1	1	1	1	1	1	1	1	1	1	1	1	0.0719003364727393	1	1	1	1	1	1	1	1	1	1	1	1	1	1	1	1	1	1	1	1	1	1	1	1
REACTOME_TRAFFICKING_OF_AMPA_RECEPTORS	1	1	1	1	1	1	1	1	1	1	1	1	1	1	1	1	1	1	1	1	1	1	1	1	1	1	1	1	1	0.020818849225240132	1	1	1	1	1	1	1	1	1	0.011676288157999148	1	1	1	1	1	1	1	1	1	1	1	1
REACTOME_TRANSCRIPTIONAL_REGULATION_BY_MECP2	1	1	0.008379911632578008	0.025516485774393916	1	1	1	1	1	1	1	1	1	1	1	1	1	1	1	1	1	1	1	1	1	1	1	1	1	1	1	1	1	1	1	1	1	1	1	0.04400945865521888	1	1	1	1	1	1	1	1	1	1	1	1
REACTOME_TRANSLOCATION_OF_SLC2A4_GLUT4_TO_THE_PLASMA_MEMBRANE	1	1	1	1	1	1	1	1	1	0.06460271417362085	1	1	1	1	1	1	1	1	1	1	1	1	1	1	1	1	1	1	1	1	1	1	1	1	0.0006271040741279155	1	1	1	1	0.006561640558851889	1	1	1	1	1	0.013826278886094112	1	1	1	1	1	1
REACTOME_TRANSMISSION_ACROSS_CHEMICAL_SYNAPSES	1	0.007428569204276814	0.02069506658425202	0.004031152826339257	1	1	1	1	0.010134249805136775	0.019357422104767763	0.009680639957532988	1	1	1	1	1	1	0.013555860577896817	1	1	0.023873300091125205	1	1	0.01652405872746232	0.002882143525289038	0.07484645378848542	1	0.016421146720855595	0.06696485608700042	0.0032484765268853133	1	1	0.02360652901158944	1	0.0034428843068579074	0.039101044286972364	0.004746565598324759	1	1	8.490206693068103e-05	1	1	0.001397074776153251	0.0352443844440391	0.04984920022820605	0.0005695302105634958	0.002682942499789176	1	1	1	1	1
REACTOME_TRANSPORT_OF_CONNEXONS_TO_THE_PLASMA_MEMBRANE	1	1	1	1	1	1	1	1	1	0.006402063985100792	1	1	1	1	1	1	1	1	1	1	1	1	1	1	1	1	1	1	1	1	1	1	1	1	1.5165668149186295e-05	1	1	1	1	0.00017746172040356	1	1	1	1	1	0.00039805829291683636	1	1	1	1	1	1
REACTOME_TRANSPORT_OF_INORGANIC_CATIONS_ANIONS_AND_AMINO_ACIDS_OLIGOPEPTIDES	1	0.0837795996349775	1	1	1	1	1	1	1	1	1	1	1	1	1	1	1	1	1	1	1	1	1	1	1	1	1	1	1	1	1	1	1	1	1	1	0.06983322784224466	1	1	1	1	0.04089384384700434	0.028224795286722504	1	1	1	1	1	1	1	1	0.028699544541829436
REACTOME_TRANSPORT_OF_SMALL_MOLECULES	1	1	1	1	1	1	1	1	1	1	1	1	1	1	1	1	1	1	1	1	1	1	1	1	1	1	1	1	1	1	1	1	1	1	0.0891900890648829	1	1	1	1	1	1	1	0.08248708560400675	1	1	1	1	0.0847378555705548	1	1	1	1
REACTOME_TRANSPORT_TO_THE_GOLGI_AND_SUBSEQUENT_MODIFICATION	1	1	1	1	1	1	1	1	1	0.09198975171924306	1	1	1	1	1	1	1	0.006663584444328241	1	1	1	1	1	1	1	1	1	1	1	1	1	1	1	1	0.0008923371702754812	1	0.04044889915599936	1	1	0.017015012668668006	1	1	1	1	1	0.009651346825651608	1	1	1	1	0.05878168239946846	1
REACTOME_VESICLE_MEDIATED_TRANSPORT	1	1	1	1	1	1	1	1	1	1	1	1	1	1	1	1	1	0.08372760793435419	1	1	1	1	1	1	1	1	0.038895467004534834	1	1	1	1	1	1	1	0.08746610254922882	1	1	1	1	1	1	1	1	1	1	1	1	1	1	1	1	1
REACTOME_VISUAL_PHOTOTRANSDUCTION	1	1	1	1	1	1	0.04557457833723588	1	1	0.019913681920813886	1	1	1	1	1	1	1	1	1	1	1	1	1	1	1	1	1	0.040262922896344366	0.04741615071171734	0.005834392608208616	1	0.05901297760120894	0.0031592414814118897	1	1	0.03187279560544953	0.06307540515891574	1	1	0.09859562731383553	1	1	1	0.02999449975841484	1	0.005209628570734037	1	1	1	1	1	1
REACTOME_VOLTAGE_GATED_POTASSIUM_CHANNELS	1	1	1	1	1	1	1	1	0.03465843684523828	1	1	1	1	1	1	1	1	1	1	1	1	1	1	1	1	1	1	1	1	1	1	1	1	1	1	1	1	1	1	1	1	1	0.0292114468523178	1	1	1	1	1	1	1	1	1
ST_DIFFERENTIATION_PATHWAY_IN_PC12_CELLS	1	1	1	1	1	1	1	1	1	1	1	1	1	1	1	1	1	1	1	1	1	1	1	1	1	1	1	1	1	1	1	1	1	1	1	1	1	1	1	1	1	1	1	1	1	0.04242652706544969	1	1	1	1	1	1
ST_WNT_BETA_CATENIN_PATHWAY	1	0.010384835101718726	1	1	1	1	1	1	0.022396376395103945	1	1	1	1	1	1	1	1	1	1	1	1	1	1	0.0151009502717111	0.02380873299186359	1	1	1	1	0.024770286346463832	1	1	1	1	1	1	1	1	1	0.01394383723598458	1	1	1	0.02193367397718793	1	1	1	1	1	1	1	1
ST_WNT_CA2_CYCLIC_GMP_PATHWAY	1	1	1	1	1	1	1	1	0.008067166461281472	1	1	1	1	1	1	1	1	1	1	1	1	1	1	1	1	1	1	0.009880846553738332	1	0.008953129953383931	1	1	0.006422994233387658	1	1	1	1	1	1	1	1	1	1	1	1	1	1	1	1	1	1	1
WNT_SIGNALING	1	0.007689177911478939	1	1	1	1	0.03690925650340815	1	0.02285681053948141	1	1	1	1	1	1	1	1	1	1	1	1	1	1	0.08691897634000412	1	1	1	1	0.03842105549446617	1	1	1	1	1	1	1	1	1	1	0.08089855669986923	1	1	1	0.022200767522931097	1	1	1	1	1	1	1	0.020733160663824246
WP_22Q112_DELETION_SYNDROME	1	1	1	1	1	1	0.047223898963286604	1	1	1	1	1	1	1	1	1	1	1	0.005816104639993713	1	1	1	1	1	0.035267720127004853	1	1	1	0.04912739630932972	0.03720923446918056	1	1	1	1	1	0.03305180782135686	1	1	1	1	1	1	1	1	1	1	1	1	1	1	0.019618166104281576	1
WP_ADIPOGENESIS	1	1	1	1	1	1	1	0.008228897339626617	1	1	1	1	1	1	1	1	1	1	1	1	1	1	1	1	1	1	1	1	1	1	1	1	0.04519166861120483	1	1	1	1	1	1	1	1	1	1	1	1	1	1	1	1	1	1	1
WP_ARRHYTHMOGENIC_RIGHT_VENTRICULAR_CARDIOMYOPATHY	1	1	1	1	1	1	1	1	1	1	1	1	1	1	1	1	1	1	1	1	1	1	1	1	1	1	1	1	1	1	1	1	1	1	1	1	1	1	1	1	1	1	1	1	1	0.09841732248546231	1	1	1	1	1	1
WP_BMP2WNT4FOXO1_PATHWAY_IN_HUMAN_PRIMARY_ENDOMETRIAL_STROMAL_CELL_DIFFERENTIATION	1	0.0015350328095615762	1	1	1	1	1	1	1	1	1	1	1	1	1	1	1	1	1	1	1	1	0.0010682993393682505	0.0022627368052792196	1	1	1	1	1	1	1	1	1	1	1	1	1	1	1	1	1	1	1	1	1	1	1	1	1	1	1	1
WP_BREAST_CANCER_PATHWAY	1	1	0.04576506356985899	0.003272567243753133	1	1	0.09889201820017202	1	1	1	1	1	1	1	1	1	1	1	0.013176868368464989	1	1	1	1	1	0.09770119125841259	1	1	1	1	1	1	1	1	1	1	1	0.025897838046525345	1	1	1	1	1	1	0.08838488586821924	1	0.0046615612994493905	0.04576506356985899	1	1	1	1	0.057735301653633275
WP_B_CELL_RECEPTOR_SIGNALING_PATHWAY	1	1	1	0.056944194353743205	1	1	1	1	1	1	1	1	1	1	1	1	1	1	1	1	1	1	1	1	1	1	1	1	1	1	1	1	1	1	1	1	1	1	1	1	1	1	1	1	1	1	1	1	1	1	1	1
WP_CALCIUM_REGULATION_IN_THE_CARDIAC_CELL	1	0.03179587190667932	0.004393824102695398	1	1	1	0.014928269265991556	1	0.0005939194015892602	0.057285806361893066	1	1	1	1	1	1	1	1	1	1	1	1	1	0.009954423026660275	0.09211171764527437	0.060989364227191256	1	1	1	0.004787477246008809	1	1	0.0022787090270303123	1	1	0.06752920769766757	1	1	1	0.008610108710040754	1	0.07736294484922446	0.014780184861188372	1	0.04360112531706928	0.004176329622285868	0.04367432765828272	1	1	1	1	0.05514010826462212
WP_CANONICAL_AND_NONCANONICAL_NOTCH_SIGNALING	1	1	1	0.005017911818266052	1	1	1	1	1	1	1	1	1	1	1	1	1	1	1	1	1	1	1	1	1	1	1	1	1	1	1	1	1	1	1	1	1	1	1	1	1	1	1	0.014146785081289082	1	0.01506547636005473	1	1	1	1	1	1
WP_CELL_CYCLE	1	1	1	0.08336957860659944	1	1	1	1	1	1	1	1	1	1	1	1	1	1	0.008225572663678626	1	1	1	1	1	1	1	1	1	1	1	1	0.08336957860659944	1	1	1	1	0.08892378624854846	1	1	1	1	1	1	1	1	0.053496538573852614	1	1	1	1	1	1
WP_CIRCADIAN_RHYTHM_RELATED_GENES	1	1	1	1	0.019679699560998132	0.02247575200397134	1	1	1	1	0.04604012487953857	1	1	1	1	1	1	1	1	1	1	1	1	1	1	1	1	1	1	1	1	1	1	1	1	1	1	1	1	1	1	1	1	1	0.09100290884647388	1	1	1	1	1	1	1
WP_CORTICOTROPINRELEASING_HORMONE_SIGNALING_PATHWAY	1	1	1	1	1	1	1	1	1	1	1	1	1	1	1	1	1	1	1	1	1	1	1	1	1	1	1	0.03354583213212503	0.041608334104030975	1	1	1	1	1	1	1	1	1	1	1	1	1	1	1	0.08299703236940592	1	1	1	1	1	1	1
WP_DIFFERENTIATION_OF_WHITE_AND_BROWN_ADIPOCYTE	1	1	1	1	1	1	1	1	1	1	1	1	1	1	1	1	1	1	1	1	1	1	1	1	1	1	1	1	1	0.013811052870508878	1	1	1	1	1	1	1	1	1	1	1	1	1	1	1	1	1	1	1	1	1	1
WP_DIFFERENTIATION_PATHWAY	1	1	1	1	1	1	1	1	1	1	1	1	1	1	1	1	1	1	1	1	1	1	1	1	0.04494094458329689	1	1	1	1	0.0466924972768592	1	0.01529929740789493	1	1	1	1	1	1	1	1	1	1	0.03577299569914827	0.04151439580402694	1	0.00451960437421417	1	1	1	1	1	1
WP_DOPAMINERGIC_NEUROGENESIS	1	1	1	1	1	1	1	1	1	0.012825991106004464	1	1	1	1	1	1	1	1	1	1	1	1	1	1	0.018799314737842243	0.013476688504265977	1	0.02154038319423357	1	0.019566230226603976	1	0.006172092620532088	0.014141550774810385	1	1	1	1	1	1	0.0005235164481391941	1	1	0.014820444895023321	1	1	1	1	1	1	1	1	1
WP_EICOSANOID_METABOLISM_VIA_CYCLO_OXYGENASES_COX	1	1	1	1	1	1	1	1	1	1	1	1	1	1	1	1	1	1	1	1	1	1	1	1	0.018799314737842243	1	1	1	1	1	1	1	1	1	1	1	0.0066421183731198985	1	1	1	1	0.003692508983175413	1	1	1	1	1	1	1	1	1	1
WP_ENDODERM_DIFFERENTIATION	1	1	1	1	1	1	1	1	1	1	1	1	1	1	1	1	1	1	1	1	1	1	1	1	1	1	1	1	1	1	1	1	1	1	1	1	1	1	1	1	1	1	1	1	1	1	1	1	1	1	0.03760589816241089	1
WP_ENDOPLASMIC_RETICULUM_STRESS_RESPONSE_IN_CORONAVIRUS_INFECTION	1	1	1	1	1	1	1	1	1	1	1	1	1	1	1	1	1	1	1	0.000668878283850538	1	1	0.013640193197799633	0.027790054475503867	1	1	1	0.005375596088393553	0.01162884910276496	0.04495296851203234	1	1	0.03289671630532309	1	1	0.007636356333648453	0.015791226898907773	1	1	1	1	1	1	1	1	1	1	1	1	1	1	1
WP_EPITHELIAL_TO_MESENCHYMAL_TRANSITION_IN_COLORECTAL_CANCER	1	0.006530060202741272	0.05005610008901118	0.026705513019325555	1	1	1	1	1	0.06867976898659178	1	1	1	1	1	1	1	1	1	1	1	1	1	1	1	1	1	1	1	1	1	1	0.07749803272077815	1	1	1	1	1	1	1	1	1	0.019003746250098708	0.004999481700741715	1	0.027625107686685246	1	1	1	0.020609067409234072	1	0.06305184776585504
WP_ERBB_SIGNALING_PATHWAY	1	1	1	0.0499152080609353	1	1	1	1	1	1	1	1	1	1	1	1	1	1	1	1	1	1	1	0.09026456534495209	1	1	1	1	1	1	1	1	1	1	1	1	1	1	1	1	1	1	1	1	1	1	0.016917553725586343	1	1	1	1	1
WP_EXERCISEINDUCED_CIRCADIAN_REGULATION	0.004467095809127186	1	1	1	1	1	1	1	0.04397224700648783	1	1	1	1	1	1	1	1	1	1	1	1	1	1	1	1	1	1	1	1	1	1	1	0.003233056525809741	1	1	1	1	1	1	1	1	0.009627037915437953	1	0.0043657636080063345	0.002034503152196554	0.0003685801660499033	1	1	1	1	1	1
WP_FOCAL_ADHESIONPI3KAKTMTORSIGNALING_PATHWAY	1	1	1	1	1	1	1	1	1	1	0.0928758242168024	0.03822552749950647	1	1	1	1	1	1	1	1	1	1	1	1	1	1	1	1	1	1	1	1	1	1	1	1	1	1	1	1	1	1	1	1	1	1	1	1	1	1	1	1
WP_G1_TO_S_CELL_CYCLE_CONTROL	1	1	1	1	1	1	1	1	1	0.05246006352821497	1	1	1	1	1	1	1	1	1	1	1	1	0.024423087087631745	1	1	0.05493956705188441	1	1	1	1	1	1	1	1	1	1	0.02818040957625556	1	1	1	1	1	1	1	0.04297080907082629	0.07338481219761861	1	1	1	1	1	1
WP_GABA_RECEPTOR_SIGNALING	1	1	1	1	1	1	1	1	1	1	1	1	1	1	1	1	1	1	1	1	1	1	1	0.014263186311286535	1	0.01617255541700069	1	1	1	1	1	1	1	1	1	1	1	1	1	1	1	1	1	1	0.012459921137886187	1	1	1	1	1	1	1
WP_GENES_INVOLVED_IN_MALE_INFERTILITY	1	1	0.045238902374822976	1	1	1	0.097829238859523	1	1	0.06004257111730227	1	1	1	1	1	1	1	1	1	1	1	1	1	0.054464750087442004	1	1	1	0.030123589316270682	1	0.005197712133619414	0.009818963101274614	1	0.06787838061138762	0.024865385084484326	1	0.06986803322468771	1	1	1	1	1	1	1	1	1	1	1	1	1	1	1	1
WP_GPCRS_CLASS_A_RHODOPSINLIKE	1	1	1	1	1	1	1	1	1	1	0.008638521736949234	1	0.04291424065201355	1	1	1	1	1	1	1	1	1	0.07401484091466826	1	1	1	1	1	1	1	1	1	1	1	1	1	1	1	1	1	1	1	1	1	1	1	1	1	1	1	1	1
WP_G_PROTEIN_SIGNALING_PATHWAYS	1	1	1	1	1	1	1	1	1	1	1	1	1	1	1	1	1	1	1	1	1	1	1	1	1	1	1	1	1	1	1	1	1	1	1	1	1	1	1	1	1	1	1	1	0.08761670818114031	1	1	1	1	1	1	1
WP_HAIR_FOLLICLE_DEVELOPMENT_CYTODIFFERENTIATION_PART_3_OF_3	1	0.007453802245564578	1	1	1	1	1	1	1	1	1	1	1	1	1	1	1	1	1	1	1	1	0.04379764828397148	0.012734891152373695	1	1	1	1	1	1	1	1	1	1	1	1	0.05030129706233888	1	1	0.07934402121233397	1	1	1	0.021555232080231912	1	1	1	1	1	1	1	1
WP_HEMATOPOIETIC_STEM_CELL_DIFFERENTIATION	1	1	1	1	1	1	1	1	1	0.049567737438820814	1	1	1	1	1	1	1	1	1	1	1	1	1	1	1	1	1	1	1	1	1	1	1	1	1	1	1	1	1	1	1	1	1	0.0655418432905559	1	1	1	1	1	1	1	1
WP_HIPPOMERLIN_SIGNALING_DYSREGULATION	1	1	0.0024182611279036648	0.012525936463775533	1	1	0.06579055266941647	1	0.051723702290849105	1	1	0.0032166056809944665	1	1	1	1	1	1	1	1	1	1	1	1	0.001751539448619721	0.03625777220336912	1	0.0024098193123016642	0.008957468376916022	0.011924370153115649	1	0.08454054790288856	0.03864222251443905	0.016115085259377215	1	1	0.09016432264797003	1	0.002971552024802371	1	1	0.053400552932708845	1	0.05033008779401671	0.02552528154618039	0.0016696343482104359	1	1	1	1	1	1
WP_IMATINIB_AND_CHRONIC_MYELOID_LEUKEMIA	1	1	1	1	1	1	1	1	1	1	1	0.0011621093397282678	1	1	1	1	1	1	1	1	1	1	1	1	0.009455046122335498	1	1	1	1	0.0004373979403897721	1	1	1	1	1	1	1	1	1	1	1	1	1	0.008688087451141913	1	0.00039805829291683636	1	1	1	1	1	1
WP_KIT_RECEPTOR_SIGNALING_PATHWAY	1	1	1	1	1	1	1	1	1	1	1	1	1	1	1	1	1	1	1	1	1	1	1	1	1	1	1	1	1	0.06935307808187607	1	1	1	1	1	1	1	1	1	1	1	1	1	1	1	1	1	1	1	1	1	1
WP_LNCRNA_INVOLVEMENT_IN_CANONICAL_WNT_SIGNALING_AND_COLORECTAL_CANCER	1	0.011450372402129871	1	1	1	1	1	1	1	1	1	1	1	1	1	1	1	1	1	1	1	1	1	0.019355718490056795	1	1	1	1	1	0.03813134978501542	1	1	1	1	1	1	1	1	1	1	1	1	1	0.03233969953754068	1	1	1	1	1	1	0.019980658693409814	1
WP_LUNG_FIBROSIS	1	0.03324462641158976	1	1	1	1	1	1	1	1	1	1	1	1	1	1	1	1	1	1	1	1	1	1	1	1	1	0.08244441409116443	1	1	1	1	0.055878391490714385	1	1	1	1	1	1	1	1	1	1	1	1	1	1	1	1	1	1	1
WP_MAPK_SIGNALING_PATHWAY	0.0914532470121221	1	1	1	1	1	1	1	1	1	1	1	1	1	1	1	1	1	1	1	1	1	1	1	1	1	1	1	1	1	1	1	1	1	1	1	1	1	1	1	1	1	1	1	1	1	1	1	1	1	1	1
WP_MATRIX_METALLOPROTEINASES	1	0.008146597944278966	1	1	1	1	1	1	1	1	1	1	1	1	1	1	1	1	1	1	1	1	1	1	1	1	1	1	1	1	1	1	1	1	1	1	1	1	1	1	1	1	1	1	1	1	1	1	1	1	1	1
WP_MECP2_AND_ASSOCIATED_RETT_SYNDROME	1	1	1	1	1	1	1	1	1	1	1	0.013097670825523822	1	1	1	1	1	1	1	1	1	1	1	0.06018845855795496	1	0.06760463622886759	1	1	1	0.09483676085554082	1	1	1	1	1	1	0.034998264822814984	1	1	1	1	1	1	1	1	0.08982547047331835	1	1	1	1	1	1
WP_MELANOMA	1	1	1	1	1	1	1	1	1	1	1	1	1	1	1	1	1	1	1	1	1	1	1	1	1	1	1	1	1	0.08606823089721538	1	1	1	1	1	1	1	1	1	1	1	1	1	1	1	0.08147456575563705	0.009708422966931307	1	1	1	1	1
WP_MESODERMAL_COMMITMENT_PATHWAY	1	1	1	1	1	1	1	1	1	1	1	1	1	1	1	1	1	1	1	1	1	1	1	1	1	1	1	1	1	1	1	1	1	1	1	1	1	1	1	1	1	1	1	0.08709139253660025	1	1	1	1	1	1	1	1
WP_METHIONINE_DE_NOVO_AND_SALVAGE_PATHWAY	1	1	1	1	1	1	1	1	1	1	1	1	1	1	1	1	1	1	1	1	1	1	1	1	1	1	1	0.01189562337072636	1	0.010784092429333203	1	1	1	1	1	1	1	1	1	1	1	1	1	1	1	1	1	1	1	1	1	1
WP_MONOAMINE_TRANSPORT	1	1	1	1	1	1	1	0.0005089450325503897	1	1	1	1	0.004194244345259612	1	0.0004368997606567504	1	1	1	1	1	1	1	1	1	1	0.015250195204661088	1	1	1	1	1	1	1	1	1	1	1	1	1	1	1	1	1	1	0.011743500134593798	1	1	1	1	1	1	1
WP_MYOMETRIAL_RELAXATION_AND_CONTRACTION_PATHWAYS	1	0.005731856240237754	0.0048953435350712615	0.02425740344589722	1	1	1	1	0.004480178482087149	1	1	1	1	1	1	1	1	1	1	1	1	1	1	0.001800584681150963	1	1	1	1	1	0.005632296951219362	1	1	0.015478792561768762	1	1	1	1	1	1	0.009832469777750097	1	1	0.016808571214380286	0.0909962902787792	0.04796515915973931	0.024517559387594035	0.0048953435350712615	1	1	1	1	0.05904886439727852
WP_NCRNAS_INVOLVED_IN_WNT_SIGNALING_IN_HEPATOCELLULAR_CARCINOMA	1	0.00792891750515734	1	1	1	1	1	1	1	1	1	1	1	1	1	1	1	1	1	1	1	1	1	0.013527333386086138	1	1	1	1	1	0.02706288185088479	1	1	1	1	1	1	1	1	1	0.08246260190669563	1	1	1	0.022856810537051464	1	1	1	1	1	1	0.015493445328553346	1
WP_NEOVASCULARISATION_PROCESSES	1	1	1	1	1	1	1	1	1	1	1	1	1	1	1	1	1	1	1	1	1	1	1	1	1	1	1	0.031872795609263926	0.00732426041481371	0.029001271007294882	1	1	1	1	1	1	1	1	1	1	1	1	1	0.025702742659275746	1	0.002145514397487225	1	1	1	1	1	1
WP_NEURAL_CREST_CELL_MIGRATION_DURING_DEVELOPMENT	1	1	1	1	1	1	1	1	1	1	1	1	1	1	1	1	1	1	1	1	1	1	1	0.021532011057460276	1	1	1	1	1	0.03505410058600367	1	1	1	1	1	1	0.01216688656212972	1	1	1	1	1	1	1	1	1	1	1	1	1	1	1
WP_NEURAL_CREST_CELL_MIGRATION_IN_CANCER	1	1	1	1	1	1	1	1	1	1	1	1	1	1	1	1	1	1	1	1	1	1	1	0.024578505298727293	1	1	1	1	1	0.039885476452367175	1	1	1	1	1	1	0.013927320607043048	1	1	1	1	1	1	1	1	1	1	1	1	1	1	1
WP_NEURAL_CREST_DIFFERENTIATION	1	1	1	0.06110768242963305	1	1	1	1	1	1	1	1	1	1	1	1	1	1	1	1	1	1	1	1	1	1	1	1	1	1	1	1	1	1	1	1	1	1	1	1	1	1	1	0.03154756220880228	0.09708000755432322	1	1	1	1	1	1	1
WP_NICOTINE_ACTIVITY_ON_DOPAMINERGIC_NEURONS	1	1	1	0.0030478145505483667	1	1	1	1	0.00887706339172234	1	0.0005464387710899521	1	1	1	1	1	1	1	1	1	1	1	1	0.005920329407383185	0.0004109063800104007	1	1	0.010867422702595553	1	0.009849522810491007	1	1	0.00026364374314935546	1	1	1	0.0032828664929068774	1	1	1	1	1	1	0.008688087451141913	1	1	1	1	1	1	1	1
WP_NOCGMPPKG_MEDIATED_NEUROPROTECTION	1	1	1	1	1	1	1	1	0.042361323477787316	1	1	1	1	1	1	1	1	1	1	1	1	1	1	1	1	1	1	0.051179481439869945	1	1	1	1	1	1	1	1	1	1	1	0.02673702680025225	1	1	1	1	1	1	1	1	1	1	1	1
WP_NONGENOMIC_ACTIONS_OF_125_DIHYDROXYVITAMIN_D3	1	1	1	0.03182799890924459	1	1	1	1	1	1	1	1	1	1	1	1	1	1	1	1	1	1	1	0.058721258769015794	1	1	1	1	1	0.09262085787120289	1	1	1	1	1	1	1	1	1	1	1	1	0.07197731324503609	1	1	1	0.010547678310569908	1	1	1	1	1
WP_NONSMALL_CELL_LUNG_CANCER	1	1	1	0.032656203510186055	1	1	1	1	1	1	1	1	1	1	1	1	1	1	1	1	1	1	1	0.06018845855795496	1	1	1	1	1	0.09483676085554082	1	1	1	1	1	1	1	1	1	1	1	1	1	0.08489729671011959	1	1	0.010834361262184178	1	1	1	1	1
WP_NOTCH1_REGULATION_OF_HUMAN_ENDOTHELIAL_CELL_CALCIFICATION	1	1	1	0.0022373878060730767	1	1	1	1	1	1	1	1	1	1	1	1	1	1	1	1	1	1	1	1	1	1	1	1	1	1	1	1	1	1	1	1	1	1	1	1	1	1	1	0.006413373974410552	1	0.006839018618985726	1	1	1	1	1	1
WP_NOTCH_SIGNALING	1	1	1	0.014698512617167148	1	1	1	1	1	1	1	1	1	1	1	1	1	1	1	1	1	1	1	1	1	1	1	1	1	1	1	1	1	1	1	1	1	1	1	1	1	1	1	0.03995622735155391	1	0.04242652706544969	1	1	1	1	1	1
WP_NOTCH_SIGNALING_PATHWAY_NETPATH	0.0072891782705742925	1	1	0.025516485774393916	1	1	0.019460317617473466	1	1	0.005688035004585812	1	0.010144050864179355	1	1	1	1	1	1	1	1	1	1	1	1	0.07275706889169176	1	1	0.08244441409116443	1	1	1	1	1	1	1	1	1	1	1	0.04400945865521888	1	1	1	0.0008497030407552675	1	0.07140563427564484	1	1	1	1	1	0.010765561515854172
WP_OLIGODENDROCYTE_SPECIFICATION_AND_DIFFERENTIATION_LEADING_TO_MYELIN_COMPONENTS_FOR_CNS	1	1	1	1	1	1	1	1	1	1	1	1	1	1	1	1	1	1	1	1	1	1	1	0.012650856298978885	1	1	1	1	1	1	1	1	1	1	1	1	1	1	1	0.011676288157999148	1	1	1	1	1	1	1	1	1	1	1	1
WP_OSTEOBLAST_DIFFERENTIATION	1	1	0.002201022030925426	0.0012181964618929175	1	1	0.062087491903934255	1	1	0.031221379857508613	1	1	1	1	1	1	1	1	1	1	1	1	1	1	1	1	1	0.012686856683586711	0.008183622457293205	0.05444430101309783	1	1	1	1	1	1	1	1	1	1	1	1	0.03784718117504049	0.00014954835993352678	1	0.009548307485488627	1	0.002784599198531801	1	1	1	0.0032015682122744638
WP_OXYSTEROLS_DERIVED_FROM_CHOLESTEROL	1	1	1	1	1	1	1	1	1	1	1	1	1	1	1	1	1	1	1	1	1	1	1	1	1	1	1	1	1	1	1	0.0030478145505483667	1	1	1	1	1	1	1	1	1	1	0.007417440316286994	1	0.005156444971074925	1	1	1	1	1	1	1
WP_PARKINUBIQUITIN_PROTEASOMAL_SYSTEM_PATHWAY	0.00893463717447529	1	1	1	1	1	1	1	0.08246260190812293	0.007618992346570264	1	1	1	1	1	1	1	1	1	1	1	1	0.028840606877900576	0.057266857327723075	1	1	1	0.09859562731698723	0.024699173211304215	1	1	1	1	1	0.0005774120075296985	1	1	1	1	0.0060680342654663155	1	1	0.07022456729910131	0.08089855669919366	0.05047857916403031	0.0014270268921173779	1	1	1	1	1	1
WP_PATHOGENIC_ESCHERICHIA_COLI_INFECTION	1	1	1	1	1	1	1	1	1	0.03993457154893443	1	1	1	1	1	1	1	1	1	1	1	1	1	1	1	1	1	1	1	1	1	1	1	1	0.00028340599072296246	1	1	1	1	0.0030773892146600534	1	1	1	1	1	0.0066196174338026825	1	1	1	1	1	1
WP_PATHWAYS_REGULATING_HIPPO_SIGNALING	1	1	0.0012984725465572389	0.006934930801186123	1	1	0.04475820388383078	1	1	1	1	0.0017341130550647677	1	1	1	1	1	1	1	1	1	1	1	1	0.005223838896767918	0.0207654957872343	1	0.00674253511038847	0.004920085709902322	0.005631544709564729	1	1	1	0.010660241701864748	1	1	1	1	0.0019376316388063364	1	1	1	1	0.029233606652089184	0.014431011113461123	0.0006298959687980332	1	1	1	1	1	1
WP_PEPTIDE_GPCRS	1	1	1	1	1	1	1	1	1	1	1	1	1	1	1	1	1	1	1	1	1	1	1	0.06466503994032591	1	1	1	1	1	1	1	1	1	1	1	1	1	1	1	1	1	1	1	1	1	1	1	1	1	1	1	1
WP_PHOSPHODIESTERASES_IN_NEURONAL_FUNCTION	1	1	1	1	1	1	1	1	0.05235775302948542	1	1	1	0.011603541984459564	1	0.0012451781147201357	1	1	1	1	1	1	1	1	1	0.006480953617705509	0.040488024070073125	1	0.06307540515819854	1	0.05762804709500924	1	1	1	1	1	1	1	1	1	1	1	1	1	1	1	1	1	1	1	1	1	1
WP_PI3KAKT_SIGNALING_PATHWAY	1	1	1	1	1	0.05717323973644095	1	1	1	1	1	0.00925935456765059	1	1	1	1	1	1	1	1	1	1	1	1	1	1	1	1	1	1	1	1	1	1	1	1	1	1	1	1	0.006466491506319394	1	1	1	1	0.09310526734703994	1	1	1	1	1	1
WP_PPAR_SIGNALING_PATHWAY	1	1	1	1	1	1	1	1	1	1	1	1	1	1	1	1	1	1	1	1	1	1	1	1	1	1	1	1	1	1	1	1	0.06229685455437617	1	1	1	1	1	1	1	1	1	0.06505398498899084	1	0.04666837904610888	0.07942683507798576	1	1	1	1	1	1
WP_PRIMARY_FOCAL_SEGMENTAL_GLOMERULOSCLEROSIS_FSGS	1	1	1	0.03433793274362973	1	1	1	1	1	0.06777345500043752	1	1	1	1	1	1	1	1	1	1	1	1	1	1	0.09582388602789083	0.0709092836895947	1	1	1	0.09931410385213102	1	0.0030707487131712563	0.010209753410460709	1	1	1	1	1	1	0.05866097729533393	1	1	0.010917936244215443	1	1	1	1	1	1	1	1	1
WP_PURINERGIC_SIGNALING	1	1	1	1	1	1	0.005950087016365901	1	0.022396376395103945	0.016298156923267526	1	1	1	1	1	1	1	1	1	1	1	1	1	1	1	0.017118248300801553	1	0.02724280567347781	0.006210553048405565	0.024770286346463832	1	1	0.01795568006819437	1	1	0.0040546345391235805	1	1	1	1	1	1	0.018810263235545466	1	0.0006982366087064928	1	1	1	1	1	1	1
WP_RAS_SIGNALING	1	0.05184776965671445	1	1	1	1	1	1	1	1	1	0.0737002825578924	1	1	1	1	1	1	1	1	1	1	1	1	1	1	1	1	0.026473125386723084	0.010760154481157413	1	1	1	0.03446366413444357	1	1	1	1	1	1	1	1	1	1	0.07011569402250295	0.009442726823477021	0.007574000388349766	1	1	1	1	1
WP_RENIN_ANGIOTENSIN_ALDOSTERONE_SYSTEM_RAAS	1	1	1	1	1	1	1	1	1	1	1	1	1	1	1	1	1	1	1	1	1	1	1	1	1	1	1	0.04376041287707699	1	1	1	1	0.029124793248176184	1	1	1	1	1	1	1	1	1	1	1	1	1	1	1	1	1	1	1
WP_RETINOBLASTOMA_GENE_IN_CANCER	1	1	1	1	1	1	1	1	1	0.09130705809263706	1	1	1	1	1	1	1	1	1	1	1	1	1	1	1	1	1	1	1	1	1	1	1	1	1	1	1	1	1	0.07934402121233397	1	1	1	1	1	1	1	1	1	1	1	1
WP_RETT_SYNDROME_CAUSING_GENES	1	1	1	1	1	1	1	1	1	1	1	1	1	1	1	1	1	1	1	1	1	1	1	1	1	0.033905384080731626	1	1	1	0.0484564732395425	1	1	1	1	1	0.008278322340112831	1	1	1	1	1	1	0.03714772444979775	1	0.026327558777645144	0.045746327770546436	1	1	1	1	1	1
WP_SLEEP_REGULATION	1	1	1	1	1	1	1	1	1	1	0.0017981589978484092	1	1	1	1	1	1	1	1	1	1	1	1	1	0.029299943459778266	1	1	1	1	1	1	1	1	1	1	1	1	1	1	1	1	1	1	1	1	1	1	1	1	1	1	1
WP_SMALL_CELL_LUNG_CANCER	1	1	1	0.056944194353743205	1	1	1	1	1	1	1	1	1	1	1	1	1	1	0.005380799468527431	1	1	1	1	1	1	1	1	1	1	1	1	1	1	1	1	1	0.060875800288739956	1	1	1	1	1	1	1	1	1	1	1	1	1	1	1
WP_SPLICING_FACTOR_NOVA_REGULATED_SYNAPTIC_PROTEINS	1	1	0.0038011667305305474	1	1	1	1	1	1	1	1	1	1	1	1	1	1	1	1	1	1	1	1	1	1	1	1	1	1	0.03663755941760005	1	1	1	1	1	1	1	1	1	0.02082707843863585	1	1	0.02796370994993569	0.03251791724231845	1	1	1	1	1	1	1	1
WP_STRIATED_MUSCLE_CONTRACTION_PATHWAY	1	0.012863179293042148	1	1	1	1	1	1	1	1	1	1	1	1	1	1	1	1	1	1	1	1	0.00906451326072899	0.018656846610136446	1	1	1	1	1	1	1	1	1	1	1	1	0.010512669371610994	1	1	1	1	1	1	1	1	1	1	1	1	1	1	1
WP_SUDDEN_INFANT_DEATH_SYNDROME_SIDS_SUSCEPTIBILITY_PATHWAYS	1	1	0.0489698809713619	1	1	1	1	1	0.09878295217361222	0.06671351429881378	0.029452926820254577	1	0.08628984786614047	1	1	1	1	1	1	1	1	1	1	0.060582291805685085	0.0275012532317902	1	1	0.03461058373668757	1	0.0294338832358646	1	1	0.07531045686982685	1	1	1	1	1	1	0.0016671971839569144	1	1	0.0797840682048081	0.09631514775024708	1	1	1	1	1	1	1	1
WP_SYNAPTIC_VESICLE_PATHWAY	1	1	1	1	1	1	1	1	1	1	1	1	1	1	1	1	1	1	1	1	0.0009798571393845323	1	1	1	1	0.03780053783894344	1	1	1	1	1	1	0.03958021073888207	1	1	0.009285200793832993	0.019120376233533687	1	1	1	1	1	1	1	1	0.05089864578897407	1	1	1	1	1	1
WP_TGFBETA_RECEPTOR_SIGNALING	1	1	1	1	1	1	1	1	1	1	1	1	1	1	1	1	1	1	1	1	1	1	1	1	1	1	1	1	1	1	1	1	1	1	1	1	1	1	1	1	1	1	1	0.05828089089823152	1	0.06178633113500154	1	1	1	1	1	1
WP_TGFBETA_RECEPTOR_SIGNALLING_IN_SKELETAL_DYSPLASIAS	1	1	1	1	1	1	1	1	0.06683420320313194	1	1	1	1	1	1	1	1	1	1	1	1	1	1	1	0.07076209394034061	0.05192047092838914	1	0.08021025051324049	1	1	1	0.024768001499693937	1	1	1	1	0.026570172730160824	1	1	1	1	1	1	0.0655418432905559	1	0.06944443386943155	1	1	1	1	1	1
WP_TYPE_II_DIABETES_MELLITUS	1	1	1	1	1	1	1	1	1	1	1	1	1	1	1	1	1	1	1	1	1	1	1	1	1	1	1	1	1	1	1	1	1	1	1	1	1	1	1	0.0059812526671707555	1	1	0.008126493248575395	1	1	1	1	1	1	1	1	1
WP_VEGFAVEGFR2_SIGNALING_PATHWAY	1	1	1	1	1	1	1	1	1	1	1	0.08822121629223578	1	1	1	1	1	1	1	1	1	1	1	1	1	1	1	1	1	1	1	1	1	0.030792474292227978	1	1	1	1	1	1	1	1	1	1	1	1	1	1	1	1	1	1
WP_VITAMIN_D_RECEPTOR_PATHWAY	1	1	1	1	1	1	1	1	1	1	1	1	1	1	1	1	1	1	1	1	1	1	1	0.08280948482323025	1	1	1	1	1	1	1	1	1	1	0.0697171940147654	1	1	1	1	1	1	1	1	1	1	1	1	1	1	1	1	1
WP_WNT_SIGNALING	1	0.01610736824397163	1	1	1	1	1	1	0.045756164441470015	1	1	1	1	1	1	1	1	1	1	1	1	1	1	0.00398884349463724	1	1	1	0.05915920738165348	1	0.010058966222803334	1	1	0.03407564174003108	1	1	1	1	1	1	0.02418292148782164	1	1	0.03627035196993467	0.044509280970706944	1	1	1	1	1	1	0.025346664519936057	1
