	ARNT2	ARX	ASCL1	E2F7	EBF3	ETV1	FEV	FOXJ1	FOXP2	GATA2	HLF	ISL1	LMX1A	LMX1B	MAFA	MAFB	NEUROG3	NFAT5	NHLH1	NR4A3	ONECUT1	PAX4	PAX6	PBX3	POU5F1	RFX6	SIX2	SMAD9	SOX4	SPIB	TET1	TFCP2L1	ZFP69B	ZNF382	ZNF492	ZNF519	ZNF846
BIOCARTA_NO1_PATHWAY	1	1	1	1	1	1	1	1	1	1	1	1	0.0005787904190999171	1	1	1	1	1	1	1	1	1	1	1	1	1	1	1	1	0.0006502853492860172	1	1	1	1	1	1	1
KEGG_AXON_GUIDANCE	1	1	1	1	1	1	1	1	1	1	1	1	1	1	1	1	1	1	1	1	1	0.020973893993176063	1	1	1	1	1	1	1	1	1	1	1	1	1	1	1
KEGG_CALCIUM_SIGNALING_PATHWAY	1	1	1	1	1	1	1	1	1	1	1	1	1	1	1	1	1	1	1	1	1	1	1	1	1	1	1	1	1	1	1	0.021318432853619118	1	1	1	1	0.08864416825632015
KEGG_CELL_ADHESION_MOLECULES_CAMS	1	1	1	1	1	1	1	1	1	1	1	1	1	1	1	1	1	1	1	1	1	1	1	1	1	1	1	1	1	1	1	0.07247541684034586	1	1	1	1	1
KEGG_CELL_CYCLE	1	1	1	0.024935058601287308	1	1	1	1	1	1	1	1	1	1	1	1	1	1	1	1	1	1	1	1	1	1	1	1	1	1	1	1	1	1	1	1	0.04778207675285984
KEGG_ENDOCYTOSIS	1	1	1	0.049019566164668515	1	1	1	1	1	1	1	1	1	1	1	1	1	1	1	1	1	0.03918794283573135	1	1	1	1	1	1	1	1	1	1	1	1	1	1	1
KEGG_EPITHELIAL_CELL_SIGNALING_IN_HELICOBACTER_PYLORI_INFECTION	1	1	1	1	1	1	1	1	1	1	1	1	1	1	1	1	1	1	1	1	1	1	1	1	1	1	1	1	1	1	1	0.02152924390430544	1	1	1	1	1
KEGG_FOCAL_ADHESION	1	1	0.04651020999747779	1	1	1	1	1	1	1	1	1	1	1	1	1	1	1	1	1	1	1	1	1	1	1	1	1	1	1	1	1	1	1	1	1	1
KEGG_GAP_JUNCTION	1	1	1	1	1	1	1	1	1	1	1	1	1	1	1	1	1	1	1	0.004557834494631985	1	1	1	1	1	1	1	1	0.027578006899316887	1	1	1	1	1	1	0.00806716646113148	1
KEGG_JAK_STAT_SIGNALING_PATHWAY	1	1	1	1	1	1	1	1	1	1	1	1	1	1	1	1	1	1	1	1	1	1	1	1	1	1	1	1	1	1	1	0.09418014154112753	1	1	0.016603012423676455	1	1
KEGG_LEUKOCYTE_TRANSENDOTHELIAL_MIGRATION	1	1	1	1	1	1	1	1	1	0.03973581374988333	1	1	1	1	1	1	1	1	1	1	1	1	0.0007550497646090504	1	1	1	0.02838360397595996	1	1	1	1	0.0005864111931862537	1	1	1	1	1
KEGG_MAPK_SIGNALING_PATHWAY	1	1	1	0.09650102895236934	1	1	1	1	1	1	1	1	1	1	1	1	1	1	1	1	1	0.07810385641373097	1	1	0.01336414184569168	1	1	1	1	1	1	1	1	1	1	1	1
KEGG_MATURITY_ONSET_DIABETES_OF_THE_YOUNG	1	1	1	1	1	1	1	1	1	1	1	1	1	1	1	1	1	1	1	1	1	1	1	1	1	1	1	1	1	1	1	0.0031037799780022635	1	1	1	1	1
KEGG_NEUROACTIVE_LIGAND_RECEPTOR_INTERACTION	1	1	1	1	1	1	1	1	0.020587269734329672	1	1	1	0.04695594302799977	1	1	1	1	1	0.008299483230288063	1	1	1	1	1	1	0.017073877016259398	1	1	1	0.05212332698986755	1	0.0617741297648885	1	1	1	1	1
KEGG_NEUROTROPHIN_SIGNALING_PATHWAY	1	1	1	1	1	1	1	1	1	1	1	1	1	1	1	0.020069159725451424	1	1	1	1	1	1	0.07401781203400482	1	1	1	1	1	1	1	1	1	1	1	1	1	1
KEGG_NOTCH_SIGNALING_PATHWAY	1	1	1	1	1	1	1	1	1	1	1	1	1	1	1	1	1	1	1	1	1	1	0.012118356918537021	1	1	1	1	1	1	1	1	1	1	1	1	1	1
KEGG_OOCYTE_MEIOSIS	1	1	1	1	1	1	1	1	1	1	1	1	1	1	1	1	1	1	1	1	1	1	1	1	1	1	1	1	1	1	1	1	1	1	1	1	0.039835276555860166
KEGG_P53_SIGNALING_PATHWAY	1	1	1	1	1	1	1	1	1	1	1	1	1	1	1	1	1	1	1	1	1	1	1	1	1	1	1	1	1	0.0037944342659838037	1	1	1	1	1	1	1
KEGG_PATHOGENIC_ESCHERICHIA_COLI_INFECTION	1	1	1	1	1	1	1	1	1	1	1	1	1	1	1	1	1	1	1	1	1	1	1	1	1	1	1	1	1	1	1	1	1	1	1	0.003199024489657032	1
KEGG_PATHWAYS_IN_CANCER	1	1	1	1	1	1	1	1	1	1	1	1	1	1	1	1	1	1	1	1	1	1	1	1	1	1	1	1	1	1	1	1	1	1	1	0.012361292043041261	1
KEGG_PURINE_METABOLISM	1	1	1	1	1	1	1	1	1	1	1	1	1	1	1	1	1	1	1	1	1	1	1	1	1	1	1	1	1	1	1	1	1	1	1	1	0.07302792105639888
KEGG_TYPE_II_DIABETES_MELLITUS	1	1	1	0.003820282245573847	1	1	1	1	1	1	1	1	1	1	1	1	1	1	1	1	1	1	0.012118356918537021	1	1	1	1	1	1	1	1	1	1	1	1	1	0.007636356333648453
KEGG_VASCULAR_SMOOTH_MUSCLE_CONTRACTION	1	1	1	1	1	1	1	1	1	1	1	1	1	1	1	1	1	1	1	1	1	1	1	1	1	1	1	1	1	1	1	0.05617317622707341	1	1	1	1	1
KEGG_WNT_SIGNALING_PATHWAY	1	1	1	1	1	1	1	1	1	1	1	1	1	1	1	0.0021980064163129587	1	1	1	1	1	1	1	1	1	1	1	1	1	0.017645225013557253	1	1	1	1	1	0.021588606003167365	1
NABA_CORE_MATRISOME	1	1	0.08217841787442925	1	1	1	1	1	1	0.006430631093878425	1	1	1	1	1	1	1	1	1	1	1	0.08217841787442925	0.002841711842177852	0.0033812699839707028	1	1	0.023992873441498253	1	1	1	1	1	1	1	1	1	1
NABA_ECM_AFFILIATED	1	1	0.034957226929916874	1	1	1	1	1	1	0.07816127022185859	1	1	1	1	1	1	1	1	1	1	1	0.034957226929916874	1	1	1	1	1	1	1	1	1	1	1	1	1	1	1
NABA_ECM_GLYCOPROTEINS	1	1	0.0452565773537269	1	1	1	1	1	1	0.016071516029639632	1	1	1	1	1	1	1	1	1	1	1	1	0.005111048368978022	1	1	1	0.07277512269416753	1	1	1	1	1	1	1	1	1	1
NABA_ECM_REGULATORS	1	1	1	1	1	1	0.09014090325575208	1	1	0.026699049708985623	1	0.0014487769276440021	1	0.036859735529518045	1	1	1	0.010723612014252426	1	1	0.0038674796840807435	1	0.05256284573301484	1	1	1	0.01642266875420717	1	1	1	1	0.044630574143396995	1	1	1	1	1
NABA_MATRISOME	1	0.0310625720073453	0.029143004699863972	1	0.05154212607887998	0.07447515146541195	0.06191445559211406	1	1	0.0003024045310787704	1	0.0021325084092302937	1	0.03819102220371384	1	0.0013606551077854911	0.05154212607887998	0.027579345264807875	0.09758410502197079	1	1	0.029143004699863972	0.00018593065416061538	1	1	1	5.490291026888361e-05	1	1	1	1	0.05149266438569444	1	1	1	1	1
NABA_MATRISOME_ASSOCIATED	1	0.05904413033868372	1	1	0.028821046269007278	0.03419968185515376	0.019427420484037228	1	1	0.01500394045687825	1	0.004918587605337699	1	0.013656301461162701	1	0.0014571554028139921	0.028821046269007278	0.011903527063976349	0.05610616070444563	1	0.07916732878074961	1	0.016179395829054477	1	1	1	0.0012085354157269634	1	1	1	1	0.011412914869232016	1	1	1	1	1
NABA_SECRETED_FACTORS	1	0.0635859545667502	1	1	1	0.04348290304820546	1	1	1	1	1	1	1	1	0.08615593425051538	0.0026843049665540297	1	1	1	1	1	1	0.03329162920683848	1	1	1	0.04209824779213078	1	1	0.07838994617238093	1	1	1	1	1	1	1
PID_AMB2_NEUTROPHILS_PATHWAY	1	1	1	1	1	1	1	1	1	1	1	1	1	1	1	1	1	1	1	1	1	1	1	1	1	1	1	1	1	1	1	0.008201987524200205	1	1	1	1	1
PID_AVB3_INTEGRIN_PATHWAY	1	1	1	1	1	1	1	1	1	1	1	1	1	1	1	1	1	1	1	1	1	0.007270945929599204	1	1	1	1	1	1	1	1	1	1	1	1	1	1	1
PID_BETA_CATENIN_NUC_PATHWAY	1	1	1	1	1	1	1	1	1	1	1	1	1	1	1	1	1	1	1	1	1	1	1	1	1	1	0.014141550773316913	1	1	1	1	1	1	1	1	1	1
PID_ER_NONGENOMIC_PATHWAY	1	1	1	1	1	1	1	1	1	1	1	0.0006840128748694108	1	1	1	1	1	1	1	1	1	1	1	1	1	1	1	1	1	1	1	1	1	1	1	1	1
PID_HES_HEY_PATHWAY	1	1	1	1	1	1	1	1	1	1	1	1	1	1	1	1	1	1	1	1	1	1	1	1	1	1	1	1	1	1	1	0.011117692747982466	1	1	1	1	1
PID_HNF3B_PATHWAY	1	1	1	1	1	1	1	1	1	1	1	1	1	1	1	1	1	1	1	1	1	1	1	1	1	1	1	1	0.007392060975288217	1	1	1	1	1	1	1	1
PID_IFNG_PATHWAY	1	1	1	1	1	1	1	1	1	1	1	1	1	1	1	1	1	1	1	1	1	1	1	1	1	1	1	1	1	1	1	1	1	1	1	1	0.005578255430284451
PID_LYSOPHOSPHOLIPID_PATHWAY	1	1	1	1	1	1	1	1	1	1	1	0.0017988776248610838	1	1	1	1	1	1	1	1	1	1	1	1	1	1	1	1	1	1	1	1	1	1	1	1	1
PID_NOTCH_PATHWAY	1	1	1	1	1	1	1	1	1	1	1	1	1	1	1	1	1	1	1	1	1	1	0.018670085747112153	1	1	1	1	1	1	1	1	1	1	1	1	1	1
PID_P38_MKK3_6PATHWAY	1	0.00044029044907989423	1	1	1	1	1	1	1	1	1	1	1	1	1	1	1	1	1	1	1	1	1	1	1	1	1	1	1	1	1	1	1	1	1	1	1
PID_P53_DOWNSTREAM_PATHWAY	1	1	1	1	1	1	1	1	1	1	1	1	1	1	1	1	1	1	1	1	1	1	0.01271895409326751	1	1	1	1	1	1	1	1	0.07628561409242718	1	1	1	0.017984582141572947	1
PID_P73PATHWAY	1	1	1	1	1	1	1	1	1	1	1	1	1	1	1	0.008250235610692047	1	1	1	1	1	1	1	1	1	1	1	1	1	1	1	1	1	1	1	1	1
PID_PS1_PATHWAY	1	1	1	1	1	1	1	1	1	1	1	1	1	1	1	0.002869835717500102	1	1	1	1	1	1	1	1	1	1	1	1	1	1	1	1	1	1	1	1	1
PID_VEGFR1_2_PATHWAY	1	1	1	1	1	1	1	1	1	1	1	1	1	1	1	1	1	1	1	1	1	1	0.025031231282406474	1	1	1	1	1	1	1	1	1	1	1	1	1	1
REACTOME_ACETYLCHOLINE_BINDING_AND_DOWNSTREAM_EVENTS	1	1	1	1	1	1	1	1	5.715847507425931e-05	1	1	1	1	1	1	1	1	1	1	1	1	1	1	1	1	1	1	1	1	1	1	1	1	1	1	1	1
REACTOME_ACTIVATED_NOTCH1_TRANSMITS_SIGNAL_TO_THE_NUCLEUS	1	1	1	1	1	1	1	1	1	1	1	1	1	1	1	1	1	1	1	1	1	1	0.00540446143616613	1	1	1	1	1	1	1	1	1	1	1	1	1	1
REACTOME_ACTIVATION_OF_AMPK_DOWNSTREAM_OF_NMDARS	1	1	1	1	1	1	1	1	1	1	1	1	1	1	1	1	1	1	1	1	1	1	1	1	1	1	1	1	1	1	1	1	1	1	1	0.0008643033800203037	1
REACTOME_ACTIVATION_OF_MATRIX_METALLOPROTEINASES	1	1	1	1	1	1	1	1	1	1	1	1	1	1	1	1	1	1	1	1	1	1	1	1	1	1	0.0025243320069066044	1	1	1	1	1	1	1	1	1	1
REACTOME_ACTIVATION_OF_NMDA_RECEPTORS_AND_POSTSYNAPTIC_EVENTS	1	0.005643921373285288	1	1	1	1	1	1	1	1	1	1	1	1	1	1	1	1	1	1	1	1	1	1	1	1	1	1	1	1	1	1	1	1	1	0.008772577210302446	1
REACTOME_ADAPTIVE_IMMUNE_SYSTEM	1	1	1	1	1	1	1	1	1	1	0.03384086137864084	1	1	1	1	1	1	1	1	1	1	1	1	1	1	1	1	1	1	1	1	1	1	1	0.01822432330523971	1	1
REACTOME_ADORA2B_MEDIATED_ANTI_INFLAMMATORY_CYTOKINES_PRODUCTION	1	1	1	1	1	1	1	1	1	1	1	1	1	1	1	1	1	1	1	1	1	1	1	0.009712220812654215	1	1	1	1	1	1	1	1	1	1	1	1	1
REACTOME_AFLATOXIN_ACTIVATION_AND_DETOXIFICATION	1	1	1	1	1	1	1	1	1	1	1	1	1	1	1	1	1	1	1	1	1	1	1	1	1	1	1	1	1	1	1	0.0017917522610331194	1	1	1	1	1
REACTOME_AGGREPHAGY	1	1	1	1	1	1	1	1	1	1	1	1	1	1	1	1	1	1	1	1	1	1	1	1	0.000385289296716107	1	1	1	1	1	1	1	1	1	0.0014310661504689515	0.001986626677797476	1
REACTOME_ANTIGEN_PROCESSING_UBIQUITINATION_PROTEASOME_DEGRADATION	1	1	1	1	1	1	1	1	1	1	1	1	1	1	1	1	1	1	1	1	1	1	1	1	1	1	1	1	1	1	1	1	1	1	0.05863204918142373	1	1
REACTOME_ANTI_INFLAMMATORY_RESPONSE_FAVOURING_LEISHMANIA_PARASITE_INFECTION	1	1	1	1	1	1	1	1	1	1	1	1	1	1	1	1	1	1	1	1	1	1	1	0.025822403404898386	1	1	1	1	1	1	1	0.006346491986390146	1	1	1	1	1
REACTOME_ARACHIDONIC_ACID_METABOLISM	1	1	1	1	1	1	1	1	1	1	1	1	1	1	1	1	1	1	1	1	1	1	1	1	1	1	1	1	1	1	1	0.016478542413002506	1	1	1	1	1
REACTOME_ASPARAGINE_N_LINKED_GLYCOSYLATION	1	1	1	1	1	1	1	1	1	1	1	1	1	1	1	1	1	1	1	1	1	1	1	1	0.01721335321683448	1	1	1	1	1	1	1	1	1	0.05762277299716145	0.07697276820327037	1
REACTOME_ASSEMBLY_AND_CELL_SURFACE_PRESENTATION_OF_NMDA_RECEPTORS	1	0.0012653824779912393	1	1	1	1	1	1	1	1	1	1	1	1	1	1	1	1	1	1	1	1	1	1	1	1	1	1	1	1	1	1	1	1	1	0.001986626677797476	1
REACTOME_AUTOPHAGY	1	1	1	1	1	1	1	1	1	1	1	1	1	1	1	1	1	1	1	1	1	1	1	1	0.0044409767057678184	1	1	1	1	1	1	1	1	1	0.015801983104776984	0.021588606003167365	1
REACTOME_BETA_CATENIN_INDEPENDENT_WNT_SIGNALING	1	1	1	1	1	1	1	1	1	1	1	1	1	1	1	1	1	1	1	1	1	1	1	1	1	1	1	1	0.008429382384201656	1	1	1	1	1	1	1	1
REACTOME_BIOLOGICAL_OXIDATIONS	1	1	1	1	1	1	1	1	1	1	1	1	1	1	0.039589969351271126	1	1	1	1	1	1	1	1	1	1	1	1	1	1	1	1	1	1	1	1	1	1
REACTOME_CA2_PATHWAY	1	1	1	1	1	1	1	1	1	1	1	1	1	1	1	1	1	1	1	1	1	1	1	1	1	1	1	1	0.0007407432816328718	1	1	1	1	1	1	1	1
REACTOME_CARBOXYTERMINAL_POST_TRANSLATIONAL_MODIFICATIONS_OF_TUBULIN	1	1	1	1	1	1	1	1	1	1	1	1	1	1	1	1	1	1	1	1	1	1	1	1	1	1	1	1	1	1	1	1	1	1	1	0.0018980473889030902	1
REACTOME_CARDIAC_CONDUCTION	1	1	1	1	1	1	1	1	1	1	1	1	1	1	1	1	1	1	1	1	1	1	1	1	1	1	1	1	1	1	1	1	1	1	1	1	0.006569865733759173
REACTOME_CELLULAR_RESPONSES_TO_EXTERNAL_STIMULI	1	1	1	1	1	1	1	1	0.0897472080452909	1	1	1	1	1	1	1	1	1	1	1	1	1	1	1	0.006787467954883164	1	1	1	1	1	1	1	1	1	1	1	1
REACTOME_CELL_CELL_COMMUNICATION	1	1	1	1	1	1	1	1	1	0.00525905946253602	1	1	1	1	1	1	1	1	1	1	1	0.02127924006085169	0.0781185772201326	1	1	1	1	1	1	1	1	0.06966055725550091	1	1	1	1	1
REACTOME_CELL_CELL_JUNCTION_ORGANIZATION	1	1	1	1	1	1	1	1	1	0.013509766972068293	1	1	1	1	1	1	1	1	1	1	1	1	1	1	1	1	1	1	1	1	1	0.01978189117196061	1	1	1	1	1
REACTOME_CELL_CYCLE	0.07755768628894932	1	1	0.04491849470229148	1	1	1	1	1	1	1	1	1	1	1	1	1	1	1	1	1	1	1	1	0.009541855049925552	1	1	1	1	1	1	1	1	1	1	0.08455147939117691	1
REACTOME_CELL_CYCLE_MITOTIC	1	1	1	1	1	1	1	1	1	1	1	1	1	1	1	1	1	1	1	1	1	1	1	1	0.05325219460448283	1	1	1	1	1	1	1	1	1	1	1	1
REACTOME_CELL_JUNCTION_ORGANIZATION	1	1	1	1	1	1	1	1	1	0.02597017413254754	1	1	1	1	1	1	1	1	1	1	1	1	1	1	1	1	1	1	1	1	1	0.037627495103818465	1	1	1	1	1
REACTOME_CILIUM_ASSEMBLY	1	1	1	1	1	1	1	1	1	1	1	1	1	1	1	1	1	1	1	1	1	1	1	1	1	1	1	1	1	1	1	1	1	1	1	0.03696295852870879	1
REACTOME_CLASS_A_1_RHODOPSIN_LIKE_RECEPTORS_	1	1	1	1	1	1	1	1	1	1	1	0.040534953823540665	1	0.06622348926913924	1	1	1	1	1	1	1	1	1	1	1	1	1	1	1	1	1	0.09698615934607391	1	1	1	1	1
REACTOME_CLASS_I_MHC_MEDIATED_ANTIGEN_PROCESSING_PRESENTATION	1	1	1	1	1	1	1	1	1	1	1	1	1	1	1	1	1	1	1	1	1	1	1	1	1	1	1	1	1	1	1	1	1	1	0.08082800334932694	1	1
REACTOME_COLLAGEN_DEGRADATION	1	1	1	1	1	1	1	1	1	1	1	1	1	1	1	1	1	1	1	1	1	1	1	1	1	1	0.00040214015603212694	1	1	1	1	1	1	1	1	1	1
REACTOME_COOPERATION_OF_PDCL_PHLP1_AND_TRIC_CCT_IN_G_PROTEIN_BETA_FOLDING	1	1	1	1	1	1	1	1	1	1	1	1	1	1	1	1	1	1	1	1	1	1	1	1	1	1	1	1	0.00646380642890787	1	1	1	1	1	1	1	1
REACTOME_COOPERATION_OF_PREFOLDIN_AND_TRIC_CCT_IN_ACTIN_AND_TUBULIN_FOLDING	1	1	1	1	1	1	1	1	1	1	1	1	1	1	1	1	1	1	1	1	1	1	1	1	1	1	1	1	1	1	1	1	1	1	1	0.0011199438526258154	1
REACTOME_COPI_DEPENDENT_GOLGI_TO_ER_RETROGRADE_TRAFFIC	1	1	1	1	1	1	1	1	1	1	1	1	1	1	1	1	1	1	1	1	1	1	1	1	1	1	1	1	1	1	1	1	1	1	1	0.009880846552887346	1
REACTOME_COPI_INDEPENDENT_GOLGI_TO_ER_RETROGRADE_TRAFFIC	1	1	1	1	1	1	1	1	1	1	1	1	1	1	1	1	1	1	1	1	1	1	1	1	0.0005594505786991055	1	1	1	1	1	1	1	1	1	0.0020704271358304993	0.002870303463735624	1
REACTOME_COPI_MEDIATED_ANTEROGRADE_TRANSPORT	1	1	1	1	1	1	1	1	1	1	1	1	1	1	1	1	1	1	1	1	1	1	1	1	0.0020552758118880243	1	1	1	1	1	1	1	1	1	0.0074579122911923035	0.0102634858371623	1
REACTOME_CRMPS_IN_SEMA3A_SIGNALING	1	1	0.00034347698384140646	1	1	1	1	1	1	1	1	1	1	1	1	1	1	1	1	1	1	1	1	1	1	1	1	1	1	1	1	1	1	1	1	1	1
REACTOME_C_TYPE_LECTIN_RECEPTORS_CLRS_	1	1	1	1	1	1	1	1	1	0.055670351635998094	1	1	1	1	1	1	1	1	1	1	1	1	1	1	1	1	1	1	1	1	1	1	1	1	1	1	1
REACTOME_DECTIN_2_FAMILY	1	1	1	1	1	1	1	1	1	0.002256235294700426	1	1	1	1	1	1	1	1	1	1	1	1	1	1	1	1	1	1	1	1	1	1	1	1	1	1	1
REACTOME_DEFECTIVE_C1GALT1C1_CAUSES_TN_POLYAGGLUTINATION_SYNDROME_TNPS_	1	1	1	1	1	1	1	1	1	0.0009588246531431199	1	1	1	1	1	1	1	1	1	1	1	1	1	1	1	1	1	1	1	1	1	1	1	1	1	1	1
REACTOME_DEFECTIVE_GALNT3_CAUSES_FAMILIAL_HYPERPHOSPHATEMIC_TUMORAL_CALCINOSIS_HFTC_	1	1	1	1	1	1	1	1	1	0.0008474742130508695	1	1	1	1	1	1	1	1	1	1	1	1	1	1	1	1	1	1	1	1	1	1	1	1	1	1	1
REACTOME_DEGRADATION_OF_THE_EXTRACELLULAR_MATRIX	1	1	1	1	1	1	1	1	1	1	1	1	1	1	1	1	1	1	1	1	1	1	1	1	1	1	0.003846083015217494	1	1	1	1	1	1	1	1	1	1
REACTOME_DEVELOPMENTAL_BIOLOGY	1	0.04241617346558901	1	0.06650238736716851	1	1	1	1	1	1	1	1	1	1	1	1	1	1	1	0.006632908632634327	1	1	1	1	1	1	1	1	1	1	1	1	1	1	1	1	1
REACTOME_DISEASE	0.08271307933150629	1	1	1	1	1	1	1	1	0.023087838416948614	1	1	1	1	1	1	1	1	1	1	1	1	1	0.09509186642210865	1	1	1	1	1	1	1	1	1	1	1	1	1
REACTOME_DISEASES_ASSOCIATED_WITH_O_GLYCOSYLATION_OF_PROTEINS	1	1	1	1	1	1	1	1	1	0.0008270153649768686	1	1	1	1	1	1	1	1	1	1	1	1	1	1	1	1	1	1	1	1	1	1	1	1	1	1	1
REACTOME_DISEASES_OF_GLYCOSYLATION	1	1	1	1	0.0011411290779801408	1	0.03666681627788071	1	1	0.0005945805138819482	1	1	1	1	1	1	1	1	1	1	1	1	0.09192031217253493	1	1	1	0.041610516060620384	1	1	1	1	0.08211850397260378	1	1	1	1	1
REACTOME_DISEASES_OF_METABOLISM	1	1	1	1	0.003334125258798948	1	0.09533656518235945	0.023572715076543793	1	0.0005078490426405624	1	1	1	1	1	1	0.003334125258798948	1	1	1	1	0.06774181759643105	1	1	1	1	1	1	1	1	1	1	1	1	1	1	1
REACTOME_ER_TO_GOLGI_ANTEROGRADE_TRANSPORT	1	1	1	0.03704600230534971	1	1	1	1	1	1	1	1	1	1	1	1	1	1	1	1	1	1	1	1	0.0046735527610447525	1	1	1	0.07319841401116434	1	1	1	1	1	0.016603012423676455	0.02266954072806293	1
REACTOME_EXTRACELLULAR_MATRIX_ORGANIZATION	1	1	1	1	1	1	1	1	1	1	1	1	1	1	1	1	1	1	1	1	1	1	1	1	1	1	0.004552575085288391	1	1	1	1	1	1	1	1	1	1
REACTOME_FACTORS_INVOLVED_IN_MEGAKARYOCYTE_DEVELOPMENT_AND_PLATELET_PRODUCTION	1	0.017581437243433418	1	1	1	1	1	1	1	1	1	1	1	1	1	1	1	1	1	1	1	1	1	1	0.005595279347717974	1	1	1	1	1	1	1	1	1	0.01975894305469339	0.02691886185072545	1
REACTOME_FORMATION_OF_TUBULIN_FOLDING_INTERMEDIATES_BY_CCT_TRIC	1	1	1	1	1	1	1	1	1	1	1	1	1	1	1	1	1	1	1	1	1	1	1	1	1	1	1	1	1	1	1	1	1	1	1	0.0006937566812127427	1
REACTOME_GAP_JUNCTION_ASSEMBLY	1	1	1	1	1	1	1	1	1	1	1	1	1	1	1	1	1	1	1	1	1	1	1	1	1	1	1	1	1	1	1	1	1	1	1	0.001484382596709577	1
REACTOME_GAP_JUNCTION_TRAFFICKING_AND_REGULATION	1	1	1	1	1	1	1	1	1	1	1	1	1	1	1	1	1	1	1	1	1	1	1	1	1	1	1	1	1	1	1	1	1	1	1	0.002660582550958135	1
REACTOME_GOLGI_TO_ER_RETROGRADE_TRANSPORT	1	1	1	1	1	1	1	1	1	1	1	1	1	1	1	1	1	1	1	1	1	1	1	1	0.0035154629576055196	1	1	1	1	1	1	1	1	1	0.012594044392876147	0.017249368457370795	1
REACTOME_GPCR_LIGAND_BINDING	1	1	1	1	1	1	1	1	1	1	1	0.0742072837757084	1	1	1	1	1	1	0.0013510230118906064	1	1	1	1	0.09545234761522758	1	1	1	1	1	1	1	1	1	1	1	1	1
REACTOME_GROWTH_HORMONE_RECEPTOR_SIGNALING	1	1	1	1	1	1	1	1	1	1	1	1	1	1	1	1	1	1	1	1	1	1	1	1	1	1	1	1	1	1	1	0.0028615211344324987	1	1	0.00042389117084695727	1	1
REACTOME_G_ALPHA_I_SIGNALLING_EVENTS	1	0.08421516416495256	1	1	1	1	0.009814569555572805	1	1	0.023345136145711987	1	0.0004918853027746639	1	0.0014860801026966852	1	1	1	0.02904761726352112	0.017642179858674556	1	1	1	1	1	1	1	0.06246428513943303	1	0.005668633234611864	1	1	1	0.02904761726352112	0.01285941961998105	1	1	1
REACTOME_G_ALPHA_Q_SIGNALLING_EVENTS	1	1	0.05385386005904691	1	1	1	0.01047638860015776	1	1	1	1	0.018467932332670633	1	1	1	1	1	1	1	1	1	1	1	1	1	1	1	1	0.02395230973782081	1	1	1	0.00889808014329152	1	1	1	1
REACTOME_G_ALPHA_Z_SIGNALLING_EVENTS	1	1	1	1	1	1	0.004609496954344872	1	1	1	1	1	1	1	1	1	1	1	1	1	1	1	1	1	1	1	1	1	0.008376948716791954	1	1	1	0.0004587648106445519	1	1	1	1
REACTOME_G_PROTEIN_ACTIVATION	1	1	1	1	1	1	1	1	1	1	1	1	1	1	1	1	1	1	1	1	1	1	1	1	1	1	1	1	0.002910602021111486	1	1	1	1	1	1	1	1
REACTOME_HCMV_EARLY_EVENTS	1	1	1	1	1	1	1	1	1	1	1	1	1	1	1	1	1	1	1	1	1	1	1	1	0.003724005424614929	1	1	1	1	1	1	1	1	1	0.013319826422989012	0.01823260062254639	1
REACTOME_HCMV_INFECTION	1	1	1	1	1	1	1	1	1	1	1	1	1	1	1	1	1	1	1	1	1	1	1	1	0.005093992858233198	1	1	1	1	1	1	1	1	1	0.018046181279266937	0.0246145276602332	1
REACTOME_HEDGEHOG_OFF_STATE	1	1	1	1	1	1	1	1	1	1	1	1	1	1	1	1	1	1	1	1	1	1	1	1	1	1	1	1	1	1	1	1	1	1	1	0.012483910549830446	1
REACTOME_HEMOSTASIS	1	0.007656145809156412	1	1	1	1	1	1	1	1	0.023755446456587448	1	1	1	1	1	1	1	1	1	1	1	1	1	0.07463165707552144	1	1	1	1	1	1	1	1	1	1	1	1
REACTOME_HIGHLY_CALCIUM_PERMEABLE_NICOTINIC_ACETYLCHOLINE_RECEPTORS	1	1	1	1	1	1	1	1	2.2663604196004883e-05	1	1	1	1	1	1	1	1	1	1	1	1	1	1	1	1	1	1	1	1	1	1	1	1	1	1	1	1
REACTOME_HIGHLY_CALCIUM_PERMEABLE_POSTSYNAPTIC_NICOTINIC_ACETYLCHOLINE_RECEPTORS	1	1	1	1	1	1	1	1	3.459350531676009e-05	1	1	1	1	1	1	1	1	1	1	1	1	1	1	1	1	1	1	1	1	1	1	1	1	1	1	1	1
REACTOME_HIGHLY_SODIUM_PERMEABLE_POSTSYNAPTIC_ACETYLCHOLINE_NICOTINIC_RECEPTORS	1	1	1	1	1	1	1	1	1.3232469272206338e-05	1	1	1	1	1	1	1	1	1	1	1	1	1	1	1	1	1	1	1	1	1	1	1	1	1	1	1	1
REACTOME_HSP90_CHAPERONE_CYCLE_FOR_STEROID_HORMONE_RECEPTORS_SHR_	1	1	1	0.0055726133121547505	1	1	1	1	0.000983058111243107	1	1	1	1	1	1	1	1	1	1	1	1	1	1	1	6.298996810150115e-06	1	1	1	1	1	1	1	1	1	0.002390723583069909	0.0033123472646118257	1
REACTOME_INSULIN_PROCESSING	1	1	1	1	1	1	1	1	1	1	1	1	1	1	1	1	1	1	1	1	1	1	1	1	1	1	1	1	1	1	1	0.0036161044873718184	1	1	1	1	1
REACTOME_INTEGRATION_OF_ENERGY_METABOLISM	1	1	1	1	1	1	1	1	1	1	1	1	1	1	1	1	1	1	1	1	1	1	1	1	1	1	1	1	0.03852577762768117	1	1	1	1	1	1	1	1
REACTOME_INTERFERON_GAMMA_SIGNALING	1	1	1	1	1	1	1	1	1	1	1	1	1	1	1	1	1	1	1	1	1	1	1	1	1	1	1	1	1	1	1	1	1	1	1	1	0.027883644981887112
REACTOME_INTERLEUKIN_4_AND_INTERLEUKIN_13_SIGNALING	1	1	1	1	1	1	1	1	1	1	1	1	1	1	1	1	1	1	1	1	1	1	0.05931791766067118	1	1	1	0.026161248234016332	1	1	1	1	0.052752451017405	1	1	1	1	1
REACTOME_INTRAFLAGELLAR_TRANSPORT	1	1	1	1	1	1	1	1	1	1	1	1	1	1	1	1	1	1	1	1	1	1	1	1	1	1	1	1	1	1	1	1	1	1	1	0.0029779972436025925	1
REACTOME_INTRA_GOLGI_AND_RETROGRADE_GOLGI_TO_ER_TRAFFIC	1	1	1	1	1	1	1	1	1	1	1	1	1	1	1	1	1	1	1	1	1	1	1	1	0.007893203816969452	1	1	1	1	1	1	1	1	1	0.027510144415837656	0.03729721918276829	1
REACTOME_INWARDLY_RECTIFYING_K_CHANNELS	1	1	1	1	1	1	1	1	1	1	1	1	1	1	1	1	1	1	0.0001422855520586408	1	1	1	1	1	1	1	1	1	0.004523782059348891	1	1	1	1	1	1	1	1
REACTOME_ION_HOMEOSTASIS	1	1	1	1	1	1	1	1	1	1	1	1	1	1	1	1	1	1	1	1	1	1	1	1	1	1	1	1	1	1	1	1	1	1	1	1	0.009985348923522541
REACTOME_KINESINS	1	1	1	1	1	1	1	1	1	1	1	1	1	1	1	1	1	1	1	1	1	1	1	1	1	1	1	1	1	1	1	1	1	1	1	0.003784241236929109	1
REACTOME_L1CAM_INTERACTIONS	1	1	1	1	1	1	1	1	1	1	1	1	1	1	1	1	1	1	1	0.008096027348265977	1	1	1	1	1	1	1	1	0.04729755258684276	1	1	1	1	1	1	0.014219405853571399	1
REACTOME_LEISHMANIA_INFECTION	1	1	1	1	1	1	1	1	1	1	1	1	1	1	0.07071929765158513	0.09857161919850266	1	1	1	1	1	1	1	0.04611661561412839	1	1	1	1	1	1	1	0.018577269968573118	1	1	1	1	1
REACTOME_LTC4_CYSLTR_MEDIATED_IL4_PRODUCTION	1	1	1	1	1	1	1	1	1	1	1	1	1	1	1	1	1	1	1	1	1	1	1	1	1	1	1	1	1	1	1	0.00022570782238107157	1	1	1	1	1
REACTOME_MAPK6_MAPK4_SIGNALING	1	1	1	1	1	1	1	1	1	1	1	1	1	1	1	1	1	1	1	1	1	1	1	1	1	1	1	1	1	1	1	0.03837447103488845	1	1	1	0.008593699482006834	1
REACTOME_MAPK_FAMILY_SIGNALING_CASCADES	1	1	1	1	1	1	1	1	1	1	1	1	1	1	1	1	1	1	1	1	1	1	1	1	1	1	1	1	1	1	1	1	1	1	1	0.08677832523420914	1
REACTOME_MEMBRANE_TRAFFICKING	1	1	1	1	1	1	1	1	1	1	1	1	1	1	1	1	1	1	1	1	1	1	1	1	0.06535661263727288	1	1	1	1	1	1	1	1	1	1	1	1
REACTOME_METABOLISM_OF_AMINO_ACIDS_AND_DERIVATIVES	1	1	1	1	1	1	1	1	1	1	1	0.05083213315727342	1	1	0.09981981902941839	1	1	1	1	1	1	1	1	0.06594933263029268	1	1	1	1	1	0.09095601606633275	1	1	1	1	1	1	1
REACTOME_METABOLISM_OF_LIPIDS	1	1	1	1	1	1	0.06864260216288398	1	1	1	1	1	1	1	1	1	1	1	1	1	1	1	1	1	1	1	1	1	1	1	1	0.09782375780879793	1	1	1	1	1
REACTOME_METABOLISM_OF_STEROIDS	1	1	1	1	1	1	1	1	1	1	1	1	1	1	1	1	1	1	1	1	1	1	1	1	1	1	1	1	1	1	1	0.09010348078644315	1	1	1	1	1
REACTOME_METABOLISM_OF_VITAMINS_AND_COFACTORS	1	1	1	1	1	1	1	1	1	1	1	1	1	0.024090045680856598	0.029730222084437763	1	1	1	1	1	1	1	1	1	1	1	1	1	1	1	1	1	1	1	1	1	1
REACTOME_MHC_CLASS_II_ANTIGEN_PRESENTATION	1	1	1	1	1	1	1	1	1	1	1	1	1	1	1	1	1	1	1	1	1	1	1	1	0.0031155694317277494	1	1	1	1	1	1	1	1	1	0.011197208058730479	0.01535444417047871	1
REACTOME_MITOTIC_G2_G2_M_PHASES	1	1	1	1	1	1	1	1	1	1	1	1	1	1	1	1	1	1	1	1	1	1	1	1	1	1	1	1	1	1	1	1	1	1	1	0.0362980215307096	1
REACTOME_MITOTIC_METAPHASE_AND_ANAPHASE	1	1	1	1	1	1	1	1	1	1	1	1	1	1	1	1	1	1	1	1	1	1	1	1	0.010551245220955074	1	1	1	1	1	1	1	1	1	0.036296000362369796	0.04897171678201051	1
REACTOME_MITOTIC_PROMETAPHASE	1	1	1	1	1	1	1	1	1	1	1	1	1	1	1	1	1	1	1	1	1	1	1	1	0.007893203816969452	1	1	1	1	1	1	1	1	1	0.027510144415837656	0.03729721918276829	1
REACTOME_MUSCLE_CONTRACTION	1	1	0.04905611717046643	1	1	1	0.06971677416593658	1	1	1	1	1	1	1	1	1	1	1	1	1	1	1	1	1	1	1	1	0.014303010271515593	1	1	1	1	1	1	1	1	0.0002504806246366176
REACTOME_M_PHASE	1	1	1	1	1	1	1	1	1	1	1	1	1	1	1	1	1	1	1	1	1	1	1	1	0.030949150236925238	1	1	1	1	1	1	1	1	1	0.09916521592776317	1	1
REACTOME_NEGATIVE_REGULATION_OF_TCF_DEPENDENT_SIGNALING_BY_WNT_LIGAND_ANTAGONISTS	1	1	1	1	1	1	1	1	1	1	1	1	1	1	1	0.00030086121466066373	1	1	1	1	1	1	1	1	1	1	1	1	1	1	1	1	1	1	1	1	1
REACTOME_NERVOUS_SYSTEM_DEVELOPMENT	1	0.030841040250873974	0.07791661314984077	1	1	1	1	1	1	1	1	1	1	1	1	1	1	1	1	0.0003350180563027605	1	1	0.05424291510586976	1	1	1	1	1	1	1	1	1	1	1	1	0.05519459626596346	1
REACTOME_NEURONAL_SYSTEM	1	0.08674576737412809	1	0.045606927714507695	1	1	1	0.059900513215416895	0.004077075001834185	1	1	1	0.0963605237201326	1	1	0.033245343943871575	0.009046038860326289	1	0.018228573170080864	1	1	0.033245343943871575	1	1	1	0.03673145233313302	0.06509636685678322	1	0.00609146365225699	1	1	1	1	1	1	1	0.027016604554617296
REACTOME_NEUROTRANSMITTER_RECEPTORS_AND_POSTSYNAPTIC_SIGNAL_TRANSMISSION	1	0.024969886427033128	1	1	1	1	1	1	0.000555799051116801	1	1	1	1	1	1	1	1	1	1	1	1	1	1	1	1	1	0.07864752339592562	1	1	1	1	1	1	1	1	0.03796930489974926	1
REACTOME_NOTCH2_ACTIVATION_AND_TRANSMISSION_OF_SIGNAL_TO_THE_NUCLEUS	1	1	1	1	1	1	1	1	1	1	1	1	1	1	1	1	1	1	1	1	1	1	6.216138835268836e-05	1	1	1	0.0011216736488064427	1	1	1	1	1	1	1	1	1	1
REACTOME_NOTCH3_ACTIVATION_AND_TRANSMISSION_OF_SIGNAL_TO_THE_NUCLEUS	1	1	1	1	1	1	1	1	1	1	1	1	1	1	1	1	1	1	1	1	1	1	0.0035344070296092767	1	1	1	1	1	1	1	1	1	1	1	1	1	1
REACTOME_NUCLEAR_ENVELOPE_NE_REASSEMBLY	1	1	1	1	1	1	1	1	1	1	1	1	1	1	1	1	1	1	1	1	1	1	1	1	1	1	1	1	1	1	1	1	1	1	1	0.0058139160774204335	1
REACTOME_OPIOID_SIGNALLING	1	1	1	1	1	1	1	1	1	1	1	1	1	1	1	1	1	1	1	1	1	1	1	1	1	1	1	1	0.027578006899316887	1	1	1	1	1	1	1	1
REACTOME_ORGANELLE_BIOGENESIS_AND_MAINTENANCE	1	1	1	1	1	1	1	1	1	1	1	1	1	1	1	1	1	1	1	1	1	1	1	1	1	1	1	1	1	1	1	1	1	1	1	0.07307450246373526	1
REACTOME_O_LINKED_GLYCOSYLATION	1	1	1	1	1	1	1	1	1	0.0033781048268658465	1	1	1	1	1	1	1	1	1	1	1	1	1	1	1	1	1	1	1	1	1	1	1	1	1	1	1
REACTOME_O_LINKED_GLYCOSYLATION_OF_MUCINS	1	1	1	1	1	1	1	1	1	0.01234507595829426	1	1	1	1	1	1	1	1	1	1	1	1	1	1	1	1	1	1	1	1	1	1	1	1	1	1	1
REACTOME_PEPTIDE_HORMONE_METABOLISM	1	1	1	1	1	1	0.015493445328553346	1	1	1	1	1	1	1	1	1	1	1	1	1	1	1	1	1	1	1	1	1	0.027578006899316887	1	1	0.0033183948572415023	1	1	1	1	1
REACTOME_PEPTIDE_LIGAND_BINDING_RECEPTORS	1	1	1	1	1	1	1	1	1	1	1	0.01551748946972864	1	1	1	1	1	1	1	1	1	1	1	1	1	1	1	1	1	1	1	1	1	1	1	1	1
REACTOME_PHASE_0_RAPID_DEPOLARISATION	1	1	1	1	1	1	1	1	1	1	1	1	1	1	1	1	1	1	1	1	1	1	1	1	1	1	1	1	1	1	1	1	1	1	1	1	0.006135919221455954
REACTOME_PHASE_II_CONJUGATION_OF_COMPOUNDS	1	1	1	1	1	1	1	1	1	1	1	1	1	1	0.010544984702830495	1	1	1	1	1	1	1	1	1	1	1	1	1	1	1	1	1	1	1	1	1	1
REACTOME_PLATELET_HOMEOSTASIS	1	1	1	1	1	1	1	1	1	1	1	1	1	1	1	1	1	1	1	1	1	1	1	1	1	1	1	1	1	1	1	1	1	1	1	1	0.024115518402823444
REACTOME_POST_CHAPERONIN_TUBULIN_FOLDING_PATHWAY	1	1	1	1	1	1	1	1	1	1	1	1	1	1	1	1	1	1	1	1	1	1	1	1	1	1	1	1	1	1	1	1	1	1	1	0.0005415370642932738	1
REACTOME_POTASSIUM_CHANNELS	1	1	1	1	1	1	1	1	1	1	1	1	1	1	1	1	1	1	0.0012347469654916399	1	1	0.0007297824348847515	1	1	1	1	1	1	0.0031938042142058976	1	1	0.04615044059617124	1	1	1	1	0.03364771911715181
REACTOME_PROTEIN_FOLDING	1	1	1	1	1	1	1	1	1	1	1	1	1	1	1	1	1	1	1	1	1	1	1	1	1	1	1	1	0.0031069146174390605	1	1	1	1	1	1	0.0102634858371623	1
REACTOME_RECRUITMENT_OF_NUMA_TO_MITOTIC_CENTROSOMES	1	1	1	1	1	1	1	1	1	1	1	1	1	1	1	1	1	1	1	1	1	1	1	1	1	1	1	1	1	1	1	1	1	1	1	0.008953129953708894	1
REACTOME_RECYCLING_PATHWAY_OF_L1	1	1	1	1	1	1	1	1	1	1	1	1	1	1	1	1	1	1	1	1	1	1	1	1	1	1	1	1	1	1	1	1	1	1	1	0.0024584530689986117	1
REACTOME_REGULATION_OF_BETA_CELL_DEVELOPMENT	1	1	1	1	1	1	1	1	1	1	1	1	1	1	1	1	1	1	1	1	1	1	1	1	1	1	1	1	1	1	1	0.0003624446318677421	1	1	1	1	1
REACTOME_REGULATION_OF_GENE_EXPRESSION_IN_BETA_CELLS	1	1	1	1	1	1	1	1	1	1	1	1	1	1	1	1	1	1	1	1	1	1	1	1	1	1	1	1	1	1	1	0.002191103872805744	1	1	1	1	1
REACTOME_REGULATION_OF_GENE_EXPRESSION_IN_ENDOCRINE_COMMITTED_NEUROG3_PROGENITOR_CELLS	1	1	1	1	1	1	1	1	1	1	1	1	1	1	1	1	1	1	1	1	1	1	1	1	1	1	1	1	1	1	1	0.00010793715428147888	1	1	1	1	1
REACTOME_REGULATION_OF_INSULIN_LIKE_GROWTH_FACTOR_IGF_TRANSPORT_AND_UPTAKE_BY_INSULIN_LIKE_GROWTH_FACTOR_BINDING_PROTEINS_IGFBPS_	1	1	1	0.0017972476011884897	1	1	1	1	1	1	1	0.006382773897238514	1	1	1	1	1	1	1	1	1	1	0.0719948102290151	1	1	1	1	1	1	1	1	0.06414516177126783	1	1	1	1	0.04709909136452706
REACTOME_REGULATION_OF_INSULIN_SECRETION	1	1	1	1	1	1	1	1	1	1	1	1	1	1	1	1	1	1	1	1	1	1	1	1	1	1	1	1	0.021128375170026525	1	1	1	1	1	1	1	1
REACTOME_REGULATION_OF_LIPID_METABOLISM_BY_PPARALPHA	1	1	1	1	1	1	0.026156466814878043	1	1	1	1	1	1	1	1	1	1	1	1	1	1	1	1	1	1	1	1	1	1	1	1	1	1	1	1	1	1
REACTOME_REPRODUCTION	1	1	1	1	1	1	1	1	1	1	1	1	1	1	1	1	1	1	1	1	1	1	1	0.011460729945681036	1	1	1	1	1	1	1	1	1	1	1	1	1
REACTOME_RESOLUTION_OF_SISTER_CHROMATID_COHESION	1	1	1	1	1	1	1	1	1	1	1	1	1	1	1	1	1	1	1	1	1	1	1	1	0.0031155694317277494	1	1	1	1	1	1	1	1	1	0.011197208058730479	0.01535444417047871	1
REACTOME_RHO_GTPASES_ACTIVATE_FORMINS	1	1	1	1	1	1	1	1	1	1	1	1	1	1	1	1	1	1	1	1	1	1	1	1	0.003830414400100568	1	1	1	1	1	1	1	1	1	0.01368947826793443	0.018733031078998263	1
REACTOME_RHO_GTPASES_ACTIVATE_IQGAPS	1	1	1	1	1	1	1	1	1	1	1	1	1	1	1	1	1	1	1	1	1	1	1	1	1	1	1	1	1	1	1	1	1	1	1	0.0010530244021740298	1
REACTOME_RHO_GTPASE_EFFECTORS	1	1	1	1	1	1	1	1	1	1	1	1	1	1	1	1	1	1	1	1	1	1	1	1	0.01929792859146151	1	1	1	1	1	1	1	1	1	0.06412055598802102	0.08541893525496658	1
REACTOME_SEALING_OF_THE_NUCLEAR_ENVELOPE_NE_BY_ESCRT_III	1	1	1	1	1	1	1	1	1	1	1	1	1	1	1	1	1	1	1	1	1	1	1	1	1	1	1	1	1	1	1	1	1	1	1	0.0010530244021740298	1
REACTOME_SELECTIVE_AUTOPHAGY	1	1	1	1	1	1	1	1	1	1	1	1	1	1	1	1	1	1	1	1	1	1	1	1	0.0013345137258028439	1	1	1	1	1	1	1	1	1	0.004881530846506221	0.006738026957052057	1
REACTOME_SEMAPHORIN_INTERACTIONS	1	1	0.005484574988618651	1	1	1	1	1	1	1	1	1	1	1	1	1	1	1	1	1	1	1	1	1	1	1	1	1	1	1	1	1	1	1	1	1	1
REACTOME_SEPARATION_OF_SISTER_CHROMATIDS	1	1	1	1	1	1	1	1	1	1	1	1	1	1	1	1	1	1	1	1	1	1	1	1	0.0070152063566060185	1	1	1	1	1	1	1	1	1	0.024566967264485484	0.03336574030005279	1
REACTOME_SIGNALING_BY_GPCR	1	1	1	1	1	1	1	1	1	1	1	0.023847990498727878	1	0.059640828966380566	1	1	1	1	0.019132975459411283	1	1	1	1	1	1	1	1	1	1	1	1	1	1	0.09457938585886905	1	1	1
REACTOME_SIGNALING_BY_HEDGEHOG	1	1	1	0.03489484651810171	1	1	1	1	1	1	1	1	1	1	1	1	1	1	1	1	1	1	1	1	1	1	1	1	1	1	1	1	1	1	1	0.021321880599012744	1
REACTOME_SIGNALING_BY_INTERLEUKINS	1	1	1	1	1	0.07392748826217899	1	1	1	1	1	1	1	1	1	1	1	1	1	1	1	1	1	1	1	1	1	1	1	1	1	1	1	1	1	1	1
REACTOME_SIGNALING_BY_MET	1	1	1	1	1	1	1	1	1	1	1	1	1	1	0.005663151205567374	1	1	1	1	1	1	1	1	1	1	1	1	1	1	1	1	1	1	1	1	1	1
REACTOME_SIGNALING_BY_NOTCH	1	1	1	1	1	1	1	1	1	1	1	1	1	1	1	1	1	1	1	1	1	1	0.05750967389014583	1	1	1	1	1	1	1	1	1	1	1	1	1	1
REACTOME_SIGNALING_BY_NOTCH1	1	1	1	1	1	1	1	1	1	1	1	1	1	1	1	1	1	1	1	1	1	1	0.028498150607517814	1	1	1	1	1	1	1	1	1	1	1	1	1	1
REACTOME_SIGNALING_BY_NOTCH1_HD_DOMAIN_MUTANTS_IN_CANCER	1	1	1	1	1	1	1	1	1	1	1	1	1	1	1	1	1	1	1	1	1	1	0.0012654045320732443	1	1	1	1	1	1	1	1	1	1	1	1	1	1
REACTOME_SIGNALING_BY_NOTCH1_PEST_DOMAIN_MUTANTS_IN_CANCER	1	1	1	1	1	1	1	1	1	1	1	1	1	1	1	1	1	1	1	1	1	1	0.018077762263461805	1	1	1	1	1	1	1	1	1	1	1	1	1	1
REACTOME_SIGNALING_BY_NOTCH1_T_7_9_NOTCH1_M1580_K2555_TRANSLOCATION_MUTANT	1	1	1	1	1	1	1	1	1	1	1	1	1	1	1	1	1	1	1	1	1	1	0.00025772209574792537	1	1	1	1	1	1	1	1	1	1	1	1	1	1
REACTOME_SIGNALING_BY_NOTCH2	1	1	1	1	1	1	1	1	1	1	1	1	1	1	1	1	1	1	1	1	1	1	0.00021426084743259022	1	1	1	0.0025243320069066044	1	1	1	1	1	1	1	1	1	1
REACTOME_SIGNALING_BY_NOTCH3	1	1	1	1	1	1	1	1	1	1	1	1	1	1	1	1	1	1	1	1	1	1	0.013124095767253596	1	1	1	1	1	1	1	1	1	1	1	1	1	1
REACTOME_SIGNALING_BY_RECEPTOR_TYROSINE_KINASES	1	1	1	1	1	0.08598210237480974	1	1	1	1	1	1	0.025257181286818642	1	0.005156568490696012	1	1	1	1	1	1	1	1	1	1	1	1	1	1	1	1	1	1	1	1	1	1
REACTOME_SIGNALING_BY_RHO_GTPASES	1	1	1	1	1	1	1	1	1	1	1	1	1	1	1	1	1	1	1	1	1	1	1	1	0.036212904433137405	1	1	1	1	1	1	1	1	1	1	1	1
REACTOME_SIGNALING_BY_VEGF	1	1	1	1	1	1	1	1	1	1	1	1	1	1	1	1	1	1	1	1	1	1	0.05467422220206675	1	1	1	1	1	1	1	1	1	1	1	1	1	1
REACTOME_SIGNALING_BY_WNT	1	1	1	1	1	1	1	1	1	1	1	1	1	1	1	0.019090245698187847	1	1	1	1	1	1	1	0.05310210176908847	1	1	1	1	0.06924917530279806	1	1	1	1	0.008798811400278495	1	0.08860140935491478	1
REACTOME_SLC_MEDIATED_TRANSMEMBRANE_TRANSPORT	1	1	1	1	1	1	1	1	1	1	1	1	1	1	1	1	1	1	1	1	0.044798278810647796	1	1	1	1	1	1	1	1	1	1	1	1	1	1	1	1
REACTOME_STRIATED_MUSCLE_CONTRACTION	1	1	1	1	1	1	1	1	1	1	1	1	1	1	1	1	1	1	1	1	1	1	1	1	1	1	1	0.0004693212604980346	1	1	1	1	1	1	1	1	0.004537331687993751
REACTOME_SURFACTANT_METABOLISM	1	1	1	1	1	1	1	1	1	1	1	1	1	1	1	0.0012267661251332829	1	1	1	1	1	1	1	1	1	1	1	1	0.0033373853723387414	1	1	0.00013180949707158884	1	1	1	1	1
REACTOME_SYNTHESIS_OF_LEUKOTRIENES_LT_AND_EOXINS_EX_	1	1	1	1	1	1	1	1	1	1	1	1	1	1	1	1	1	1	1	1	1	1	1	1	1	1	1	1	1	1	1	0.002191103872805744	1	1	1	1	1
REACTOME_TCF_DEPENDENT_SIGNALING_IN_RESPONSE_TO_WNT	1	1	1	1	1	1	1	1	1	1	1	1	1	1	1	0.06205125572239334	1	1	1	1	1	1	1	1	1	1	1	1	1	1	1	1	1	1	1	1	1
REACTOME_TERMINATION_OF_O_GLYCAN_BIOSYNTHESIS	1	1	1	1	1	1	1	1	1	0.0017654423981047218	1	1	1	1	1	1	1	1	1	1	1	1	1	1	1	1	1	1	1	1	1	1	1	1	1	1	1
REACTOME_THE_ROLE_OF_GTSE1_IN_G2_M_PROGRESSION_AFTER_G2_CHECKPOINT	1	1	1	1	1	1	1	1	1	1	1	1	1	1	1	1	1	1	1	1	1	1	1	1	1	1	1	1	1	1	1	1	1	1	1	0.006268093622786908	1
REACTOME_TOLL_LIKE_RECEPTOR_4_TLR4_CASCADE	1	1	1	1	1	0.006685500454339688	1	1	1	1	1	1	1	1	1	1	1	1	1	1	1	1	0.07503622392985809	1	1	1	0.03352931342933774	1	1	1	1	0.06688347082192714	1	1	1	1	1
REACTOME_TOLL_LIKE_RECEPTOR_CASCADES	1	1	1	1	1	0.009577011733516883	1	1	1	1	1	1	1	1	1	1	1	1	1	1	1	1	1	1	1	1	0.04699802101949624	1	1	1	1	0.09213501808751823	1	1	1	1	1
REACTOME_TOLL_LIKE_RECEPTOR_TLR1_TLR2_CASCADE	1	1	1	1	1	0.003955798354722262	1	1	1	1	1	1	1	1	1	1	1	1	1	1	1	1	1	1	1	1	1	1	1	1	1	1	1	1	1	1	1
REACTOME_TRANSLOCATION_OF_SLC2A4_GLUT4_TO_THE_PLASMA_MEMBRANE	1	1	1	1	1	1	1	1	1	1	1	1	1	1	1	1	1	1	1	1	1	1	1	1	1	1	1	1	1	1	1	1	1	1	1	0.005233094523843573	1
REACTOME_TRANSMISSION_ACROSS_CHEMICAL_SYNAPSES	1	0.041154394496755176	1	1	1	1	1	1	0.001223789213332882	1	1	1	0.0460273419459285	1	1	0.07911614826347546	1	1	1	1	1	1	1	1	1	1	0.022655988581401165	1	1	1	1	1	1	1	1	0.061804209175514546	1
REACTOME_TRANSPORT_OF_CONNEXONS_TO_THE_PLASMA_MEMBRANE	1	1	1	1	1	1	1	1	1	1	1	1	1	1	1	1	1	1	1	1	1	1	1	1	1	1	1	1	1	1	1	1	1	1	1	0.00045031489711666595	1
REACTOME_TRANSPORT_OF_INORGANIC_CATIONS_ANIONS_AND_AMINO_ACIDS_OLIGOPEPTIDES	1	1	1	1	1	1	1	1	1	1	1	1	1	1	1	1	1	1	1	1	0.008990107811665649	1	1	1	1	1	1	1	1	1	1	1	1	1	1	1	1
REACTOME_TRANSPORT_TO_THE_GOLGI_AND_SUBSEQUENT_MODIFICATION	1	1	1	0.051465588830225784	1	1	1	1	1	1	1	1	1	1	1	1	1	1	1	1	1	1	1	1	0.006663584444328241	1	1	1	0.09990278976367106	1	1	1	1	1	0.02338206368766338	0.03177982874120411	1
REACTOME_VESICLE_MEDIATED_TRANSPORT	1	1	1	1	1	1	1	1	1	1	1	1	1	1	1	1	1	1	1	1	1	1	1	1	0.08372760793435419	1	1	1	1	1	1	1	1	1	1	1	1
REACTOME_VISUAL_PHOTOTRANSDUCTION	1	1	1	1	1	1	1	1	1	0.030296994653419507	1	1	1	1	1	1	1	1	1	1	1	1	1	1	1	1	0.021540383190640666	1	1	1	1	1	1	1	1	1	1
ST_WNT_BETA_CATENIN_PATHWAY	1	1	1	1	1	1	1	1	1	1	1	1	1	1	1	0.0015754171210928813	1	1	1	1	1	1	1	1	1	1	1	1	1	1	1	1	1	1	1	1	1
WNT_SIGNALING	1	1	1	1	1	1	1	1	1	1	1	1	1	1	1	0.0004761365868384271	1	1	1	1	1	1	1	1	1	1	1	1	1	0.006413373974459846	1	1	1	1	1	0.007895038821783329	1
WP_22Q112_DELETION_SYNDROME	1	1	1	1	1	1	1	1	1	0.03142077199648541	1	1	1	1	1	1	1	1	1	1	1	1	1	1	1	1	1	1	1	1	1	0.045348442802795264	1	1	1	1	1
WP_ADIPOGENESIS	1	1	1	1	1	1	1	1	1	1	1	1	1	1	1	1	1	1	1	1	1	1	0.07915492282258041	1	1	1	0.035485029572412286	1	1	1	1	0.07059469593153411	1	1	1	1	0.051956087395581996
WP_B_CELL_RECEPTOR_SIGNALING_PATHWAY	1	1	1	1	1	1	1	1	1	1	1	1	1	1	1	1	1	1	1	1	1	1	1	1	1	1	1	1	1	1	1	0.04219395589322228	1	1	1	1	1
WP_CALCIUM_REGULATION_IN_THE_CARDIAC_CELL	1	0.014224612974653605	1	1	1	1	0.04096532742802006	1	1	0.06435129834345232	1	0.009457066362630995	1	1	1	1	1	1	1	1	1	1	1	1	1	1	1	1	0.009407947605364342	1	1	1	0.004498595409747397	1	1	1	1
WP_CANONICAL_AND_NONCANONICAL_NOTCH_SIGNALING	1	1	1	1	1	1	1	1	1	1	1	1	1	1	1	1	1	1	1	1	1	1	0.004116576802977057	1	1	1	1	1	1	1	1	1	1	1	1	1	1
WP_CELL_CYCLE	1	1	1	0.023833377677783596	1	1	1	1	1	1	1	1	1	1	1	1	1	1	1	1	1	1	1	1	1	1	1	1	1	1	1	1	1	1	1	1	0.04574421376698834
WP_CIRCADIAN_RHYTHM_RELATED_GENES	1	1	1	1	1	1	1	1	1	1	1	1	1	1	0.035137521565415386	1	1	1	1	1	1	1	1	1	1	1	1	1	1	1	1	1	1	1	1	1	1
WP_CORTICOTROPINRELEASING_HORMONE_SIGNALING_PATHWAY	1	1	1	1	1	1	1	1	1	1	1	1	1	1	1	1	1	1	1	1	1	1	0.04326250677038013	1	1	1	1	1	1	1	1	1	1	1	1	1	1
WP_DIFFERENTIATION_PATHWAY	1	1	1	1	1	1	1	1	1	1	1	1	1	1	1	1	1	1	1	1	1	0.003121094766748267	1	1	1	1	1	1	1	1	1	1	1	1	1	1	1
WP_EICOSANOID_METABOLISM_VIA_LIPO_OXYGENASES_LOX	1	1	1	1	1	1	1	1	1	1	1	1	1	1	1	1	1	1	1	1	1	1	1	1	1	1	1	1	1	1	1	0.004165094441685557	1	1	1	1	1
WP_ENDOPLASMIC_RETICULUM_STRESS_RESPONSE_IN_CORONAVIRUS_INFECTION	1	1	1	1	1	1	1	1	1	0.007239910190092846	1	1	1	1	1	1	1	1	0.0002577220955803927	1	1	1	1	1	1	1	1	1	1	1	1	1	1	1	1	1	1
WP_EPITHELIAL_TO_MESENCHYMAL_TRANSITION_IN_COLORECTAL_CANCER	1	1	1	1	1	1	1	1	1	1	1	1	0.018468078251268172	1	0.02284813346832304	0.03273121062751061	1	1	1	1	1	0.03273121062751061	0.00270502119526439	1	1	1	0.05320444819484882	1	1	1	1	1	1	1	1	0.0018384766976086153	1
WP_ESC_PLURIPOTENCY_PATHWAYS	1	1	1	1	1	1	1	1	1	1	1	1	1	1	1	1	1	1	1	1	1	1	1	1	1	1	1	1	1	1	1	1	1	1	1	0.013556880702643825	1
WP_EXERCISEINDUCED_CIRCADIAN_REGULATION	1	1	1	1	1	1	0.004799365202481476	1	1	1	1	1	1	1	1	1	1	1	1	1	1	1	1	1	1	1	1	1	1	1	1	1	1	1	1	1	1
WP_G1_TO_S_CELL_CYCLE_CONTROL	1	1	1	0.006979897264538071	1	1	1	1	1	1	1	1	1	1	1	1	1	1	1	1	1	1	1	1	1	1	1	1	1	1	1	1	1	1	1	1	0.013822965974096713
WP_GENES_INVOLVED_IN_MALE_INFERTILITY	1	1	1	1	1	1	1	1	1	1	1	0.009818963101274614	1	1	1	1	1	1	1	1	1	1	1	1	1	1	0.04810510037311411	1	1	1	1	1	1	0.001992962356213157	1	1	1
WP_G_PROTEIN_SIGNALING_PATHWAYS	1	1	1	1	1	1	1	1	1	1	1	1	1	1	1	1	1	1	1	1	1	1	1	1	1	1	1	1	0.03106403001329827	1	1	1	1	1	1	1	1
WP_HAIR_FOLLICLE_DEVELOPMENT_CYTODIFFERENTIATION_PART_3_OF_3	1	1	1	1	1	1	1	1	1	1	1	1	0.005601316231122366	1	1	1	1	1	1	1	1	1	1	1	1	1	1	1	1	1	1	1	1	1	1	1	1
WP_HEMATOPOIETIC_STEM_CELL_DIFFERENTIATION	1	1	1	1	1	1	1	1	1	1	1	1	1	1	1	1	1	1	1	1	1	1	0.020495697762969667	1	1	1	1	1	1	1	1	1	1	1	1	1	1
WP_HIPPOMERLIN_SIGNALING_DYSREGULATION	1	1	1	1	1	1	1	0.006283311846361994	1	0.004506858566976524	1	1	1	1	1	1	1	1	1	1	1	0.019181526278952532	0.07099030880960888	1	1	1	1	1	1	1	1	0.06324118510225918	1	1	1	1	0.046419795417575016
WP_LNCRNA_INVOLVEMENT_IN_CANONICAL_WNT_SIGNALING_AND_COLORECTAL_CANCER	1	1	1	1	1	1	0.019980658693409814	1	1	1	1	1	0.007599853022908221	1	1	0.013714973041944911	1	1	1	1	1	1	1	1	1	1	1	1	1	1	1	1	1	1	1	1	1
WP_MAPK_SIGNALING_PATHWAY	1	1	1	0.08570810764720427	1	1	1	1	1	1	1	1	1	1	1	1	1	1	1	1	1	0.06919135396323561	1	1	1	1	1	1	1	1	1	1	1	1	1	1	1
WP_MATRIX_METALLOPROTEINASES	1	1	1	1	1	1	1	1	1	1	1	1	1	1	1	1	1	1	1	1	1	1	1	1	1	1	0.0020885247328470413	1	1	1	1	1	1	1	1	1	1
WP_MECP2_AND_ASSOCIATED_RETT_SYNDROME	1	1	1	1	1	1	1	1	1	1	1	1	1	1	1	1	1	1	1	1	1	1	1	1	1	1	1	1	1	1	1	1	1	1	0.0037855653013352253	1	1
WP_MESODERMAL_COMMITMENT_PATHWAY	1	1	1	1	1	1	1	1	1	1	1	1	1	0.016603012423676455	1	1	1	1	1	1	1	1	1	1	1	1	0.04810510037311411	1	1	1	1	1	1	1	1	1	1
WP_MICRORNAS_IN_CARDIOMYOCYTE_HYPERTROPHY	1	1	1	1	1	1	1	1	1	1	1	1	1	1	1	1	1	1	1	1	1	1	1	1	1	1	1	1	1	1	1	0.04455175266060152	1	1	1	1	1
WP_MONOAMINE_TRANSPORT	1	1	1	1	1	1	1	1	1	1	1	1	1	1	1	1	1	1	1	1	1	1	1	1	1	1	1	1	1	1	1	0.005056260389496137	1	1	1	1	1
WP_MYOMETRIAL_RELAXATION_AND_CONTRACTION_PATHWAYS	1	0.015308848838952116	1	1	1	1	0.04393261888411759	1	1	0.06885388800128767	1	1	1	1	1	1	1	1	1	1	1	1	1	1	1	1	0.0497837142890728	1	0.07566596461029418	1	1	1	0.00485165359928541	1	1	1	1
WP_NCRNAS_INVOLVED_IN_WNT_SIGNALING_IN_HEPATOCELLULAR_CARCINOMA	1	1	1	1	1	1	0.015493445328553346	1	1	1	1	1	0.0058514629014588815	1	1	0.010600802629948447	1	1	1	1	1	1	1	1	1	1	1	1	1	1	1	1	1	1	1	1	1
WP_NEOVASCULARISATION_PROCESSES	1	1	1	1	1	1	1	1	1	1	1	1	1	1	1	1	1	1	1	1	1	1	1	1	1	1	1	1	1	1	1	1	1	1	1	0.001407534553643508	1
WP_NEURAL_CREST_DIFFERENTIATION	1	1	1	1	1	1	1	1	1	1	1	1	0.0074579122911923035	1	1	1	1	1	1	1	1	1	0.005679837763689077	1	1	1	1	1	1	1	1	1	1	1	1	1	1
WP_NICOTINE_ACTIVITY_ON_DOPAMINERGIC_NEURONS	1	1	1	1	1	1	1	1	0.0001314849395236406	1	1	1	1	1	1	1	1	1	1	1	1	1	1	1	1	1	1	1	1	1	1	1	1	1	1	1	1
WP_NOCGMPPKG_MEDIATED_NEUROPROTECTION	1	1	1	1	1	1	1	1	1	1	1	1	1	1	1	1	1	1	1	1	1	1	1	1	1	1	1	1	1	1	1	1	1	1	1	1	0.007954388231250609
WP_NOTCH1_REGULATION_OF_HUMAN_ENDOTHELIAL_CELL_CALCIFICATION	1	1	1	1	1	1	1	1	1	1	1	1	1	1	1	1	1	1	1	1	1	1	0.0018313682492869798	1	1	1	1	1	1	1	1	1	1	1	1	1	1
WP_NOTCH_SIGNALING	1	1	1	1	1	1	1	1	1	1	1	1	1	1	1	1	1	1	1	1	1	1	0.012118356918537021	1	1	1	1	1	1	1	1	1	1	1	1	1	1
WP_NOTCH_SIGNALING_PATHWAY_NETPATH	1	1	1	1	1	1	1	1	1	1	1	1	1	1	1	1	1	1	1	1	1	1	7.209191720425334e-05	1	1	1	0.008951056952766656	1	1	1	1	0.018652083127388863	1	1	1	1	1
WP_OSTEOBLAST_DIFFERENTIATION	1	1	1	1	1	1	1	1	1	1	1	1	1	1	1	0.018024940466874417	1	1	1	1	1	1	0.00868494724843194	1	1	1	1	1	1	0.011224227816140964	1	0.059670262372888416	1	1	1	2.7226673211866448e-05	1
WP_OXYSTEROLS_DERIVED_FROM_CHOLESTEROL	1	1	1	1	1	1	1	1	1	1	1	1	1	1	1	1	2.404447982262692e-05	1	1	1	1	1	1	1	1	1	1	1	1	1	1	1	1	1	1	1	1
WP_PARKINUBIQUITIN_PROTEASOMAL_SYSTEM_PATHWAY	1	1	1	0.008301070275722133	1	1	1	1	0.0014787537753300217	1	1	1	1	1	1	1	1	1	1	1	1	1	1	1	0.0009745773665088553	1	1	1	1	1	1	1	1	1	1	0.004953383187972005	1
WP_PATHOGENIC_ESCHERICHIA_COLI_INFECTION	1	1	1	1	1	1	1	1	1	1	1	1	1	1	1	1	1	1	1	1	1	1	1	1	1	1	1	1	1	1	1	1	1	1	1	0.003087572697582641	1
WP_PATHWAYS_REGULATING_HIPPO_SIGNALING	1	1	1	1	1	1	1	1	1	0.02974132698757115	1	1	1	1	1	1	1	1	1	1	1	0.012718869626589857	0.04840643935056188	1	1	1	1	1	1	1	1	1	1	1	1	1	1
WP_PHOSPHODIESTERASES_IN_NEURONAL_FUNCTION	1	1	1	1	1	1	1	1	1	1	1	1	1	1	1	1	1	1	1	0.0016674335865359824	1	1	1	1	1	1	1	1	0.010512669370902894	0.002410663542813163	1	1	1	1	1	1	1
WP_PRIMARY_FOCAL_SEGMENTAL_GLOMERULOSCLEROSIS_FSGS	1	1	1	1	1	1	1	1	1	1	1	1	1	1	1	1	1	1	1	1	1	1	1	1	1	1	1	1	1	1	1	1	1	1	1	1	0.01819850346701557
WP_PURINERGIC_SIGNALING	1	1	1	1	1	1	1	1	1	1	1	1	1	1	1	1	1	1	1	1	1	1	1	1	1	1	1	1	1	1	1	0.005694787983073102	1	1	1	1	1
WP_RAS_SIGNALING	1	1	1	1	1	1	1	1	1	1	1	1	1	1	1	1	1	1	1	1	1	0.040773121511348376	1	1	1	1	0.06580826439988885	1	1	1	1	1	1	1	1	1	1
WP_REGULATION_OF_TOLLLIKE_RECEPTOR_SIGNALING_PATHWAY	1	1	1	1	1	0.0086367990036601	1	1	1	1	1	1	1	1	1	1	1	1	1	1	1	1	1	1	1	1	1	1	1	1	1	1	1	1	1	1	1
WP_RENIN_ANGIOTENSIN_ALDOSTERONE_SYSTEM_RAAS	1	1	1	1	1	1	1	1	1	1	1	1	1	1	1	1	1	1	1	1	1	1	1	1	1	1	1	1	1	1	1	1	1	1	1	1	0.006718012849848964
WP_STRIATED_MUSCLE_CONTRACTION_PATHWAY	1	1	1	1	1	1	1	1	1	1	1	1	1	1	1	1	1	1	1	1	1	1	1	1	1	1	1	0.0005231740270928986	1	1	1	1	1	1	1	1	0.005045299483114607
WP_SUDDEN_INFANT_DEATH_SYNDROME_SIDS_SUSCEPTIBILITY_PATHWAYS	1	1	1	1	1	1	1	1	1	1	1	0.010687298739127105	1	1	1	1	1	1	1	1	1	1	1	1	1	1	1	1	1	1	1	1	1	1	1	1	1
WP_VEGFAVEGFR2_SIGNALING_PATHWAY	1	1	1	1	1	1	1	0.06705323675079178	0.04937064968708449	1	1	1	1	1	1	1	1	1	1	1	1	1	0.019046086154993702	1	1	1	0.07572727676259072	1	1	1	1	1	1	1	1	1	1
WP_VITAMIN_D_RECEPTOR_PATHWAY	1	1	1	1	1	1	0.05822449127957763	1	1	1	1	1	1	1	1	1	1	1	1	1	1	1	1	1	1	1	1	1	1	1	0.0028248096799163847	1	1	1	1	1	1
WP_WNT_SIGNALING	1	1	1	1	1	1	0.025346664519936057	1	1	1	1	1	0.009714536055030143	1	1	0.017458313027777894	1	1	1	1	1	1	1	1	1	1	1	1	1	1	1	1	1	1	1	1	0.04242289743359873
