	AEBP1	ARX	ASCL1	ASCL2	EBF3	ETV1	FEV	FOXD4L5	FOXP2	GATA2	HES4	HMBOX1	LMX1A	LMX1B	MAFA	MAFB	NEUROD1	NEUROD2	NEUROG3	NHLH1	NR4A3	PAX4	PAX6	PBX3	POU2F2	POU5F1	RFX6	SIX2	SMAD9	SOX4	SPIB	TFCP2L1	TP73	ZNF846
KEGG_MATURITY_ONSET_DIABETES_OF_THE_YOUNG	1	1	1	1	1	1	1	1	1	1	1	1	1	1	1	1	1	1	1	1	1	1	1	1	1	1	0.170853193532	1	1	1	1	1	1	1
REACTOME_CA2_ACTIVATED_K_CHANNELS	1	1	1	1	1	1	1	1	1	1	1	1	1	1	1	1	1	1	0.724112304169	1	1	1	0.88103968498	1	1	1	1	1	1	1	1	1	1	1
REACTOME_CARDIAC_CONDUCTION	1	1	1	1	1	0.528713428674	0.181675820529	1	1	1	1	1	1	1	1	0.485163361272	1	0.264645923841	0.0608949740984	1	1	1	1	1	1	1	0.563418153386	1	0.343448289425	1	1	1	1	1
REACTOME_CHYLOMICRON_ASSEMBLY	1	1	1	1	1	1	1	1	1	1	0.493600849467	1	1	1	1	1	1	1	1	1	1	1	1	1	1	1	1	1	1	1	1	1	1	1
REACTOME_CHYLOMICRON_REMODELING	1	1	1	1	1	1	1	1	1	1	0.493600849467	1	1	1	1	1	1	1	1	1	1	1	1	1	1	1	1	1	1	1	1	1	1	1
REACTOME_GABA_B_RECEPTOR_ACTIVATION	1	1	1	1	1	1	1	1	1	1	1	1	1	1	1	1	1	1	1	1	1	1	1	1	1	1	1	1	1	1	0.536924238557	1	1	1
REACTOME_G_ALPHA_I_SIGNALLING_EVENTS	1	1	1	1	1	1	1	1	1	1	1	1	1	1	1	1	1	1	1	1	0.0095763948314	1	1	1	1	1	1	1	1	0.726347117034	1	0.115577099419	1	1
REACTOME_G_ALPHA_Q_SIGNALLING_EVENTS	1	1	1	1	1	1	1	1	1	0.8270883296	1	1	1	1	1	1	1	1	1	1	1	1	1	1	1	1	1	1	1	1	1	1	1	1
REACTOME_INCRETIN_SYNTHESIS_SECRETION_AND_INACTIVATION	1	1	1	1	1	1	1	1	1	1	1	1	0.19457818042	1	1	1	1	1	1	1	1	1	1	1	1	1	1	1	1	1	1	1	1	1
REACTOME_INSULIN_PROCESSING	1	1	1	1	1	1	1	1	1	1	1	1	0.0246164580523	1	1	1	1	1	1	1	1	1	1	1	1	1	1	1	1	1	1	1	1	1
REACTOME_INTEGRATION_OF_ENERGY_METABOLISM	1	1	1	1	1	1	0.452738521825	1	1	1	1	1	1	1	1	1	1	1	1	1	1	1	1	1	1	1	1	1	1	0.936049044903	1	1	1	1
REACTOME_MUSCLE_CONTRACTION	1	1	1	1	1	1	1	1	1	1	1	1	1	1	1	1	1	0.603806852178	0.77386530974	1	1	1	1	1	1	1	0.988318596354	1	0.564372948957	1	1	1	1	1
REACTOME_NEURONAL_SYSTEM	1	8.26112824145e-05	0.000150448283945	0.0748442105797	1	3.06948516937e-06	2.16418764853e-06	0.181435808542	0.0517715120003	0.00269831036381	1	0.0513265850614	1.09045574106e-05	0.0108867016783	4.53048880411e-05	6.95576273912e-06	0.0806878714418	1	0.0290890191019	1	0.000130487070852	0.51744863441	0.278729319781	0.0129750413116	0.118682736408	0.288485504772	3.66903675242e-06	0.000632044786796	2.91440962541e-05	2.79193985087e-06	0.000338202361265	3.45454486961e-05	0.271502155222	1
REACTOME_NEUROTOXICITY_OF_CLOSTRIDIUM_TOXINS	1	1	1	1	1	1	0.163027318768	1	1	1	1	1	1	1	1	1	1	1	1	1	1	1	1	1	1	1	1	1	1	0.230955584839	1	1	1	1
REACTOME_NEUROTRANSMITTER_RECEPTORS_AND_POSTSYNAPTIC_SIGNAL_TRANSMISSION	1	1	1	1	1	1	1	1	1	1	1	1	1	1	1	1	1	1	1	1	1	1	1	1	1	1	0.175803275961	1	1	0.640017302111	1	1	1	1
REACTOME_PEPTIDE_HORMONE_METABOLISM	0.916034627354	1	1	1	0.254646252495	0.259388061213	0.00749196532189	1	1	0.00382835197587	1	1	1.30874350757e-06	1	1	1	1	1	1	1	1	1	1	1	1	1	1	1	1	0.0171143973148	1	1	1	1
REACTOME_PHASE_0_RAPID_DEPOLARISATION	1	1	1	1	1	0.240643453143	0.377666266321	1	1	1	1	1	1	1	1	1	1	1	0.014143222647	1	1	1	1	1	1	1	1	1	1	1	1	1	1	1
REACTOME_POTASSIUM_CHANNELS	1	0.0707772142157	0.000137587716789	0.515579211698	1	4.22840206871e-06	0.0383828615394	1	1	1	1	1	0.100329942134	1	0.00163575386532	7.0965015837e-06	0.000987949661354	1	0.00249851112447	0.881517783966	1	1	0.366213639372	0.624871891711	0.0267150688344	0.694324267287	0.286455515748	1	0.0190115767833	2.55153209341e-05	0.53418581421	0.680258034156	1	0.99301110031
REACTOME_REGULATION_OF_GENE_EXPRESSION_IN_ENDOCRINE_COMMITTED_NEUROG3_PROGENITOR_CELLS	1	1	1	1	1	1	1	1	1	1	1	1	1	1	1	1	0.00292205403961	1	1	1	1	1	1	1	1	1	0.0327951127772	1	1	1	1	1	1	1
REACTOME_REGULATION_OF_INSULIN_SECRETION	1	1	1	1	1	1	0.867409952953	1	1	1	1	1	0.580048415759	1	1	1	1	1	1	1	1	1	1	1	1	1	1	1	1	1	1	1	1	1
REACTOME_SYNTHESIS_SECRETION_AND_INACTIVATION_OF_GLUCOSE_DEPENDENT_INSULINOTROPIC_POLYPEPTIDE_GIP_	1	1	1	1	1	0.588843494664	0.790791286652	1	1	1	1	1	0.00376245530611	1	1	1	1	1	1	1	1	1	1	1	1	1	1	1	1	1	1	1	1	1
REACTOME_TRANSMISSION_ACROSS_CHEMICAL_SYNAPSES	1	0.0211595374664	1	1	1	1	0.0375268973969	1	1	1	1	1	0.00683722353229	1	1	1	1	1	1	1	0.0287142390843	1	1	0.642606097822	1	1	0.00105053320913	1	0.0925303017711	0.120817734754	0.0939921662701	0.146498568091	1	1
WP_CALCIUM_REGULATION_IN_THE_CARDIAC_CELL	1	0.0116396784527	1	1	1	1	0.632037525883	1	1	1	1	1	1	1	1	1	1	1	1	1	1	1	1	1	1	1	1	1	1	1	1	1	1	1
WP_DOPAMINERGIC_NEUROGENESIS	1	1	1	1	1	1	1	1	1	1	1	1	1	1	1	1	1	1	1	1	1	1	1	1	1	1	0.540845403496	1	1	1	1	1	1	1
WP_NICOTINE_ACTIVITY_ON_DOPAMINERGIC_NEURONS	1	1	1	1	1	1	1	1	1	1	1	0.127213431994	1	1	1	1	1	1	1	1	0.0983915332841	1	1	1	1	1	1	1	1	0.900126420511	1	1	1	1
WP_SUDDEN_INFANT_DEATH_SYNDROME_SIDS_SUSCEPTIBILITY_PATHWAYS	1	1	1	1	1	1	1	1	1	0.226185074596	1	1	1	1	1	1	0.702496940102	1	1	1	1	1	1	1	1	1	0.00963299700139	1	1	1	1	1	1	1
WP_SYNAPTIC_VESICLE_PATHWAY	1	1	1	1	1	1	1	1	1	1	1	1	0.225937735589	0.187381984388	1	1	1	1	1	1	1	1	1	0.4376895508	1	1	1	1	1	1	1	1	1	1
